# Dead time factor = 1.00000
0 0
1 0
2 0
3 0
4 0
5 0
6 0
7 0
8 0
9 0
10 0
11 0
12 0
13 0
14 0
15 0
16 0
17 0
18 0
19 0
20 0
21 27
22 23
23 23
24 30
25 20
26 32
27 28
28 36
29 27
30 26
31 28
32 38
33 39
34 44
35 44
36 51
37 42
38 38
39 38
40 38
41 31
42 30
43 41
44 31
45 61
46 64
47 82
48 93
49 124
50 151
51 185
52 146
53 121
54 116
55 87
56 78
57 64
58 48
59 42
60 34
61 34
62 38
63 38
64 24
65 40
66 31
67 43
68 32
69 26
70 23
71 28
72 24
73 25
74 21
75 32
76 22
77 25
78 38
79 23
80 33
81 35
82 32
83 32
84 34
85 31
86 33
87 30
88 32
89 23
90 31
91 29
92 33
93 28
94 27
95 31
96 27
97 32
98 30
99 31
100 16
101 25
102 24
103 21
104 15
105 20
106 25
107 19
108 25
109 24
110 19
111 31
112 15
113 27
114 25
115 19
116 21
117 12
118 24
119 27
120 26
121 24
122 22
123 18
124 20
125 16
126 22
127 19
128 18
129 21
130 18
131 18
132 18
133 22
134 24
135 20
136 19
137 22
138 9
139 18
140 22
141 16
142 19
143 14
144 14
145 22
146 18
147 15
148 17
149 26
150 21
151 21
152 21
153 20
154 9
155 20
156 28
157 23
158 17
159 16
160 23
161 19
162 29
163 21
164 33
165 21
166 32
167 30
168 41
169 27
170 37
171 46
172 36
173 36
174 45
175 38
176 35
177 24
178 37
179 27
180 24
181 17
182 17
183 20
184 14
185 16
186 17
187 25
188 17
189 15
190 14
191 16
192 14
193 15
194 14
195 13
196 16
197 11
198 14
199 11
200 12
201 9
202 17
203 19
204 17
205 15
206 11
207 15
208 15
209 11
210 16
211 16
212 14
213 15
214 10
215 19
216 9
217 16
218 7
219 8
220 13
221 13
222 14
223 20
224 24
225 13
226 13
227 16
228 15
229 7
230 15
231 15
232 15
233 13
234 8
235 9
236 13
237 13
238 13
239 11
240 12
241 7
242 16
243 14
244 12
245 13
246 9
247 10
248 10
249 19
250 14
251 20
252 9
253 12
254 21
255 12
256 16
257 13
258 13
259 12
260 18
261 18
262 10
263 11
264 9
265 15
266 15
267 10
268 12
269 10
270 15
271 12
272 17
273 8
274 7
275 9
276 9
277 6
278 8
279 12
280 10
281 5
282 19
283 14
284 8
285 13
286 8
287 8
288 10
289 13
290 12
291 7
292 14
293 10
294 8
295 14
296 11
297 8
298 12
299 14
300 13
301 13
302 12
303 11
304 13
305 16
306 10
307 9
308 16
309 12
310 13
311 10
312 11
313 4
314 11
315 11
316 12
317 13
318 18
319 11
320 13
321 13
322 15
323 8
324 9
325 7
326 19
327 13
328 9
329 9
330 7
331 10
332 12
333 9
334 5
335 12
336 11
337 9
338 11
339 14
340 18
341 11
342 11
343 19
344 11
345 16
346 12
347 15
348 14
349 12
350 12
351 14
352 11
353 10
354 11
355 17
356 18
357 11
358 14
359 12
360 11
361 9
362 13
363 9
364 11
365 12
366 3
367 9
368 8
369 3
370 5
371 9
372 17
373 11
374 7
375 8
376 9
377 15
378 8
379 5
380 14
381 9
382 5
383 13
384 13
385 7
386 13
387 11
388 7
389 8
390 6
391 12
392 17
393 10
394 8
395 13
396 10
397 11
398 11
399 13
400 11
401 7
402 10
403 12
404 11
405 8
406 12
407 2
408 11
409 7
410 6
411 7
412 11
413 7
414 9
415 16
416 7
417 16
418 8
419 9
420 12
421 8
422 13
423 6
424 12
425 4
426 7
427 8
428 7
429 9
430 13
431 7
432 10
433 13
434 6
435 8
436 16
437 10
438 6
439 11
440 7
441 14
442 11
443 8
444 8
445 14
446 10
447 6
448 5
449 8
450 14
451 18
452 11
453 8
454 10
455 7
456 5
457 13
458 7
459 12
460 3
461 8
462 10
463 13
464 11
465 8
466 5
467 9
468 10
469 9
470 5
471 10
472 8
473 13
474 8
475 8
476 7
477 12
478 19
479 10
480 8
481 10
482 7
483 11
484 10
485 7
486 4
487 7
488 14
489 7
490 9
491 5
492 10
493 7
494 13
495 5
496 4
497 9
498 11
499 9
500 8
501 10
502 9
503 9
504 11
505 8
506 7
507 9
508 8
509 11
510 11
511 6
512 10
513 12
514 5
515 8
516 8
517 8
518 5
519 10
520 13
521 7
522 16
523 16
524 7
525 11
526 12
527 7
528 8
529 11
530 10
531 2
532 11
533 8
534 5
535 6
536 6
537 4
538 4
539 5
540 11
541 4
542 6
543 8
544 8
545 5
546 8
547 11
548 6
549 10
550 13
551 7
552 6
553 8
554 12
555 6
556 9
557 9
558 8
559 14
560 10
561 11
562 5
563 14
564 8
565 8
566 10
567 12
568 15
569 10
570 6
571 8
572 2
573 11
574 9
575 7
576 5
577 8
578 5
579 10
580 7
581 10
582 4
583 9
584 8
585 8
586 11
587 15
588 10
589 7
590 8
591 7
592 7
593 11
594 10
595 12
596 14
597 11
598 7
599 7
600 10
601 3
602 10
603 11
604 9
605 5
606 8
607 13
608 6
609 10
610 9
611 14
612 11
613 15
614 6
615 6
616 13
617 5
618 6
619 10
620 10
621 5
622 5
623 5
624 9
625 10
626 6
627 7
628 6
629 10
630 6
631 9
632 10
633 4
634 11
635 5
636 11
637 7
638 6
639 11
640 7
641 8
642 10
643 9
644 13
645 17
646 6
647 6
648 6
649 8
650 10
651 10
652 11
653 7
654 9
655 9
656 8
657 10
658 6
659 3
660 9
661 10
662 7
663 11
664 8
665 10
666 9
667 4
668 14
669 11
670 7
671 12
672 7
673 10
674 9
675 14
676 14
677 10
678 9
679 6
680 9
681 8
682 3
683 9
684 6
685 13
686 11
687 9
688 13
689 14
690 6
691 10
692 10
693 11
694 8
695 14
696 11
697 13
698 9
699 12
700 16
701 13
702 15
703 8
704 11
705 10
706 8
707 17
708 8
709 9
710 10
711 4
712 7
713 8
714 4
715 9
716 1
717 8
718 13
719 9
720 8
721 9
722 8
723 13
724 8
725 11
726 7
727 17
728 7
729 9
730 7
731 6
732 8
733 10
734 7
735 12
736 6
737 15
738 8
739 9
740 5
741 11
742 10
743 10
744 4
745 6
746 9
747 12
748 11
749 9
750 10
751 10
752 6
753 6
754 4
755 12
756 15
757 12
758 7
759 12
760 9
761 8
762 16
763 6
764 8
765 10
766 9
767 12
768 10
769 8
770 10
771 10
772 11
773 8
774 15
775 8
776 12
777 10
778 7
779 10
780 10
781 7
782 7
783 7
784 13
785 13
786 5
787 15
788 10
789 16
790 15
791 11
792 6
793 8
794 6
795 11
796 10
797 5
798 10
799 10
800 3
801 10
802 16
803 14
804 7
805 9
806 10
807 16
808 11
809 8
810 8
811 7
812 15
813 8
814 9
815 13
816 7
817 9
818 14
819 7
820 9
821 5
822 9
823 8
824 13
825 6
826 15
827 6
828 6
829 14
830 10
831 10
832 8
833 11
834 7
835 8
836 8
837 13
838 11
839 13
840 11
841 9
842 9
843 8
844 9
845 9
846 8
847 7
848 11
849 5
850 14
851 5
852 8
853 6
854 14
855 17
856 14
857 11
858 12
859 8
860 10
861 12
862 11
863 14
864 12
865 11
866 10
867 4
868 11
869 7
870 16
871 9
872 13
873 8
874 13
875 9
876 10
877 9
878 7
879 8
880 12
881 11
882 6
883 14
884 7
885 10
886 14
887 8
888 13
889 13
890 9
891 12
892 8
893 16
894 6
895 13
896 10
897 10
898 15
899 12
900 9
901 7
902 12
903 12
904 8
905 8
906 14
907 12
908 13
909 13
910 11
911 14
912 11
913 6
914 13
915 9
916 4
917 11
918 7
919 13
920 9
921 7
922 4
923 12
924 8
925 12
926 12
927 15
928 14
929 12
930 5
931 11
932 12
933 14
934 7
935 12
936 9
937 13
938 11
939 8
940 6
941 13
942 13
943 14
944 10
945 8
946 12
947 13
948 14
949 15
950 6
951 6
952 7
953 15
954 12
955 10
956 6
957 17
958 7
959 12
960 14
961 10
962 8
963 9
964 14
965 16
966 9
967 12
968 11
969 13
970 9
971 10
972 9
973 11
974 7
975 9
976 11
977 11
978 19
979 17
980 15
981 19
982 10
983 15
984 6
985 12
986 9
987 10
988 9
989 5
990 13
991 9
992 9
993 10
994 8
995 17
996 11
997 5
998 11
999 5
1000 13
1001 12
1002 11
1003 16
1004 11
1005 17
1006 11
1007 10
1008 12
1009 14
1010 8
1011 8
1012 18
1013 14
1014 17
1015 11
1016 14
1017 11
1018 13
1019 12
1020 11
1021 12
1022 13
1023 16
1024 11
1025 6
1026 7
1027 14
1028 12
1029 8
1030 10
1031 15
1032 14
1033 10
1034 15
1035 16
1036 13
1037 11
1038 17
1039 11
1040 12
1041 9
1042 16
1043 15
1044 12
1045 15
1046 8
1047 13
1048 20
1049 9
1050 13
1051 13
1052 12
1053 17
1054 12
1055 9
1056 14
1057 17
1058 14
1059 10
1060 13
1061 12
1062 17
1063 15
1064 13
1065 21
1066 9
1067 13
1068 18
1069 15
1070 14
1071 16
1072 21
1073 18
1074 12
1075 12
1076 15
1077 12
1078 15
1079 15
1080 15
1081 12
1082 17
1083 17
1084 14
1085 11
1086 15
1087 17
1088 14
1089 21
1090 24
1091 20
1092 16
1093 22
1094 23
1095 13
1096 16
1097 12
1098 19
1099 14
1100 18
1101 16
1102 23
1103 20
1104 9
1105 16
1106 15
1107 20
1108 20
1109 19
1110 16
1111 21
1112 24
1113 26
1114 22
1115 22
1116 16
1117 23
1118 31
1119 13
1120 27
1121 33
1122 22
1123 29
1124 20
1125 29
1126 22
1127 19
1128 17
1129 19
1130 29
1131 25
1132 21
1133 10
1134 27
1135 21
1136 20
1137 22
1138 25
1139 22
1140 18
1141 17
1142 27
1143 23
1144 20
1145 18
1146 24
1147 19
1148 27
1149 18
1150 12
1151 14
1152 28
1153 19
1154 22
1155 23
1156 18
1157 27
1158 22
1159 16
1160 19
1161 16
1162 29
1163 19
1164 26
1165 33
1166 23
1167 24
1168 17
1169 18
1170 17
1171 21
1172 16
1173 18
1174 22
1175 17
1176 22
1177 14
1178 16
1179 17
1180 21
1181 21
1182 20
1183 14
1184 15
1185 23
1186 13
1187 18
1188 24
1189 16
1190 14
1191 25
1192 23
1193 22
1194 21
1195 24
1196 25
1197 18
1198 16
1199 16
1200 16
1201 32
1202 25
1203 23
1204 21
1205 13
1206 18
1207 16
1208 24
1209 32
1210 20
1211 21
1212 21
1213 28
1214 7
1215 24
1216 16
1217 16
1218 31
1219 12
1220 21
1221 19
1222 20
1223 27
1224 20
1225 17
1226 27
1227 30
1228 22
1229 22
1230 24
1231 20
1232 29
1233 22
1234 27
1235 24
1236 23
1237 22
1238 28
1239 17
1240 16
1241 23
1242 26
1243 32
1244 28
1245 36
1246 31
1247 23
1248 30
1249 35
1250 30
1251 25
1252 35
1253 26
1254 29
1255 27
1256 30
1257 32
1258 37
1259 32
1260 33
1261 29
1262 31
1263 23
1264 27
1265 27
1266 33
1267 25
1268 33
1269 34
1270 22
1271 25
1272 29
1273 30
1274 28
1275 38
1276 35
1277 31
1278 32
1279 17
1280 26
1281 29
1282 25
1283 33
1284 40
1285 30
1286 30
1287 37
1288 26
1289 28
1290 38
1291 39
1292 34
1293 34
1294 31
1295 41
1296 40
1297 40
1298 37
1299 40
1300 35
1301 42
1302 37
1303 30
1304 45
1305 42
1306 37
1307 41
1308 38
1309 34
1310 34
1311 29
1312 32
1313 36
1314 35
1315 31
1316 33
1317 21
1318 29
1319 34
1320 32
1321 32
1322 28
1323 37
1324 36
1325 33
1326 46
1327 35
1328 24
1329 36
1330 24
1331 28
1332 31
1333 33
1334 28
1335 21
1336 37
1337 33
1338 28
1339 29
1340 25
1341 24
1342 32
1343 29
1344 27
1345 29
1346 34
1347 20
1348 19
1349 29
1350 28
1351 22
1352 18
1353 26
1354 27
1355 24
1356 28
1357 16
1358 29
1359 24
1360 25
1361 30
1362 20
1363 24
1364 22
1365 25
1366 17
1367 17
1368 17
1369 27
1370 16
1371 14
1372 25
1373 31
1374 19
1375 16
1376 28
1377 20
1378 24
1379 23
1380 24
1381 26
1382 22
1383 20
1384 27
1385 18
1386 26
1387 13
1388 17
1389 26
1390 26
1391 26
1392 17
1393 14
1394 27
1395 14
1396 23
1397 16
1398 26
1399 31
1400 21
1401 25
1402 26
1403 18
1404 23
1405 22
1406 30
1407 23
1408 31
1409 16
1410 29
1411 22
1412 20
1413 21
1414 28
1415 18
1416 27
1417 23
1418 33
1419 34
1420 25
1421 26
1422 23
1423 23
1424 28
1425 28
1426 26
1427 27
1428 26
1429 36
1430 37
1431 33
1432 31
1433 41
1434 24
1435 30
1436 39
1437 31
1438 23
1439 39
1440 37
1441 28
1442 33
1443 41
1444 27
1445 43
1446 30
1447 36
1448 24
1449 28
1450 33
1451 50
1452 37
1453 36
1454 33
1455 32
1456 30
1457 44
1458 34
1459 44
1460 37
1461 31
1462 33
1463 38
1464 20
1465 33
1466 45
1467 35
1468 30
1469 33
1470 32
1471 40
1472 35
1473 40
1474 43
1475 34
1476 34
1477 27
1478 29
1479 35
1480 28
1481 39
1482 43
1483 38
1484 45
1485 31
1486 25
1487 22
1488 23
1489 24
1490 27
1491 34
1492 16
1493 27
1494 44
1495 25
1496 25
1497 23
1498 15
1499 19
1500 24
1501 24
1502 20
1503 28
1504 23
1505 13
1506 20
1507 23
1508 23
1509 26
1510 17
1511 15
1512 18
1513 14
1514 19
1515 11
1516 19
1517 16
1518 19
1519 11
1520 20
1521 16
1522 11
1523 13
1524 17
1525 13
1526 13
1527 12
1528 8
1529 12
1530 14
1531 15
1532 13
1533 7
1534 10
1535 14
1536 3
1537 12
1538 8
1539 11
1540 8
1541 4
1542 11
1543 4
1544 8
1545 5
1546 16
1547 10
1548 7
1549 7
1550 9
1551 8
1552 7
1553 5
1554 9
1555 8
1556 6
1557 10
1558 8
1559 4
1560 3
1561 6
1562 9
1563 8
1564 8
1565 10
1566 5
1567 6
1568 5
1569 5
1570 5
1571 4
1572 6
1573 5
1574 7
1575 5
1576 8
1577 7
1578 5
1579 12
1580 7
1581 7
1582 10
1583 5
1584 5
1585 4
1586 7
1587 7
1588 4
1589 11
1590 10
1591 6
1592 9
1593 3
1594 6
1595 7
1596 8
1597 1
1598 9
1599 7
1600 8
1601 13
1602 11
1603 10
1604 5
1605 8
1606 9
1607 7
1608 8
1609 7
1610 9
1611 10
1612 11
1613 12
1614 10
1615 11
1616 8
1617 5
1618 8
1619 9
1620 13
1621 8
1622 6
1623 10
1624 13
1625 7
1626 8
1627 9
1628 7
1629 7
1630 8
1631 8
1632 8
1633 9
1634 16
1635 9
1636 9
1637 9
1638 10
1639 13
1640 4
1641 3
1642 6
1643 9
1644 12
1645 7
1646 5
1647 11
1648 5
1649 6
1650 6
1651 10
1652 3
1653 7
1654 6
1655 4
1656 6
1657 4
1658 1
1659 6
1660 4
1661 5
1662 3
1663 1
1664 2
1665 1
1666 2
1667 5
1668 4
1669 0
1670 2
1671 2
1672 1
1673 6
1674 3
1675 2
1676 4
1677 3
1678 3
1679 4
1680 2
1681 3
1682 1
1683 2
1684 2
1685 3
1686 2
1687 3
1688 1
1689 1
1690 1
1691 1
1692 2
1693 3
1694 0
1695 1
1696 4
1697 1
1698 1
1699 1
1700 1
1701 4
1702 0
1703 0
1704 0
1705 1
1706 1
1707 2
1708 2
1709 1
1710 0
1711 0
1712 1
1713 0
1714 0
1715 0
1716 0
1717 0
1718 0
1719 0
1720 0
1721 1
1722 1
1723 1
1724 2
1725 0
1726 0
1727 0
1728 1
1729 0
1730 1
1731 0
1732 0
1733 0
1734 1
1735 0
1736 0
1737 0
1738 0
1739 0
1740 0
1741 0
1742 0
1743 0
1744 0
1745 1
1746 1
1747 0
1748 0
1749 2
1750 0
1751 0
1752 0
1753 0
1754 2
1755 0
1756 0
1757 0
1758 0
1759 0
1760 0
1761 1
1762 0
1763 0
1764 0
1765 0
1766 0
1767 0
1768 0
1769 0
1770 0
1771 0
1772 1
1773 0
1774 0
1775 0
1776 0
1777 0
1778 0
1779 0
1780 0
1781 0
1782 0
1783 0
1784 0
1785 0
1786 0
1787 0
1788 0
1789 1
1790 0
1791 0
1792 0
1793 2
1794 0
1795 0
1796 0
1797 1
1798 0
1799 0
1800 0
1801 0
1802 0
1803 0
1804 0
1805 0
1806 0
1807 0
1808 0
1809 1
1810 0
1811 0
1812 0
1813 1
1814 0
1815 0
1816 0
1817 0
1818 0
1819 0
1820 0
1821 1
1822 0
1823 0
1824 1
1825 0
1826 0
1827 0
1828 1
1829 1
1830 0
1831 0
1832 0
1833 3
1834 0
1835 0
1836 0
1837 0
1838 0
1839 1
1840 1
1841 0
1842 0
1843 0
1844 0
1845 0
1846 0
1847 1
1848 0
1849 0
1850 0
1851 0
1852 0
1853 0
1854 0
1855 0
1856 1
1857 0
1858 0
1859 0
1860 0
1861 1
1862 0
1863 1
1864 0
1865 1
1866 0
1867 0
1868 1
1869 0
1870 0
1871 1
1872 1
1873 0
1874 0
1875 0
1876 1
1877 0
1878 0
1879 1
1880 0
1881 1
1882 0
1883 0
1884 1
1885 0
1886 3
1887 0
1888 0
1889 1
1890 0
1891 0
1892 1
1893 0
1894 0
1895 2
1896 0
1897 0
1898 0
1899 0
1900 1
1901 0
1902 0
1903 0
1904 0
1905 1
1906 0
1907 0
1908 1
1909 0
1910 0
1911 0
1912 0
1913 0
1914 0
1915 0
1916 0
1917 1
1918 0
1919 0
1920 0
1921 1
1922 0
1923 1
1924 0
1925 0
1926 2
1927 0
1928 0
1929 0
1930 1
1931 0
1932 0
1933 1
1934 2
1935 1
1936 0
1937 0
1938 0
1939 0
1940 0
1941 1
1942 1
1943 0
1944 0
1945 1
1946 0
1947 1
1948 1
1949 0
1950 0
1951 0
1952 0
1953 1
1954 0
1955 1
1956 1
1957 0
1958 0
1959 0
1960 0
1961 0
1962 1
1963 0
1964 0
1965 1
1966 1
1967 0
1968 0
1969 0
1970 1
1971 0
1972 0
1973 0
1974 0
1975 0
1976 0
1977 0
1978 1
1979 0
1980 0
1981 0
1982 0
1983 0
1984 1
1985 0
1986 0
1987 0
1988 1
1989 0
1990 2
1991 0
1992 0
1993 0
1994 0
1995 0
1996 0
1997 0
1998 1
1999 0
2000 1
2001 1
2002 0
2003 0
2004 0
2005 1
2006 1
2007 1
2008 0
2009 0
2010 0
2011 0
2012 0
2013 1
2014 0
2015 0
2016 0
2017 0
2018 0
2019 0
2020 0
2021 2
2022 0
2023 0
2024 1
2025 2
2026 0
2027 0
2028 2
2029 0
2030 0
2031 0
2032 0
2033 0
2034 0
2035 0
2036 0
2037 0
2038 0
2039 0
2040 0
2041 0
2042 0
2043 0
2044 0
2045 0
2046 0
2047 0
