# Dead time factor = 1.00000
0 0
1 0
2 0
3 0
4 0
5 0
6 0
7 0
8 0
9 0
10 0
11 0
12 0
13 0
14 0
15 0
16 0
17 0
18 0
19 0
20 5
21 32
22 36
23 34
24 38
25 33
26 24
27 42
28 40
29 43
30 29
31 48
32 32
33 33
34 34
35 46
36 44
37 48
38 47
39 51
40 52
41 56
42 41
43 46
44 42
45 60
46 64
47 90
48 108
49 140
50 176
51 165
52 179
53 151
54 119
55 101
56 70
57 65
58 58
59 41
60 44
61 36
62 38
63 34
64 47
65 43
66 47
67 31
68 33
69 33
70 38
71 31
72 31
73 29
74 22
75 38
76 29
77 38
78 24
79 39
80 50
81 35
82 41
83 40
84 36
85 52
86 31
87 39
88 30
89 35
90 47
91 32
92 33
93 33
94 24
95 35
96 32
97 33
98 27
99 29
100 34
101 29
102 17
103 21
104 25
105 28
106 32
107 22
108 21
109 34
110 30
111 30
112 22
113 29
114 28
115 14
116 24
117 32
118 20
119 16
120 22
121 26
122 15
123 23
124 16
125 18
126 22
127 19
128 15
129 24
130 24
131 20
132 18
133 17
134 16
135 21
136 15
137 23
138 22
139 18
140 19
141 15
142 27
143 21
144 15
145 27
146 16
147 23
148 19
149 21
150 16
151 19
152 20
153 22
154 24
155 21
156 19
157 19
158 22
159 18
160 27
161 29
162 27
163 31
164 38
165 25
166 39
167 28
168 28
169 43
170 34
171 36
172 39
173 54
174 32
175 52
176 38
177 48
178 31
179 43
180 30
181 23
182 24
183 26
184 22
185 22
186 21
187 28
188 18
189 18
190 21
191 18
192 23
193 23
194 17
195 16
196 19
197 13
198 18
199 19
200 14
201 20
202 14
203 14
204 18
205 15
206 12
207 18
208 13
209 13
210 19
211 12
212 15
213 21
214 12
215 18
216 16
217 12
218 18
219 15
220 18
221 13
222 11
223 24
224 7
225 12
226 12
227 9
228 15
229 21
230 15
231 18
232 18
233 11
234 15
235 15
236 15
237 17
238 15
239 15
240 19
241 14
242 14
243 9
244 20
245 19
246 20
247 16
248 19
249 14
250 12
251 16
252 12
253 21
254 11
255 10
256 20
257 17
258 16
259 14
260 21
261 13
262 13
263 16
264 13
265 22
266 19
267 8
268 12
269 13
270 12
271 11
272 10
273 17
274 19
275 12
276 13
277 10
278 7
279 11
280 14
281 9
282 17
283 14
284 6
285 11
286 19
287 13
288 10
289 11
290 14
291 12
292 11
293 9
294 12
295 19
296 11
297 17
298 5
299 12
300 10
301 11
302 9
303 19
304 14
305 11
306 11
307 11
308 17
309 5
310 15
311 19
312 21
313 7
314 6
315 13
316 10
317 13
318 20
319 17
320 11
321 9
322 14
323 7
324 7
325 16
326 14
327 15
328 13
329 13
330 12
331 13
332 15
333 18
334 14
335 11
336 14
337 13
338 10
339 16
340 15
341 14
342 15
343 19
344 11
345 11
346 15
347 12
348 19
349 16
350 12
351 13
352 17
353 17
354 10
355 24
356 8
357 15
358 10
359 14
360 14
361 10
362 21
363 12
364 13
365 11
366 13
367 12
368 12
369 18
370 15
371 9
372 11
373 14
374 11
375 12
376 13
377 14
378 14
379 10
380 12
381 9
382 13
383 8
384 14
385 17
386 12
387 20
388 6
389 13
390 9
391 10
392 14
393 6
394 9
395 12
396 9
397 9
398 11
399 15
400 12
401 16
402 8
403 4
404 12
405 4
406 5
407 6
408 8
409 8
410 13
411 12
412 10
413 12
414 10
415 10
416 9
417 10
418 8
419 9
420 13
421 13
422 16
423 13
424 10
425 13
426 4
427 13
428 6
429 15
430 14
431 10
432 11
433 12
434 4
435 6
436 9
437 13
438 17
439 9
440 11
441 10
442 8
443 15
444 13
445 7
446 10
447 14
448 14
449 11
450 8
451 16
452 15
453 12
454 11
455 10
456 12
457 7
458 9
459 8
460 15
461 13
462 6
463 12
464 12
465 5
466 11
467 7
468 10
469 7
470 9
471 11
472 11
473 10
474 14
475 10
476 10
477 11
478 8
479 5
480 6
481 10
482 13
483 9
484 9
485 9
486 10
487 17
488 7
489 9
490 14
491 9
492 8
493 15
494 11
495 8
496 10
497 6
498 14
499 6
500 7
501 5
502 14
503 9
504 11
505 5
506 11
507 14
508 11
509 6
510 7
511 4
512 14
513 4
514 13
515 13
516 12
517 9
518 8
519 6
520 7
521 7
522 15
523 10
524 14
525 6
526 10
527 11
528 13
529 9
530 13
531 7
532 7
533 7
534 14
535 9
536 8
537 15
538 11
539 7
540 12
541 12
542 10
543 10
544 11
545 9
546 12
547 10
548 8
549 5
550 10
551 11
552 10
553 10
554 8
555 10
556 7
557 9
558 13
559 12
560 9
561 11
562 7
563 9
564 12
565 10
566 9
567 16
568 10
569 11
570 7
571 5
572 7
573 11
574 12
575 6
576 8
577 12
578 7
579 6
580 11
581 9
582 8
583 6
584 13
585 14
586 11
587 10
588 9
589 9
590 14
591 9
592 11
593 8
594 16
595 11
596 12
597 13
598 10
599 11
600 8
601 19
602 10
603 8
604 10
605 9
606 12
607 11
608 13
609 12
610 9
611 16
612 11
613 9
614 13
615 12
616 10
617 10
618 13
619 12
620 12
621 9
622 9
623 8
624 15
625 9
626 17
627 12
628 15
629 13
630 10
631 10
632 11
633 15
634 10
635 11
636 5
637 9
638 6
639 13
640 11
641 7
642 17
643 11
644 10
645 9
646 9
647 7
648 14
649 11
650 8
651 10
652 13
653 10
654 12
655 10
656 11
657 6
658 10
659 10
660 12
661 15
662 13
663 8
664 12
665 13
666 13
667 13
668 10
669 6
670 9
671 7
672 6
673 10
674 10
675 11
676 10
677 14
678 8
679 7
680 17
681 12
682 7
683 12
684 10
685 10
686 9
687 8
688 8
689 9
690 11
691 16
692 8
693 11
694 9
695 15
696 9
697 9
698 13
699 17
700 14
701 7
702 10
703 19
704 15
705 5
706 13
707 7
708 11
709 4
710 8
711 11
712 14
713 10
714 8
715 12
716 14
717 10
718 7
719 11
720 9
721 13
722 12
723 13
724 12
725 10
726 9
727 9
728 11
729 14
730 12
731 8
732 13
733 13
734 7
735 12
736 13
737 9
738 13
739 14
740 12
741 8
742 14
743 13
744 9
745 8
746 8
747 9
748 10
749 12
750 11
751 10
752 6
753 14
754 7
755 13
756 7
757 8
758 13
759 11
760 8
761 12
762 4
763 11
764 13
765 15
766 15
767 15
768 13
769 14
770 9
771 10
772 8
773 13
774 15
775 7
776 10
777 8
778 10
779 10
780 11
781 10
782 11
783 4
784 11
785 15
786 11
787 17
788 4
789 11
790 11
791 9
792 10
793 8
794 12
795 13
796 19
797 14
798 15
799 10
800 5
801 10
802 13
803 19
804 10
805 9
806 15
807 9
808 12
809 12
810 12
811 13
812 12
813 12
814 12
815 7
816 7
817 9
818 14
819 9
820 14
821 8
822 8
823 13
824 6
825 14
826 8
827 13
828 7
829 14
830 11
831 11
832 12
833 5
834 10
835 11
836 10
837 12
838 13
839 6
840 10
841 11
842 10
843 9
844 10
845 13
846 6
847 12
848 14
849 13
850 11
851 16
852 9
853 6
854 9
855 16
856 12
857 21
858 17
859 6
860 9
861 10
862 13
863 12
864 17
865 14
866 15
867 12
868 14
869 4
870 7
871 18
872 9
873 13
874 13
875 11
876 10
877 13
878 4
879 11
880 8
881 8
882 16
883 7
884 9
885 12
886 16
887 12
888 10
889 18
890 10
891 8
892 9
893 15
894 11
895 13
896 9
897 15
898 15
899 7
900 15
901 13
902 18
903 13
904 10
905 15
906 13
907 12
908 9
909 13
910 13
911 17
912 18
913 11
914 9
915 12
916 9
917 12
918 19
919 10
920 14
921 8
922 10
923 13
924 14
925 7
926 12
927 10
928 12
929 11
930 6
931 16
932 9
933 13
934 18
935 8
936 9
937 9
938 15
939 11
940 11
941 6
942 15
943 10
944 10
945 9
946 16
947 8
948 10
949 18
950 11
951 11
952 8
953 19
954 14
955 12
956 7
957 5
958 11
959 6
960 19
961 13
962 15
963 13
964 16
965 12
966 13
967 12
968 10
969 14
970 17
971 18
972 18
973 16
974 11
975 13
976 10
977 17
978 20
979 14
980 8
981 21
982 16
983 15
984 11
985 9
986 19
987 15
988 16
989 5
990 10
991 16
992 18
993 16
994 10
995 13
996 19
997 15
998 14
999 17
1000 14
1001 19
1002 8
1003 17
1004 16
1005 8
1006 14
1007 15
1008 20
1009 8
1010 21
1011 23
1012 14
1013 19
1014 7
1015 17
1016 11
1017 13
1018 14
1019 19
1020 18
1021 18
1022 14
1023 15
1024 15
1025 13
1026 24
1027 12
1028 12
1029 8
1030 11
1031 15
1032 10
1033 14
1034 11
1035 15
1036 8
1037 17
1038 18
1039 14
1040 16
1041 12
1042 14
1043 19
1044 11
1045 14
1046 19
1047 12
1048 16
1049 13
1050 17
1051 13
1052 14
1053 31
1054 20
1055 13
1056 10
1057 18
1058 16
1059 15
1060 13
1061 23
1062 16
1063 18
1064 21
1065 14
1066 14
1067 27
1068 13
1069 23
1070 16
1071 15
1072 20
1073 24
1074 21
1075 11
1076 17
1077 21
1078 21
1079 14
1080 22
1081 24
1082 16
1083 21
1084 23
1085 20
1086 19
1087 27
1088 20
1089 22
1090 25
1091 14
1092 31
1093 21
1094 22
1095 14
1096 24
1097 17
1098 31
1099 30
1100 14
1101 20
1102 23
1103 24
1104 22
1105 21
1106 22
1107 25
1108 22
1109 34
1110 20
1111 27
1112 25
1113 26
1114 21
1115 25
1116 21
1117 25
1118 28
1119 21
1120 25
1121 38
1122 22
1123 31
1124 30
1125 24
1126 29
1127 24
1128 22
1129 24
1130 21
1131 17
1132 22
1133 26
1134 22
1135 23
1136 26
1137 26
1138 22
1139 19
1140 23
1141 26
1142 27
1143 26
1144 24
1145 27
1146 32
1147 24
1148 25
1149 23
1150 18
1151 19
1152 25
1153 30
1154 22
1155 25
1156 32
1157 26
1158 25
1159 29
1160 25
1161 21
1162 24
1163 22
1164 26
1165 21
1166 18
1167 30
1168 24
1169 16
1170 30
1171 26
1172 17
1173 27
1174 27
1175 21
1176 31
1177 24
1178 27
1179 23
1180 33
1181 32
1182 24
1183 28
1184 25
1185 34
1186 22
1187 21
1188 28
1189 31
1190 28
1191 21
1192 22
1193 21
1194 26
1195 21
1196 28
1197 22
1198 25
1199 22
1200 23
1201 23
1202 21
1203 24
1204 27
1205 26
1206 23
1207 25
1208 22
1209 22
1210 23
1211 20
1212 30
1213 25
1214 21
1215 25
1216 21
1217 34
1218 30
1219 20
1220 24
1221 36
1222 24
1223 23
1224 26
1225 23
1226 34
1227 29
1228 32
1229 22
1230 32
1231 20
1232 32
1233 23
1234 29
1235 31
1236 31
1237 28
1238 30
1239 34
1240 31
1241 27
1242 19
1243 26
1244 31
1245 28
1246 26
1247 29
1248 24
1249 22
1250 34
1251 36
1252 31
1253 42
1254 28
1255 36
1256 27
1257 37
1258 37
1259 43
1260 34
1261 28
1262 29
1263 45
1264 27
1265 26
1266 34
1267 30
1268 36
1269 37
1270 36
1271 46
1272 29
1273 33
1274 38
1275 42
1276 48
1277 23
1278 41
1279 35
1280 33
1281 32
1282 38
1283 51
1284 39
1285 51
1286 44
1287 31
1288 27
1289 34
1290 33
1291 44
1292 46
1293 31
1294 41
1295 45
1296 35
1297 40
1298 40
1299 48
1300 38
1301 32
1302 42
1303 32
1304 35
1305 33
1306 36
1307 47
1308 38
1309 41
1310 42
1311 31
1312 47
1313 50
1314 41
1315 29
1316 47
1317 39
1318 35
1319 40
1320 34
1321 43
1322 48
1323 28
1324 39
1325 42
1326 41
1327 37
1328 27
1329 25
1330 32
1331 27
1332 36
1333 53
1334 37
1335 29
1336 38
1337 26
1338 31
1339 37
1340 31
1341 34
1342 40
1343 30
1344 29
1345 35
1346 26
1347 25
1348 25
1349 36
1350 34
1351 31
1352 27
1353 22
1354 21
1355 21
1356 32
1357 26
1358 32
1359 30
1360 26
1361 26
1362 25
1363 21
1364 36
1365 27
1366 16
1367 26
1368 27
1369 17
1370 31
1371 38
1372 17
1373 32
1374 23
1375 31
1376 27
1377 29
1378 27
1379 36
1380 28
1381 33
1382 21
1383 25
1384 27
1385 26
1386 29
1387 19
1388 30
1389 21
1390 19
1391 17
1392 18
1393 19
1394 32
1395 27
1396 30
1397 22
1398 30
1399 20
1400 27
1401 35
1402 23
1403 32
1404 31
1405 28
1406 31
1407 33
1408 28
1409 30
1410 30
1411 27
1412 33
1413 30
1414 29
1415 24
1416 26
1417 31
1418 34
1419 30
1420 29
1421 36
1422 43
1423 29
1424 29
1425 37
1426 49
1427 34
1428 35
1429 40
1430 36
1431 33
1432 43
1433 34
1434 24
1435 35
1436 39
1437 38
1438 42
1439 37
1440 44
1441 46
1442 28
1443 42
1444 38
1445 50
1446 36
1447 45
1448 40
1449 40
1450 37
1451 50
1452 46
1453 38
1454 27
1455 43
1456 33
1457 47
1458 33
1459 46
1460 42
1461 38
1462 42
1463 38
1464 51
1465 39
1466 44
1467 47
1468 39
1469 38
1470 33
1471 29
1472 34
1473 34
1474 36
1475 37
1476 35
1477 34
1478 42
1479 29
1480 31
1481 33
1482 37
1483 39
1484 32
1485 32
1486 34
1487 33
1488 26
1489 29
1490 30
1491 44
1492 28
1493 34
1494 30
1495 27
1496 42
1497 24
1498 27
1499 28
1500 21
1501 28
1502 25
1503 29
1504 30
1505 23
1506 30
1507 26
1508 24
1509 30
1510 17
1511 21
1512 24
1513 9
1514 14
1515 21
1516 16
1517 20
1518 16
1519 18
1520 22
1521 17
1522 9
1523 10
1524 16
1525 16
1526 13
1527 20
1528 14
1529 17
1530 10
1531 15
1532 15
1533 12
1534 9
1535 7
1536 13
1537 12
1538 3
1539 5
1540 11
1541 8
1542 12
1543 10
1544 7
1545 8
1546 12
1547 10
1548 6
1549 11
1550 8
1551 10
1552 8
1553 5
1554 9
1555 10
1556 7
1557 8
1558 11
1559 12
1560 12
1561 8
1562 11
1563 10
1564 12
1565 7
1566 5
1567 5
1568 4
1569 8
1570 8
1571 9
1572 11
1573 8
1574 6
1575 2
1576 5
1577 10
1578 9
1579 4
1580 6
1581 9
1582 9
1583 9
1584 10
1585 10
1586 8
1587 7
1588 3
1589 9
1590 11
1591 5
1592 14
1593 12
1594 8
1595 11
1596 14
1597 7
1598 5
1599 7
1600 11
1601 13
1602 8
1603 12
1604 15
1605 12
1606 9
1607 9
1608 3
1609 17
1610 12
1611 12
1612 16
1613 13
1614 14
1615 12
1616 11
1617 10
1618 14
1619 11
1620 10
1621 12
1622 9
1623 11
1624 6
1625 10
1626 7
1627 9
1628 7
1629 7
1630 18
1631 12
1632 8
1633 10
1634 12
1635 12
1636 8
1637 15
1638 9
1639 7
1640 3
1641 9
1642 10
1643 10
1644 7
1645 9
1646 6
1647 12
1648 5
1649 6
1650 6
1651 7
1652 9
1653 8
1654 5
1655 4
1656 4
1657 7
1658 4
1659 5
1660 9
1661 3
1662 6
1663 3
1664 3
1665 5
1666 2
1667 7
1668 4
1669 4
1670 2
1671 6
1672 3
1673 1
1674 2
1675 2
1676 2
1677 2
1678 3
1679 2
1680 3
1681 3
1682 3
1683 1
1684 3
1685 1
1686 3
1687 0
1688 1
1689 0
1690 5
1691 0
1692 0
1693 3
1694 1
1695 1
1696 1
1697 3
1698 2
1699 1
1700 0
1701 1
1702 1
1703 1
1704 0
1705 1
1706 0
1707 1
1708 3
1709 2
1710 0
1711 1
1712 1
1713 1
1714 1
1715 5
1716 0
1717 0
1718 1
1719 1
1720 0
1721 3
1722 0
1723 1
1724 1
1725 2
1726 1
1727 0
1728 0
1729 1
1730 0
1731 0
1732 1
1733 0
1734 1
1735 0
1736 0
1737 4
1738 1
1739 0
1740 0
1741 2
1742 1
1743 2
1744 0
1745 0
1746 0
1747 0
1748 0
1749 0
1750 1
1751 2
1752 0
1753 1
1754 0
1755 1
1756 1
1757 0
1758 0
1759 1
1760 1
1761 0
1762 0
1763 1
1764 1
1765 1
1766 1
1767 1
1768 0
1769 0
1770 1
1771 0
1772 0
1773 0
1774 1
1775 0
1776 1
1777 1
1778 2
1779 1
1780 0
1781 0
1782 0
1783 0
1784 0
1785 0
1786 0
1787 1
1788 0
1789 0
1790 0
1791 0
1792 0
1793 0
1794 1
1795 0
1796 3
1797 1
1798 0
1799 0
1800 0
1801 0
1802 0
1803 0
1804 0
1805 1
1806 0
1807 0
1808 0
1809 0
1810 0
1811 1
1812 0
1813 0
1814 0
1815 0
1816 0
1817 0
1818 0
1819 0
1820 0
1821 0
1822 0
1823 0
1824 0
1825 2
1826 0
1827 1
1828 0
1829 1
1830 0
1831 1
1832 0
1833 0
1834 0
1835 0
1836 1
1837 0
1838 1
1839 0
1840 0
1841 0
1842 0
1843 0
1844 0
1845 0
1846 0
1847 0
1848 0
1849 0
1850 0
1851 1
1852 1
1853 1
1854 0
1855 0
1856 0
1857 0
1858 1
1859 0
1860 0
1861 0
1862 2
1863 0
1864 0
1865 0
1866 0
1867 0
1868 0
1869 1
1870 0
1871 1
1872 0
1873 1
1874 1
1875 1
1876 0
1877 0
1878 1
1879 0
1880 1
1881 2
1882 0
1883 0
1884 0
1885 0
1886 1
1887 1
1888 2
1889 0
1890 0
1891 1
1892 0
1893 1
1894 1
1895 0
1896 1
1897 0
1898 1
1899 0
1900 0
1901 0
1902 1
1903 0
1904 0
1905 0
1906 0
1907 1
1908 0
1909 2
1910 0
1911 0
1912 1
1913 2
1914 0
1915 1
1916 0
1917 0
1918 1
1919 0
1920 0
1921 0
1922 0
1923 0
1924 0
1925 1
1926 0
1927 0
1928 0
1929 0
1930 1
1931 0
1932 1
1933 0
1934 0
1935 0
1936 2
1937 1
1938 0
1939 0
1940 1
1941 1
1942 0
1943 0
1944 0
1945 0
1946 0
1947 0
1948 1
1949 1
1950 0
1951 0
1952 1
1953 0
1954 1
1955 0
1956 0
1957 0
1958 0
1959 1
1960 0
1961 0
1962 0
1963 0
1964 0
1965 0
1966 1
1967 0
1968 0
1969 1
1970 0
1971 0
1972 0
1973 0
1974 0
1975 0
1976 0
1977 1
1978 1
1979 0
1980 0
1981 0
1982 0
1983 1
1984 1
1985 2
1986 1
1987 0
1988 2
1989 0
1990 0
1991 0
1992 0
1993 0
1994 0
1995 0
1996 0
1997 0
1998 0
1999 1
2000 0
2001 0
2002 2
2003 1
2004 2
2005 1
2006 0
2007 0
2008 0
2009 0
2010 2
2011 0
2012 2
2013 0
2014 0
2015 0
2016 0
2017 0
2018 0
2019 1
2020 0
2021 0
2022 0
2023 2
2024 1
2025 1
2026 0
2027 0
2028 0
2029 0
2030 0
2031 0
2032 0
2033 0
2034 0
2035 0
2036 0
2037 0
2038 0
2039 0
2040 0
2041 0
2042 0
2043 0
2044 0
2045 0
2046 0
2047 0
