# Dead time factor = 1.00000
0 0
1 0
2 0
3 0
4 0
5 0
6 0
7 0
8 0
9 0
10 0
11 0
12 0
13 0
14 0
15 0
16 0
17 0
18 0
19 0
20 1
21 5
22 7
23 11
24 15
25 14
26 14
27 17
28 9
29 20
30 23
31 18
32 15
33 23
34 19
35 21
36 31
37 21
38 28
39 32
40 21
41 20
42 21
43 19
44 27
45 28
46 31
47 66
48 98
49 118
50 153
51 138
52 141
53 92
54 93
55 50
56 61
57 30
58 23
59 23
60 10
61 13
62 5
63 9
64 15
65 10
66 16
67 13
68 9
69 8
70 12
71 4
72 9
73 9
74 3
75 8
76 13
77 9
78 7
79 11
80 7
81 11
82 9
83 7
84 8
85 14
86 5
87 10
88 6
89 10
90 6
91 7
92 17
93 10
94 12
95 7
96 9
97 9
98 10
99 6
100 6
101 3
102 7
103 8
104 4
105 5
106 6
107 6
108 4
109 4
110 4
111 6
112 8
113 6
114 2
115 3
116 6
117 5
118 3
119 6
120 5
121 3
122 3
123 2
124 13
125 2
126 6
127 4
128 8
129 5
130 10
131 2
132 4
133 2
134 7
135 4
136 4
137 5
138 5
139 2
140 4
141 2
142 4
143 7
144 4
145 6
146 3
147 3
148 4
149 2
150 2
151 5
152 3
153 1
154 7
155 3
156 3
157 1
158 3
159 2
160 7
161 4
162 6
163 4
164 4
165 7
166 7
167 10
168 13
169 8
170 9
171 5
172 11
173 7
174 5
175 8
176 6
177 3
178 4
179 6
180 4
181 8
182 7
183 7
184 3
185 5
186 1
187 3
188 7
189 8
190 4
191 3
192 3
193 3
194 3
195 5
196 6
197 3
198 2
199 3
200 4
201 2
202 5
203 3
204 0
205 6
206 5
207 2
208 2
209 5
210 2
211 2
212 3
213 5
214 5
215 1
216 4
217 2
218 4
219 2
220 1
221 0
222 3
223 2
224 4
225 3
226 6
227 2
228 3
229 3
230 2
231 3
232 1
233 4
234 6
235 4
236 5
237 2
238 6
239 2
240 3
241 3
242 4
243 2
244 2
245 3
246 1
247 4
248 4
249 1
250 2
251 4
252 2
253 2
254 0
255 7
256 2
257 3
258 2
259 5
260 3
261 2
262 6
263 2
264 0
265 3
266 4
267 6
268 1
269 1
270 4
271 4
272 2
273 4
274 6
275 1
276 2
277 0
278 2
279 2
280 3
281 1
282 2
283 2
284 1
285 0
286 4
287 1
288 1
289 2
290 4
291 5
292 1
293 0
294 4
295 2
296 3
297 0
298 3
299 2
300 0
301 3
302 5
303 7
304 2
305 2
306 3
307 11
308 1
309 3
310 6
311 2
312 3
313 0
314 1
315 2
316 4
317 3
318 2
319 0
320 1
321 4
322 1
323 2
324 3
325 2
326 3
327 2
328 2
329 2
330 3
331 1
332 4
333 3
334 1
335 2
336 1
337 0
338 3
339 1
340 2
341 4
342 3
343 1
344 2
345 2
346 1
347 4
348 2
349 0
350 2
351 3
352 2
353 3
354 1
355 2
356 0
357 6
358 2
359 3
360 4
361 3
362 3
363 0
364 2
365 4
366 3
367 3
368 0
369 3
370 1
371 0
372 3
373 1
374 2
375 2
376 1
377 1
378 3
379 3
380 2
381 2
382 1
383 2
384 3
385 2
386 2
387 2
388 1
389 1
390 0
391 2
392 3
393 2
394 1
395 3
396 2
397 1
398 2
399 2
400 5
401 1
402 2
403 2
404 1
405 1
406 2
407 4
408 1
409 4
410 0
411 4
412 1
413 0
414 1
415 4
416 0
417 4
418 2
419 2
420 3
421 2
422 3
423 2
424 5
425 3
426 1
427 0
428 3
429 0
430 7
431 0
432 1
433 4
434 1
435 2
436 2
437 2
438 2
439 3
440 2
441 1
442 1
443 3
444 2
445 1
446 1
447 5
448 3
449 1
450 2
451 3
452 2
453 2
454 0
455 5
456 2
457 4
458 5
459 2
460 1
461 0
462 1
463 1
464 0
465 3
466 3
467 0
468 2
469 1
470 0
471 3
472 3
473 0
474 4
475 1
476 1
477 3
478 1
479 1
480 1
481 2
482 0
483 1
484 1
485 0
486 1
487 3
488 0
489 1
490 2
491 3
492 4
493 3
494 1
495 3
496 2
497 3
498 1
499 1
500 2
501 3
502 4
503 3
504 2
505 2
506 3
507 0
508 1
509 0
510 3
511 2
512 3
513 1
514 1
515 5
516 1
517 3
518 2
519 4
520 4
521 1
522 0
523 0
524 0
525 4
526 1
527 2
528 2
529 3
530 1
531 0
532 4
533 7
534 4
535 0
536 1
537 1
538 2
539 3
540 3
541 0
542 0
543 3
544 2
545 2
546 2
547 3
548 3
549 3
550 0
551 1
552 2
553 0
554 0
555 2
556 2
557 0
558 2
559 0
560 2
561 0
562 2
563 2
564 0
565 2
566 4
567 0
568 1
569 0
570 1
571 2
572 2
573 2
574 2
575 2
576 2
577 2
578 0
579 2
580 0
581 2
582 3
583 3
584 0
585 5
586 0
587 1
588 3
589 2
590 0
591 3
592 1
593 1
594 0
595 2
596 1
597 2
598 2
599 1
600 0
601 1
602 0
603 0
604 1
605 5
606 3
607 0
608 3
609 3
610 1
611 1
612 2
613 3
614 0
615 0
616 1
617 2
618 2
619 0
620 3
621 1
622 4
623 1
624 1
625 2
626 1
627 3
628 1
629 3
630 1
631 1
632 1
633 2
634 2
635 1
636 2
637 1
638 1
639 1
640 2
641 2
642 3
643 4
644 0
645 5
646 0
647 0
648 0
649 1
650 0
651 4
652 0
653 1
654 1
655 1
656 1
657 3
658 2
659 3
660 3
661 2
662 2
663 2
664 1
665 6
666 1
667 2
668 0
669 2
670 2
671 1
672 0
673 0
674 0
675 0
676 2
677 3
678 3
679 2
680 1
681 1
682 1
683 1
684 0
685 1
686 2
687 2
688 1
689 1
690 0
691 3
692 2
693 1
694 2
695 2
696 1
697 1
698 5
699 2
700 1
701 2
702 2
703 2
704 2
705 0
706 1
707 0
708 2
709 1
710 2
711 2
712 4
713 1
714 1
715 4
716 6
717 1
718 5
719 4
720 1
721 5
722 2
723 5
724 0
725 1
726 4
727 1
728 0
729 1
730 4
731 4
732 3
733 2
734 2
735 1
736 2
737 1
738 1
739 2
740 3
741 1
742 2
743 0
744 3
745 1
746 3
747 1
748 0
749 1
750 2
751 4
752 3
753 2
754 1
755 1
756 2
757 5
758 2
759 4
760 2
761 1
762 3
763 3
764 2
765 1
766 4
767 2
768 1
769 1
770 0
771 2
772 1
773 1
774 5
775 1
776 5
777 2
778 2
779 2
780 2
781 2
782 1
783 3
784 0
785 0
786 4
787 0
788 3
789 3
790 4
791 0
792 1
793 0
794 2
795 2
796 4
797 0
798 1
799 4
800 1
801 0
802 0
803 1
804 1
805 3
806 3
807 2
808 1
809 3
810 1
811 3
812 1
813 1
814 1
815 2
816 1
817 3
818 5
819 3
820 0
821 1
822 0
823 5
824 0
825 3
826 4
827 3
828 4
829 1
830 0
831 2
832 1
833 1
834 3
835 2
836 2
837 2
838 2
839 1
840 4
841 2
842 2
843 3
844 4
845 4
846 2
847 4
848 1
849 3
850 1
851 1
852 3
853 2
854 1
855 1
856 1
857 1
858 1
859 3
860 2
861 3
862 0
863 2
864 2
865 1
866 2
867 5
868 3
869 0
870 2
871 0
872 1
873 1
874 1
875 2
876 2
877 1
878 0
879 3
880 3
881 4
882 2
883 4
884 2
885 0
886 3
887 1
888 2
889 0
890 4
891 1
892 2
893 3
894 2
895 4
896 7
897 4
898 3
899 3
900 0
901 0
902 2
903 2
904 2
905 1
906 4
907 1
908 2
909 4
910 1
911 4
912 3
913 4
914 0
915 6
916 4
917 4
918 3
919 1
920 5
921 6
922 2
923 2
924 2
925 1
926 1
927 2
928 3
929 4
930 5
931 1
932 2
933 3
934 2
935 1
936 3
937 1
938 4
939 1
940 0
941 4
942 1
943 0
944 4
945 3
946 2
947 2
948 4
949 2
950 1
951 1
952 1
953 0
954 5
955 1
956 1
957 2
958 1
959 0
960 2
961 3
962 2
963 2
964 2
965 1
966 3
967 2
968 3
969 1
970 1
971 3
972 2
973 2
974 4
975 3
976 1
977 2
978 3
979 3
980 2
981 1
982 2
983 4
984 4
985 2
986 2
987 4
988 3
989 2
990 4
991 2
992 1
993 3
994 4
995 1
996 4
997 3
998 3
999 4
1000 2
1001 0
1002 4
1003 4
1004 3
1005 3
1006 4
1007 2
1008 4
1009 4
1010 3
1011 2
1012 3
1013 1
1014 1
1015 2
1016 1
1017 2
1018 3
1019 2
1020 4
1021 1
1022 1
1023 3
1024 3
1025 3
1026 4
1027 2
1028 4
1029 1
1030 2
1031 0
1032 4
1033 1
1034 5
1035 2
1036 1
1037 2
1038 4
1039 4
1040 5
1041 4
1042 5
1043 2
1044 2
1045 3
1046 2
1047 3
1048 1
1049 4
1050 4
1051 3
1052 1
1053 3
1054 1
1055 3
1056 2
1057 2
1058 2
1059 3
1060 2
1061 1
1062 5
1063 6
1064 3
1065 2
1066 0
1067 5
1068 2
1069 3
1070 5
1071 1
1072 3
1073 3
1074 3
1075 1
1076 3
1077 3
1078 5
1079 3
1080 1
1081 4
1082 6
1083 2
1084 4
1085 4
1086 2
1087 3
1088 2
1089 6
1090 2
1091 2
1092 1
1093 1
1094 7
1095 1
1096 1
1097 3
1098 2
1099 10
1100 8
1101 2
1102 4
1103 2
1104 3
1105 4
1106 1
1107 2
1108 7
1109 5
1110 5
1111 3
1112 4
1113 4
1114 1
1115 4
1116 4
1117 3
1118 3
1119 2
1120 7
1121 4
1122 3
1123 5
1124 6
1125 3
1126 4
1127 3
1128 7
1129 8
1130 5
1131 3
1132 2
1133 3
1134 5
1135 6
1136 5
1137 2
1138 3
1139 1
1140 4
1141 4
1142 3
1143 2
1144 3
1145 3
1146 2
1147 2
1148 3
1149 2
1150 6
1151 1
1152 6
1153 3
1154 4
1155 4
1156 4
1157 7
1158 3
1159 1
1160 5
1161 3
1162 8
1163 4
1164 5
1165 6
1166 5
1167 3
1168 5
1169 5
1170 2
1171 2
1172 2
1173 1
1174 2
1175 3
1176 7
1177 4
1178 3
1179 5
1180 7
1181 6
1182 2
1183 2
1184 1
1185 3
1186 8
1187 6
1188 3
1189 6
1190 6
1191 6
1192 4
1193 6
1194 2
1195 6
1196 3
1197 3
1198 3
1199 3
1200 4
1201 3
1202 4
1203 6
1204 1
1205 2
1206 4
1207 5
1208 4
1209 4
1210 4
1211 3
1212 2
1213 4
1214 3
1215 4
1216 4
1217 2
1218 4
1219 7
1220 4
1221 2
1222 3
1223 3
1224 4
1225 4
1226 9
1227 5
1228 8
1229 3
1230 9
1231 7
1232 5
1233 5
1234 6
1235 3
1236 5
1237 7
1238 2
1239 9
1240 0
1241 8
1242 5
1243 6
1244 9
1245 10
1246 4
1247 7
1248 5
1249 4
1250 4
1251 6
1252 12
1253 6
1254 4
1255 9
1256 8
1257 6
1258 5
1259 8
1260 3
1261 6
1262 5
1263 1
1264 8
1265 9
1266 4
1267 6
1268 10
1269 2
1270 8
1271 7
1272 7
1273 10
1274 9
1275 4
1276 7
1277 7
1278 5
1279 9
1280 6
1281 6
1282 8
1283 4
1284 5
1285 8
1286 6
1287 5
1288 6
1289 8
1290 10
1291 4
1292 5
1293 6
1294 8
1295 9
1296 4
1297 8
1298 10
1299 6
1300 4
1301 3
1302 8
1303 9
1304 6
1305 8
1306 3
1307 7
1308 11
1309 12
1310 2
1311 7
1312 7
1313 7
1314 4
1315 11
1316 4
1317 12
1318 6
1319 8
1320 5
1321 14
1322 4
1323 6
1324 9
1325 12
1326 4
1327 3
1328 3
1329 6
1330 4
1331 3
1332 5
1333 2
1334 4
1335 5
1336 8
1337 3
1338 5
1339 5
1340 5
1341 3
1342 1
1343 8
1344 5
1345 4
1346 2
1347 3
1348 5
1349 5
1350 9
1351 4
1352 4
1353 2
1354 2
1355 6
1356 5
1357 5
1358 4
1359 2
1360 2
1361 4
1362 4
1363 7
1364 4
1365 5
1366 6
1367 2
1368 4
1369 2
1370 8
1371 3
1372 7
1373 7
1374 6
1375 3
1376 8
1377 7
1378 3
1379 4
1380 5
1381 2
1382 3
1383 5
1384 5
1385 6
1386 6
1387 6
1388 7
1389 3
1390 7
1391 7
1392 4
1393 5
1394 3
1395 1
1396 5
1397 5
1398 2
1399 4
1400 7
1401 6
1402 4
1403 5
1404 3
1405 10
1406 7
1407 4
1408 5
1409 3
1410 2
1411 3
1412 6
1413 7
1414 6
1415 6
1416 3
1417 7
1418 2
1419 6
1420 6
1421 3
1422 9
1423 8
1424 5
1425 7
1426 6
1427 6
1428 3
1429 8
1430 8
1431 6
1432 8
1433 3
1434 7
1435 7
1436 4
1437 3
1438 5
1439 6
1440 3
1441 11
1442 5
1443 5
1444 8
1445 4
1446 6
1447 9
1448 5
1449 5
1450 8
1451 6
1452 7
1453 8
1454 8
1455 6
1456 2
1457 5
1458 3
1459 9
1460 4
1461 11
1462 5
1463 6
1464 5
1465 8
1466 4
1467 6
1468 8
1469 6
1470 2
1471 7
1472 7
1473 4
1474 6
1475 6
1476 9
1477 6
1478 5
1479 5
1480 1
1481 2
1482 6
1483 7
1484 3
1485 6
1486 8
1487 2
1488 5
1489 7
1490 5
1491 4
1492 5
1493 0
1494 4
1495 2
1496 4
1497 4
1498 3
1499 3
1500 3
1501 5
1502 3
1503 4
1504 4
1505 6
1506 1
1507 4
1508 2
1509 1
1510 4
1511 3
1512 3
1513 6
1514 1
1515 4
1516 4
1517 5
1518 6
1519 0
1520 2
1521 4
1522 1
1523 2
1524 5
1525 3
1526 0
1527 2
1528 1
1529 5
1530 3
1531 1
1532 2
1533 2
1534 0
1535 2
1536 2
1537 1
1538 0
1539 1
1540 1
1541 2
1542 1
1543 1
1544 2
1545 0
1546 3
1547 1
1548 1
1549 2
1550 3
1551 1
1552 1
1553 0
1554 1
1555 1
1556 1
1557 3
1558 1
1559 0
1560 0
1561 2
1562 0
1563 3
1564 1
1565 1
1566 4
1567 0
1568 2
1569 0
1570 1
1571 3
1572 1
1573 1
1574 2
1575 0
1576 2
1577 1
1578 2
1579 0
1580 0
1581 3
1582 1
1583 2
1584 2
1585 3
1586 1
1587 1
1588 3
1589 1
1590 5
1591 3
1592 0
1593 2
1594 3
1595 0
1596 5
1597 0
1598 1
1599 2
1600 0
1601 2
1602 3
1603 1
1604 0
1605 1
1606 1
1607 1
1608 0
1609 1
1610 2
1611 1
1612 5
1613 4
1614 2
1615 2
1616 1
1617 1
1618 5
1619 2
1620 1
1621 3
1622 0
1623 2
1624 3
1625 1
1626 0
1627 2
1628 0
1629 0
1630 0
1631 1
1632 1
1633 2
1634 1
1635 1
1636 1
1637 1
1638 1
1639 2
1640 0
1641 2
1642 3
1643 2
1644 0
1645 2
1646 4
1647 2
1648 2
1649 3
1650 0
1651 1
1652 1
1653 0
1654 0
1655 3
1656 0
1657 2
1658 0
1659 0
1660 0
1661 1
1662 0
1663 1
1664 0
1665 1
1666 0
1667 1
1668 0
1669 3
1670 0
1671 0
1672 0
1673 2
1674 0
1675 0
1676 1
1677 0
1678 1
1679 0
1680 0
1681 0
1682 0
1683 0
1684 0
1685 0
1686 2
1687 0
1688 1
1689 0
1690 0
1691 0
1692 0
1693 0
1694 1
1695 0
1696 1
1697 0
1698 1
1699 1
1700 1
1701 0
1702 0
1703 0
1704 0
1705 1
1706 0
1707 0
1708 0
1709 0
1710 0
1711 0
1712 0
1713 0
1714 1
1715 0
1716 0
1717 1
1718 1
1719 1
1720 1
1721 2
1722 0
1723 0
1724 0
1725 2
1726 0
1727 0
1728 0
1729 1
1730 0
1731 0
1732 0
1733 0
1734 0
1735 1
1736 1
1737 0
1738 1
1739 1
1740 0
1741 1
1742 0
1743 0
1744 0
1745 0
1746 0
1747 0
1748 0
1749 0
1750 0
1751 1
1752 0
1753 0
1754 0
1755 0
1756 0
1757 1
1758 0
1759 0
1760 0
1761 0
1762 0
1763 0
1764 0
1765 0
1766 0
1767 0
1768 0
1769 1
1770 0
1771 0
1772 1
1773 0
1774 0
1775 0
1776 0
1777 0
1778 0
1779 0
1780 0
1781 0
1782 1
1783 0
1784 0
1785 0
1786 0
1787 0
1788 0
1789 0
1790 1
1791 0
1792 1
1793 0
1794 0
1795 0
1796 0
1797 1
1798 0
1799 0
1800 0
1801 0
1802 0
1803 0
1804 0
1805 0
1806 1
1807 0
1808 0
1809 0
1810 0
1811 0
1812 0
1813 0
1814 0
1815 0
1816 0
1817 1
1818 1
1819 0
1820 1
1821 1
1822 2
1823 0
1824 1
1825 1
1826 0
1827 0
1828 0
1829 0
1830 0
1831 0
1832 0
1833 0
1834 0
1835 0
1836 0
1837 0
1838 0
1839 0
1840 1
1841 0
1842 0
1843 0
1844 0
1845 0
1846 0
1847 0
1848 0
1849 1
1850 0
1851 0
1852 0
1853 0
1854 0
1855 0
1856 0
1857 0
1858 0
1859 1
1860 0
1861 0
1862 0
1863 0
1864 0
1865 0
1866 1
1867 1
1868 0
1869 0
1870 0
1871 0
1872 0
1873 0
1874 0
1875 0
1876 0
1877 0
1878 0
1879 1
1880 0
1881 0
1882 0
1883 0
1884 0
1885 0
1886 0
1887 0
1888 0
1889 0
1890 1
1891 0
1892 0
1893 0
1894 0
1895 0
1896 1
1897 0
1898 0
1899 0
1900 0
1901 0
1902 0
1903 1
1904 0
1905 0
1906 1
1907 2
1908 0
1909 0
1910 0
1911 0
1912 0
1913 0
1914 0
1915 0
1916 0
1917 0
1918 0
1919 1
1920 0
1921 0
1922 0
1923 1
1924 1
1925 1
1926 0
1927 0
1928 0
1929 0
1930 0
1931 0
1932 0
1933 0
1934 0
1935 1
1936 0
1937 0
1938 0
1939 0
1940 0
1941 0
1942 1
1943 0
1944 0
1945 0
1946 0
1947 0
1948 0
1949 1
1950 0
1951 0
1952 1
1953 0
1954 0
1955 0
1956 0
1957 0
1958 0
1959 0
1960 0
1961 1
1962 0
1963 0
1964 0
1965 0
1966 0
1967 0
1968 0
1969 0
1970 0
1971 0
1972 0
1973 0
1974 0
1975 0
1976 0
1977 0
1978 1
1979 1
1980 0
1981 0
1982 0
1983 0
1984 1
1985 0
1986 1
1987 0
1988 0
1989 0
1990 0
1991 0
1992 0
1993 0
1994 0
1995 0
1996 0
1997 0
1998 0
1999 0
2000 0
2001 0
2002 0
2003 0
2004 0
2005 0
2006 0
2007 0
2008 1
2009 0
2010 1
2011 0
2012 0
2013 0
2014 0
2015 0
2016 0
2017 0
2018 0
2019 0
2020 0
2021 0
2022 0
2023 0
2024 0
2025 0
2026 0
2027 0
2028 0
2029 0
2030 0
2031 0
2032 0
2033 0
2034 0
2035 0
2036 0
2037 0
2038 0
2039 0
2040 0
2041 0
2042 0
2043 0
2044 0
2045 0
2046 0
2047 0
