# Dead time factor = 1.00000
0 0
1 0
2 0
3 0
4 0
5 0
6 0
7 0
8 0
9 0
10 0
11 0
12 0
13 0
14 0
15 0
16 0
17 0
18 0
19 0
20 3
21 23
22 34
23 31
24 49
25 32
26 40
27 47
28 37
29 34
30 34
31 33
32 41
33 48
34 36
35 50
36 42
37 57
38 53
39 56
40 40
41 39
42 58
43 51
44 58
45 53
46 55
47 95
48 94
49 140
50 179
51 162
52 175
53 181
54 128
55 98
56 80
57 77
58 49
59 44
60 41
61 39
62 38
63 51
64 44
65 48
66 42
67 36
68 41
69 34
70 35
71 38
72 32
73 36
74 29
75 30
76 36
77 31
78 30
79 36
80 41
81 38
82 45
83 36
84 38
85 42
86 29
87 41
88 41
89 42
90 44
91 34
92 33
93 34
94 42
95 37
96 34
97 38
98 26
99 36
100 27
101 30
102 25
103 45
104 24
105 30
106 30
107 25
108 44
109 30
110 23
111 29
112 24
113 28
114 21
115 21
116 20
117 24
118 21
119 30
120 29
121 26
122 22
123 25
124 17
125 16
126 23
127 14
128 18
129 22
130 20
131 21
132 16
133 22
134 23
135 21
136 22
137 22
138 23
139 28
140 26
141 26
142 25
143 21
144 19
145 23
146 17
147 17
148 17
149 17
150 20
151 22
152 19
153 16
154 25
155 24
156 22
157 24
158 26
159 14
160 24
161 29
162 39
163 32
164 31
165 36
166 29
167 45
168 38
169 51
170 51
171 49
172 39
173 44
174 48
175 36
176 30
177 51
178 34
179 32
180 25
181 25
182 30
183 30
184 23
185 16
186 22
187 30
188 20
189 11
190 29
191 21
192 14
193 17
194 15
195 20
196 19
197 20
198 7
199 19
200 14
201 14
202 19
203 18
204 17
205 15
206 13
207 15
208 15
209 12
210 13
211 15
212 10
213 12
214 8
215 16
216 14
217 16
218 19
219 6
220 13
221 12
222 17
223 16
224 21
225 20
226 21
227 17
228 13
229 11
230 9
231 21
232 19
233 16
234 19
235 18
236 18
237 12
238 13
239 18
240 12
241 5
242 15
243 13
244 17
245 20
246 12
247 10
248 21
249 13
250 19
251 18
252 15
253 13
254 7
255 12
256 22
257 18
258 17
259 14
260 12
261 7
262 7
263 14
264 15
265 21
266 11
267 13
268 11
269 13
270 17
271 14
272 13
273 10
274 26
275 16
276 14
277 16
278 21
279 13
280 8
281 10
282 17
283 20
284 16
285 13
286 19
287 12
288 17
289 12
290 6
291 14
292 17
293 14
294 11
295 16
296 13
297 6
298 13
299 18
300 15
301 7
302 11
303 16
304 14
305 18
306 6
307 21
308 16
309 10
310 12
311 11
312 12
313 12
314 10
315 18
316 9
317 14
318 10
319 4
320 11
321 13
322 12
323 13
324 11
325 8
326 13
327 8
328 19
329 15
330 15
331 9
332 15
333 22
334 14
335 9
336 13
337 11
338 12
339 9
340 14
341 11
342 10
343 17
344 11
345 14
346 14
347 11
348 14
349 19
350 20
351 10
352 9
353 12
354 15
355 19
356 9
357 16
358 13
359 13
360 17
361 11
362 12
363 20
364 12
365 12
366 14
367 9
368 19
369 12
370 13
371 10
372 7
373 6
374 12
375 10
376 8
377 13
378 13
379 12
380 12
381 12
382 16
383 15
384 10
385 10
386 16
387 10
388 12
389 8
390 12
391 17
392 10
393 15
394 10
395 9
396 11
397 10
398 6
399 9
400 7
401 13
402 10
403 7
404 10
405 16
406 11
407 9
408 13
409 11
410 9
411 11
412 18
413 10
414 11
415 13
416 13
417 9
418 5
419 15
420 11
421 11
422 13
423 9
424 10
425 4
426 12
427 9
428 10
429 9
430 9
431 8
432 13
433 12
434 14
435 12
436 5
437 9
438 11
439 13
440 13
441 6
442 10
443 9
444 12
445 11
446 10
447 13
448 8
449 19
450 14
451 14
452 11
453 14
454 9
455 7
456 17
457 11
458 15
459 11
460 8
461 12
462 7
463 9
464 17
465 7
466 11
467 10
468 13
469 10
470 16
471 4
472 7
473 14
474 11
475 8
476 15
477 16
478 11
479 11
480 12
481 6
482 5
483 7
484 7
485 9
486 14
487 7
488 8
489 13
490 12
491 10
492 9
493 8
494 10
495 11
496 13
497 14
498 3
499 5
500 10
501 13
502 6
503 13
504 15
505 5
506 8
507 11
508 12
509 14
510 10
511 7
512 4
513 7
514 13
515 6
516 10
517 7
518 8
519 10
520 8
521 10
522 20
523 12
524 6
525 10
526 11
527 10
528 12
529 18
530 10
531 13
532 12
533 16
534 13
535 12
536 12
537 9
538 4
539 10
540 16
541 5
542 11
543 6
544 9
545 12
546 10
547 4
548 13
549 10
550 13
551 17
552 10
553 11
554 10
555 9
556 12
557 10
558 14
559 13
560 8
561 10
562 17
563 13
564 6
565 11
566 11
567 5
568 16
569 11
570 20
571 22
572 9
573 11
574 10
575 13
576 3
577 12
578 8
579 14
580 3
581 10
582 9
583 6
584 16
585 8
586 12
587 13
588 19
589 7
590 10
591 3
592 14
593 14
594 12
595 7
596 14
597 8
598 4
599 14
600 11
601 12
602 12
603 12
604 12
605 14
606 14
607 10
608 8
609 13
610 12
611 6
612 6
613 15
614 7
615 8
616 14
617 17
618 9
619 8
620 10
621 7
622 10
623 9
624 12
625 10
626 9
627 7
628 10
629 11
630 10
631 12
632 16
633 12
634 4
635 10
636 13
637 14
638 10
639 9
640 15
641 9
642 11
643 10
644 18
645 6
646 10
647 11
648 11
649 11
650 14
651 8
652 13
653 8
654 14
655 14
656 7
657 10
658 9
659 7
660 11
661 10
662 11
663 15
664 8
665 14
666 10
667 7
668 4
669 14
670 6
671 12
672 6
673 17
674 14
675 10
676 8
677 7
678 14
679 11
680 12
681 8
682 14
683 11
684 12
685 9
686 10
687 11
688 10
689 12
690 8
691 13
692 13
693 12
694 13
695 10
696 11
697 11
698 16
699 7
700 7
701 10
702 15
703 17
704 10
705 16
706 19
707 10
708 5
709 17
710 13
711 5
712 9
713 4
714 10
715 6
716 12
717 17
718 4
719 11
720 11
721 9
722 12
723 6
724 9
725 14
726 17
727 17
728 11
729 12
730 8
731 10
732 13
733 10
734 9
735 10
736 6
737 7
738 9
739 4
740 12
741 14
742 7
743 22
744 19
745 10
746 9
747 14
748 8
749 7
750 13
751 12
752 13
753 7
754 6
755 16
756 22
757 14
758 15
759 10
760 12
761 13
762 13
763 11
764 9
765 8
766 10
767 6
768 15
769 10
770 7
771 14
772 13
773 14
774 13
775 11
776 11
777 7
778 9
779 11
780 7
781 16
782 9
783 10
784 8
785 11
786 10
787 11
788 12
789 9
790 12
791 13
792 9
793 9
794 12
795 9
796 7
797 10
798 9
799 12
800 11
801 10
802 20
803 6
804 15
805 13
806 11
807 8
808 13
809 10
810 11
811 14
812 4
813 12
814 9
815 15
816 13
817 16
818 13
819 6
820 14
821 14
822 15
823 10
824 17
825 14
826 15
827 6
828 24
829 17
830 12
831 13
832 8
833 10
834 10
835 8
836 13
837 10
838 20
839 19
840 13
841 12
842 6
843 12
844 11
845 9
846 10
847 15
848 10
849 7
850 6
851 9
852 6
853 9
854 15
855 13
856 13
857 9
858 16
859 13
860 17
861 7
862 13
863 15
864 18
865 15
866 10
867 8
868 11
869 13
870 16
871 8
872 13
873 16
874 14
875 20
876 11
877 9
878 10
879 7
880 13
881 13
882 18
883 15
884 19
885 9
886 10
887 9
888 13
889 9
890 9
891 16
892 15
893 11
894 15
895 10
896 13
897 16
898 13
899 17
900 18
901 19
902 12
903 10
904 21
905 11
906 14
907 16
908 12
909 7
910 10
911 13
912 12
913 13
914 14
915 11
916 18
917 9
918 15
919 14
920 9
921 14
922 13
923 14
924 13
925 12
926 12
927 15
928 13
929 6
930 14
931 15
932 14
933 16
934 13
935 13
936 10
937 23
938 10
939 14
940 15
941 7
942 11
943 15
944 11
945 30
946 11
947 8
948 17
949 12
950 12
951 10
952 7
953 12
954 11
955 17
956 16
957 20
958 6
959 11
960 16
961 18
962 13
963 7
964 9
965 13
966 15
967 15
968 16
969 20
970 12
971 12
972 16
973 17
974 14
975 15
976 13
977 14
978 18
979 14
980 22
981 20
982 15
983 12
984 17
985 10
986 18
987 19
988 16
989 8
990 17
991 17
992 14
993 16
994 9
995 21
996 24
997 15
998 14
999 20
1000 15
1001 12
1002 12
1003 16
1004 10
1005 25
1006 13
1007 16
1008 10
1009 13
1010 11
1011 16
1012 22
1013 18
1014 13
1015 9
1016 12
1017 13
1018 17
1019 15
1020 15
1021 18
1022 16
1023 13
1024 15
1025 13
1026 16
1027 11
1028 18
1029 19
1030 11
1031 15
1032 15
1033 11
1034 11
1035 13
1036 14
1037 17
1038 13
1039 14
1040 18
1041 15
1042 16
1043 21
1044 13
1045 21
1046 9
1047 18
1048 14
1049 16
1050 16
1051 14
1052 17
1053 17
1054 19
1055 22
1056 21
1057 21
1058 21
1059 16
1060 16
1061 18
1062 10
1063 24
1064 11
1065 19
1066 14
1067 19
1068 18
1069 18
1070 21
1071 17
1072 23
1073 16
1074 20
1075 24
1076 22
1077 21
1078 22
1079 20
1080 17
1081 24
1082 19
1083 22
1084 15
1085 25
1086 17
1087 15
1088 18
1089 23
1090 26
1091 25
1092 23
1093 15
1094 22
1095 32
1096 21
1097 16
1098 22
1099 17
1100 26
1101 18
1102 16
1103 16
1104 21
1105 20
1106 28
1107 27
1108 24
1109 25
1110 26
1111 11
1112 22
1113 20
1114 17
1115 25
1116 25
1117 31
1118 16
1119 22
1120 29
1121 40
1122 14
1123 20
1124 17
1125 29
1126 32
1127 24
1128 20
1129 25
1130 20
1131 33
1132 25
1133 25
1134 26
1135 20
1136 25
1137 14
1138 24
1139 23
1140 22
1141 30
1142 19
1143 20
1144 37
1145 21
1146 25
1147 32
1148 29
1149 24
1150 22
1151 17
1152 27
1153 23
1154 24
1155 21
1156 27
1157 24
1158 23
1159 17
1160 27
1161 27
1162 25
1163 23
1164 25
1165 20
1166 31
1167 23
1168 28
1169 25
1170 28
1171 27
1172 24
1173 24
1174 29
1175 27
1176 25
1177 20
1178 26
1179 25
1180 27
1181 25
1182 32
1183 25
1184 24
1185 32
1186 22
1187 17
1188 23
1189 22
1190 23
1191 23
1192 28
1193 26
1194 23
1195 24
1196 21
1197 25
1198 20
1199 21
1200 20
1201 27
1202 22
1203 37
1204 25
1205 30
1206 17
1207 32
1208 24
1209 23
1210 29
1211 19
1212 25
1213 24
1214 20
1215 25
1216 22
1217 25
1218 24
1219 12
1220 19
1221 23
1222 24
1223 25
1224 29
1225 19
1226 29
1227 20
1228 31
1229 28
1230 28
1231 37
1232 27
1233 31
1234 35
1235 14
1236 27
1237 24
1238 37
1239 36
1240 38
1241 36
1242 32
1243 35
1244 40
1245 32
1246 33
1247 31
1248 26
1249 34
1250 34
1251 33
1252 35
1253 31
1254 43
1255 36
1256 41
1257 32
1258 48
1259 36
1260 37
1261 31
1262 45
1263 31
1264 31
1265 50
1266 38
1267 31
1268 45
1269 38
1270 34
1271 47
1272 32
1273 46
1274 34
1275 46
1276 30
1277 31
1278 36
1279 50
1280 36
1281 44
1282 38
1283 28
1284 39
1285 39
1286 43
1287 36
1288 49
1289 36
1290 38
1291 34
1292 43
1293 44
1294 41
1295 35
1296 44
1297 40
1298 37
1299 40
1300 36
1301 49
1302 44
1303 37
1304 40
1305 44
1306 49
1307 40
1308 45
1309 36
1310 37
1311 34
1312 35
1313 41
1314 51
1315 50
1316 34
1317 33
1318 49
1319 32
1320 36
1321 27
1322 43
1323 45
1324 46
1325 34
1326 42
1327 40
1328 47
1329 31
1330 40
1331 33
1332 45
1333 36
1334 38
1335 26
1336 37
1337 28
1338 32
1339 43
1340 41
1341 35
1342 28
1343 40
1344 27
1345 33
1346 36
1347 33
1348 34
1349 33
1350 23
1351 40
1352 20
1353 27
1354 28
1355 29
1356 34
1357 31
1358 29
1359 32
1360 30
1361 19
1362 28
1363 36
1364 30
1365 22
1366 35
1367 31
1368 22
1369 21
1370 17
1371 26
1372 22
1373 20
1374 24
1375 19
1376 16
1377 31
1378 23
1379 14
1380 28
1381 34
1382 25
1383 25
1384 28
1385 23
1386 23
1387 18
1388 23
1389 24
1390 20
1391 19
1392 27
1393 33
1394 21
1395 28
1396 29
1397 27
1398 32
1399 25
1400 20
1401 19
1402 21
1403 27
1404 34
1405 37
1406 31
1407 39
1408 29
1409 39
1410 34
1411 31
1412 28
1413 25
1414 31
1415 28
1416 25
1417 30
1418 26
1419 45
1420 31
1421 34
1422 38
1423 39
1424 37
1425 32
1426 34
1427 34
1428 40
1429 28
1430 45
1431 34
1432 36
1433 28
1434 37
1435 42
1436 33
1437 33
1438 40
1439 48
1440 52
1441 42
1442 28
1443 35
1444 46
1445 50
1446 32
1447 46
1448 35
1449 31
1450 40
1451 49
1452 41
1453 44
1454 45
1455 33
1456 49
1457 38
1458 38
1459 49
1460 41
1461 42
1462 40
1463 47
1464 41
1465 36
1466 57
1467 48
1468 37
1469 33
1470 45
1471 43
1472 37
1473 38
1474 47
1475 42
1476 29
1477 43
1478 54
1479 41
1480 36
1481 48
1482 38
1483 26
1484 43
1485 41
1486 39
1487 36
1488 40
1489 25
1490 35
1491 37
1492 27
1493 37
1494 35
1495 31
1496 27
1497 34
1498 21
1499 37
1500 37
1501 40
1502 32
1503 30
1504 22
1505 19
1506 28
1507 26
1508 28
1509 25
1510 23
1511 24
1512 21
1513 21
1514 20
1515 21
1516 14
1517 21
1518 26
1519 24
1520 21
1521 13
1522 15
1523 20
1524 15
1525 18
1526 15
1527 7
1528 12
1529 19
1530 13
1531 18
1532 19
1533 11
1534 12
1535 12
1536 10
1537 13
1538 8
1539 11
1540 10
1541 12
1542 12
1543 10
1544 12
1545 16
1546 8
1547 6
1548 10
1549 13
1550 5
1551 6
1552 7
1553 10
1554 6
1555 11
1556 6
1557 10
1558 5
1559 7
1560 9
1561 10
1562 3
1563 8
1564 3
1565 7
1566 12
1567 5
1568 10
1569 7
1570 12
1571 11
1572 13
1573 7
1574 12
1575 14
1576 4
1577 12
1578 10
1579 13
1580 10
1581 11
1582 10
1583 11
1584 11
1585 7
1586 12
1587 8
1588 13
1589 13
1590 12
1591 11
1592 13
1593 4
1594 8
1595 6
1596 14
1597 11
1598 10
1599 10
1600 15
1601 13
1602 11
1603 8
1604 5
1605 7
1606 10
1607 12
1608 11
1609 8
1610 13
1611 12
1612 13
1613 7
1614 12
1615 13
1616 8
1617 13
1618 14
1619 6
1620 7
1621 15
1622 15
1623 11
1624 14
1625 16
1626 13
1627 12
1628 8
1629 6
1630 9
1631 4
1632 11
1633 11
1634 10
1635 7
1636 8
1637 6
1638 8
1639 12
1640 7
1641 5
1642 6
1643 4
1644 7
1645 13
1646 7
1647 9
1648 5
1649 8
1650 5
1651 4
1652 5
1653 3
1654 10
1655 9
1656 2
1657 6
1658 11
1659 13
1660 5
1661 8
1662 4
1663 7
1664 2
1665 5
1666 4
1667 4
1668 5
1669 2
1670 3
1671 5
1672 3
1673 4
1674 4
1675 1
1676 1
1677 2
1678 0
1679 4
1680 2
1681 2
1682 3
1683 1
1684 2
1685 3
1686 5
1687 3
1688 1
1689 6
1690 1
1691 3
1692 2
1693 1
1694 0
1695 0
1696 2
1697 1
1698 2
1699 1
1700 0
1701 2
1702 1
1703 1
1704 3
1705 0
1706 1
1707 0
1708 2
1709 1
1710 1
1711 0
1712 0
1713 1
1714 1
1715 1
1716 1
1717 1
1718 1
1719 0
1720 1
1721 1
1722 0
1723 0
1724 0
1725 1
1726 1
1727 1
1728 0
1729 1
1730 1
1731 0
1732 0
1733 0
1734 2
1735 1
1736 1
1737 1
1738 1
1739 0
1740 1
1741 1
1742 0
1743 2
1744 1
1745 0
1746 3
1747 0
1748 0
1749 0
1750 0
1751 0
1752 1
1753 0
1754 1
1755 0
1756 1
1757 1
1758 1
1759 0
1760 0
1761 0
1762 0
1763 1
1764 1
1765 0
1766 0
1767 1
1768 0
1769 1
1770 1
1771 0
1772 0
1773 0
1774 2
1775 0
1776 0
1777 1
1778 0
1779 0
1780 0
1781 0
1782 0
1783 1
1784 3
1785 1
1786 0
1787 1
1788 0
1789 0
1790 1
1791 0
1792 0
1793 0
1794 0
1795 2
1796 0
1797 0
1798 0
1799 1
1800 1
1801 2
1802 0
1803 1
1804 0
1805 0
1806 0
1807 0
1808 0
1809 2
1810 1
1811 2
1812 0
1813 0
1814 1
1815 2
1816 0
1817 0
1818 0
1819 1
1820 1
1821 0
1822 0
1823 0
1824 0
1825 1
1826 0
1827 0
1828 0
1829 0
1830 0
1831 1
1832 0
1833 0
1834 0
1835 0
1836 0
1837 2
1838 0
1839 1
1840 0
1841 0
1842 1
1843 0
1844 0
1845 0
1846 0
1847 0
1848 1
1849 0
1850 0
1851 0
1852 0
1853 1
1854 1
1855 0
1856 1
1857 1
1858 0
1859 0
1860 0
1861 0
1862 1
1863 0
1864 0
1865 1
1866 0
1867 0
1868 0
1869 1
1870 0
1871 0
1872 1
1873 1
1874 1
1875 1
1876 0
1877 1
1878 0
1879 0
1880 0
1881 0
1882 1
1883 0
1884 0
1885 1
1886 0
1887 1
1888 0
1889 0
1890 2
1891 0
1892 0
1893 0
1894 0
1895 0
1896 0
1897 0
1898 0
1899 0
1900 0
1901 1
1902 0
1903 0
1904 0
1905 2
1906 2
1907 0
1908 1
1909 0
1910 0
1911 0
1912 0
1913 3
1914 0
1915 0
1916 0
1917 0
1918 0
1919 1
1920 0
1921 0
1922 0
1923 0
1924 2
1925 0
1926 1
1927 0
1928 0
1929 1
1930 1
1931 1
1932 0
1933 0
1934 0
1935 0
1936 0
1937 0
1938 1
1939 0
1940 0
1941 1
1942 0
1943 0
1944 1
1945 0
1946 0
1947 1
1948 0
1949 0
1950 1
1951 0
1952 0
1953 0
1954 0
1955 0
1956 0
1957 1
1958 0
1959 0
1960 0
1961 0
1962 0
1963 0
1964 0
1965 1
1966 0
1967 0
1968 1
1969 2
1970 0
1971 0
1972 1
1973 1
1974 0
1975 1
1976 0
1977 1
1978 1
1979 2
1980 0
1981 0
1982 0
1983 0
1984 1
1985 1
1986 1
1987 0
1988 0
1989 1
1990 0
1991 0
1992 0
1993 1
1994 0
1995 0
1996 2
1997 0
1998 0
1999 1
2000 1
2001 1
2002 0
2003 0
2004 0
2005 0
2006 0
2007 2
2008 0
2009 0
2010 1
2011 0
2012 1
2013 0
2014 1
2015 1
2016 1
2017 0
2018 0
2019 0
2020 1
2021 0
2022 0
2023 0
2024 0
2025 1
2026 0
2027 0
2028 0
2029 0
2030 0
2031 0
2032 0
2033 0
2034 0
2035 0
2036 0
2037 0
2038 0
2039 0
2040 0
2041 0
2042 0
2043 0
2044 0
2045 0
2046 0
2047 0
