# Dead time factor = 1.00000
0 0
1 0
2 0
3 0
4 0
5 0
6 0
7 0
8 0
9 0
10 0
11 0
12 0
13 0
14 0
15 0
16 0
17 0
18 0
19 0
20 2
21 25
22 29
23 25
24 25
25 28
26 33
27 33
28 40
29 30
30 39
31 53
32 38
33 35
34 37
35 46
36 54
37 49
38 52
39 48
40 49
41 50
42 47
43 31
44 56
45 61
46 68
47 81
48 87
49 109
50 135
51 170
52 170
53 143
54 112
55 103
56 81
57 71
58 50
59 50
60 47
61 29
62 32
63 36
64 32
65 32
66 26
67 39
68 36
69 30
70 30
71 29
72 17
73 35
74 29
75 27
76 36
77 42
78 24
79 31
80 36
81 42
82 37
83 43
84 39
85 38
86 37
87 48
88 29
89 36
90 32
91 35
92 35
93 32
94 33
95 44
96 32
97 29
98 24
99 22
100 25
101 25
102 30
103 31
104 33
105 26
106 23
107 25
108 22
109 28
110 23
111 25
112 30
113 20
114 28
115 25
116 23
117 28
118 28
119 26
120 24
121 19
122 35
123 22
124 26
125 16
126 16
127 21
128 27
129 20
130 17
131 20
132 25
133 26
134 30
135 27
136 22
137 23
138 19
139 20
140 20
141 21
142 27
143 15
144 11
145 18
146 20
147 24
148 24
149 20
150 10
151 21
152 21
153 25
154 13
155 21
156 14
157 20
158 33
159 21
160 20
161 18
162 37
163 34
164 33
165 36
166 32
167 32
168 39
169 36
170 35
171 52
172 35
173 44
174 48
175 33
176 35
177 33
178 43
179 26
180 28
181 26
182 27
183 29
184 24
185 18
186 17
187 26
188 14
189 28
190 24
191 17
192 18
193 30
194 19
195 8
196 15
197 22
198 19
199 12
200 17
201 13
202 23
203 19
204 11
205 8
206 21
207 15
208 11
209 11
210 13
211 13
212 19
213 19
214 22
215 17
216 22
217 9
218 26
219 16
220 12
221 15
222 12
223 13
224 22
225 16
226 16
227 20
228 21
229 7
230 17
231 11
232 12
233 17
234 13
235 20
236 15
237 13
238 20
239 13
240 10
241 11
242 12
243 11
244 19
245 16
246 13
247 17
248 13
249 14
250 12
251 16
252 13
253 20
254 20
255 10
256 17
257 23
258 13
259 11
260 15
261 11
262 13
263 10
264 12
265 9
266 22
267 17
268 18
269 6
270 20
271 14
272 20
273 14
274 14
275 17
276 15
277 19
278 10
279 11
280 11
281 10
282 14
283 11
284 13
285 8
286 14
287 11
288 11
289 15
290 12
291 16
292 22
293 15
294 14
295 9
296 11
297 12
298 12
299 12
300 15
301 7
302 13
303 12
304 10
305 16
306 7
307 12
308 10
309 12
310 11
311 4
312 16
313 13
314 14
315 7
316 12
317 16
318 6
319 19
320 12
321 8
322 6
323 6
324 19
325 6
326 8
327 12
328 10
329 11
330 10
331 14
332 12
333 12
334 13
335 8
336 15
337 11
338 8
339 21
340 11
341 13
342 15
343 13
344 17
345 20
346 10
347 17
348 20
349 21
350 15
351 10
352 13
353 12
354 14
355 16
356 16
357 14
358 14
359 18
360 13
361 10
362 10
363 8
364 15
365 9
366 9
367 11
368 7
369 11
370 12
371 15
372 12
373 16
374 7
375 13
376 11
377 16
378 8
379 13
380 10
381 10
382 17
383 13
384 11
385 15
386 11
387 14
388 12
389 12
390 11
391 9
392 7
393 15
394 13
395 11
396 13
397 11
398 12
399 9
400 11
401 11
402 7
403 9
404 12
405 10
406 11
407 15
408 15
409 10
410 10
411 9
412 12
413 8
414 7
415 11
416 18
417 17
418 11
419 7
420 15
421 10
422 9
423 10
424 9
425 12
426 9
427 7
428 15
429 10
430 13
431 6
432 15
433 10
434 9
435 11
436 8
437 11
438 8
439 10
440 11
441 11
442 9
443 6
444 12
445 11
446 6
447 13
448 8
449 15
450 12
451 7
452 4
453 9
454 8
455 9
456 4
457 7
458 9
459 5
460 7
461 12
462 13
463 10
464 8
465 13
466 11
467 11
468 15
469 8
470 7
471 7
472 12
473 16
474 9
475 12
476 9
477 15
478 11
479 10
480 10
481 11
482 4
483 9
484 10
485 9
486 13
487 6
488 9
489 6
490 10
491 13
492 7
493 12
494 13
495 5
496 6
497 19
498 13
499 9
500 10
501 9
502 11
503 9
504 8
505 11
506 7
507 13
508 19
509 12
510 12
511 7
512 6
513 3
514 13
515 5
516 9
517 15
518 8
519 16
520 12
521 10
522 14
523 9
524 12
525 10
526 10
527 11
528 10
529 10
530 7
531 12
532 8
533 11
534 11
535 13
536 11
537 10
538 9
539 19
540 7
541 6
542 8
543 11
544 6
545 14
546 11
547 12
548 12
549 11
550 13
551 13
552 8
553 11
554 11
555 9
556 12
557 7
558 11
559 9
560 10
561 9
562 7
563 10
564 19
565 11
566 5
567 13
568 15
569 8
570 16
571 6
572 12
573 15
574 6
575 10
576 10
577 16
578 16
579 7
580 12
581 6
582 9
583 12
584 9
585 3
586 14
587 11
588 7
589 12
590 13
591 6
592 12
593 9
594 5
595 13
596 14
597 14
598 11
599 9
600 12
601 10
602 5
603 11
604 12
605 13
606 13
607 10
608 16
609 3
610 5
611 14
612 11
613 5
614 9
615 19
616 15
617 6
618 11
619 6
620 6
621 14
622 10
623 14
624 10
625 6
626 4
627 10
628 7
629 12
630 8
631 10
632 16
633 11
634 8
635 9
636 13
637 7
638 7
639 11
640 10
641 7
642 7
643 15
644 7
645 6
646 11
647 10
648 6
649 11
650 11
651 6
652 12
653 12
654 13
655 11
656 8
657 7
658 12
659 6
660 12
661 11
662 13
663 14
664 10
665 12
666 5
667 6
668 10
669 13
670 11
671 12
672 18
673 12
674 9
675 14
676 11
677 16
678 8
679 12
680 9
681 13
682 12
683 10
684 10
685 11
686 11
687 9
688 11
689 7
690 8
691 15
692 10
693 11
694 15
695 11
696 10
697 10
698 6
699 14
700 5
701 10
702 11
703 14
704 8
705 9
706 8
707 14
708 7
709 7
710 15
711 12
712 12
713 12
714 10
715 11
716 9
717 11
718 15
719 12
720 11
721 12
722 13
723 16
724 11
725 15
726 9
727 6
728 11
729 14
730 7
731 10
732 14
733 7
734 16
735 12
736 5
737 9
738 11
739 10
740 10
741 15
742 9
743 11
744 8
745 13
746 14
747 7
748 10
749 10
750 5
751 13
752 6
753 7
754 10
755 9
756 8
757 16
758 9
759 11
760 9
761 10
762 13
763 16
764 10
765 11
766 9
767 12
768 12
769 10
770 13
771 9
772 8
773 7
774 16
775 10
776 7
777 10
778 15
779 14
780 10
781 8
782 11
783 12
784 14
785 12
786 16
787 10
788 12
789 9
790 17
791 17
792 6
793 7
794 5
795 12
796 15
797 5
798 8
799 15
800 14
801 12
802 8
803 7
804 9
805 12
806 9
807 15
808 9
809 9
810 10
811 5
812 7
813 6
814 12
815 12
816 12
817 12
818 8
819 14
820 7
821 18
822 9
823 13
824 6
825 10
826 8
827 15
828 9
829 17
830 12
831 14
832 14
833 11
834 19
835 6
836 5
837 13
838 12
839 16
840 12
841 16
842 8
843 13
844 15
845 7
846 7
847 13
848 7
849 11
850 7
851 9
852 13
853 16
854 11
855 6
856 8
857 10
858 5
859 7
860 14
861 11
862 7
863 8
864 13
865 6
866 4
867 16
868 11
869 17
870 7
871 11
872 13
873 4
874 13
875 8
876 13
877 10
878 8
879 15
880 12
881 9
882 13
883 13
884 10
885 6
886 15
887 5
888 11
889 17
890 15
891 13
892 10
893 16
894 13
895 13
896 17
897 12
898 15
899 12
900 15
901 8
902 10
903 14
904 10
905 17
906 8
907 10
908 10
909 7
910 13
911 8
912 13
913 9
914 10
915 10
916 13
917 16
918 10
919 12
920 10
921 13
922 14
923 15
924 20
925 10
926 11
927 9
928 14
929 17
930 20
931 12
932 11
933 11
934 11
935 2
936 14
937 9
938 17
939 13
940 10
941 18
942 14
943 14
944 7
945 10
946 12
947 7
948 12
949 10
950 13
951 13
952 18
953 15
954 8
955 17
956 12
957 8
958 14
959 7
960 9
961 11
962 15
963 12
964 16
965 14
966 8
967 10
968 19
969 4
970 19
971 11
972 9
973 17
974 15
975 15
976 11
977 16
978 11
979 11
980 12
981 11
982 8
983 21
984 15
985 11
986 12
987 17
988 15
989 13
990 9
991 22
992 10
993 14
994 22
995 14
996 13
997 26
998 8
999 17
1000 11
1001 14
1002 11
1003 14
1004 14
1005 19
1006 17
1007 13
1008 15
1009 17
1010 14
1011 17
1012 19
1013 13
1014 11
1015 11
1016 17
1017 12
1018 14
1019 12
1020 11
1021 11
1022 10
1023 8
1024 16
1025 11
1026 16
1027 11
1028 16
1029 15
1030 13
1031 19
1032 12
1033 16
1034 9
1035 11
1036 12
1037 10
1038 11
1039 14
1040 20
1041 13
1042 10
1043 20
1044 9
1045 9
1046 14
1047 17
1048 17
1049 18
1050 13
1051 18
1052 15
1053 12
1054 15
1055 14
1056 13
1057 18
1058 10
1059 25
1060 20
1061 12
1062 20
1063 18
1064 11
1065 13
1066 21
1067 23
1068 15
1069 16
1070 15
1071 17
1072 15
1073 15
1074 27
1075 13
1076 16
1077 16
1078 18
1079 22
1080 22
1081 22
1082 17
1083 24
1084 19
1085 14
1086 24
1087 17
1088 11
1089 25
1090 17
1091 22
1092 16
1093 28
1094 26
1095 27
1096 25
1097 15
1098 22
1099 20
1100 20
1101 25
1102 21
1103 15
1104 14
1105 16
1106 18
1107 31
1108 25
1109 21
1110 21
1111 28
1112 23
1113 17
1114 15
1115 20
1116 24
1117 23
1118 24
1119 20
1120 15
1121 28
1122 15
1123 25
1124 22
1125 13
1126 29
1127 23
1128 28
1129 23
1130 30
1131 17
1132 21
1133 13
1134 33
1135 19
1136 22
1137 19
1138 21
1139 27
1140 27
1141 23
1142 19
1143 24
1144 25
1145 24
1146 25
1147 24
1148 21
1149 24
1150 25
1151 35
1152 22
1153 24
1154 24
1155 21
1156 17
1157 26
1158 20
1159 23
1160 16
1161 21
1162 27
1163 22
1164 20
1165 19
1166 23
1167 28
1168 22
1169 21
1170 21
1171 25
1172 28
1173 25
1174 27
1175 30
1176 30
1177 27
1178 20
1179 16
1180 29
1181 24
1182 23
1183 25
1184 21
1185 26
1186 29
1187 24
1188 19
1189 27
1190 21
1191 29
1192 16
1193 30
1194 15
1195 19
1196 24
1197 30
1198 24
1199 23
1200 26
1201 21
1202 29
1203 23
1204 22
1205 24
1206 24
1207 25
1208 25
1209 24
1210 19
1211 15
1212 27
1213 21
1214 17
1215 24
1216 26
1217 22
1218 15
1219 25
1220 28
1221 18
1222 21
1223 18
1224 26
1225 25
1226 19
1227 24
1228 26
1229 24
1230 17
1231 25
1232 21
1233 29
1234 32
1235 23
1236 24
1237 33
1238 31
1239 25
1240 28
1241 30
1242 23
1243 36
1244 29
1245 22
1246 32
1247 35
1248 35
1249 32
1250 27
1251 32
1252 29
1253 22
1254 42
1255 29
1256 30
1257 35
1258 35
1259 26
1260 16
1261 28
1262 38
1263 33
1264 31
1265 30
1266 33
1267 37
1268 43
1269 37
1270 25
1271 26
1272 42
1273 24
1274 35
1275 35
1276 28
1277 35
1278 32
1279 31
1280 39
1281 34
1282 32
1283 38
1284 39
1285 37
1286 36
1287 31
1288 43
1289 25
1290 43
1291 43
1292 40
1293 34
1294 40
1295 47
1296 37
1297 26
1298 44
1299 40
1300 43
1301 38
1302 39
1303 33
1304 38
1305 37
1306 35
1307 30
1308 27
1309 30
1310 31
1311 35
1312 39
1313 27
1314 35
1315 40
1316 41
1317 37
1318 22
1319 39
1320 37
1321 44
1322 42
1323 40
1324 30
1325 32
1326 52
1327 35
1328 35
1329 30
1330 26
1331 35
1332 38
1333 42
1334 28
1335 20
1336 30
1337 27
1338 35
1339 25
1340 32
1341 30
1342 27
1343 34
1344 28
1345 28
1346 28
1347 29
1348 37
1349 30
1350 20
1351 27
1352 32
1353 36
1354 28
1355 21
1356 28
1357 34
1358 19
1359 31
1360 31
1361 24
1362 22
1363 19
1364 16
1365 36
1366 17
1367 21
1368 39
1369 14
1370 22
1371 21
1372 23
1373 23
1374 22
1375 21
1376 23
1377 24
1378 22
1379 18
1380 24
1381 21
1382 20
1383 28
1384 27
1385 30
1386 24
1387 22
1388 27
1389 34
1390 17
1391 28
1392 23
1393 28
1394 25
1395 32
1396 29
1397 28
1398 31
1399 23
1400 31
1401 21
1402 29
1403 31
1404 29
1405 29
1406 33
1407 23
1408 23
1409 25
1410 41
1411 34
1412 24
1413 13
1414 32
1415 33
1416 33
1417 27
1418 41
1419 29
1420 32
1421 35
1422 44
1423 44
1424 28
1425 40
1426 42
1427 31
1428 42
1429 41
1430 28
1431 30
1432 44
1433 39
1434 40
1435 36
1436 43
1437 33
1438 39
1439 34
1440 43
1441 30
1442 41
1443 47
1444 33
1445 46
1446 40
1447 29
1448 38
1449 37
1450 30
1451 43
1452 35
1453 31
1454 39
1455 48
1456 41
1457 40
1458 46
1459 41
1460 33
1461 39
1462 37
1463 29
1464 39
1465 41
1466 41
1467 51
1468 44
1469 39
1470 43
1471 45
1472 42
1473 40
1474 36
1475 38
1476 42
1477 36
1478 38
1479 37
1480 35
1481 40
1482 29
1483 39
1484 42
1485 35
1486 34
1487 32
1488 37
1489 34
1490 36
1491 20
1492 30
1493 31
1494 30
1495 32
1496 31
1497 32
1498 27
1499 29
1500 37
1501 27
1502 18
1503 27
1504 13
1505 28
1506 25
1507 17
1508 21
1509 13
1510 25
1511 27
1512 19
1513 23
1514 28
1515 15
1516 20
1517 17
1518 15
1519 12
1520 19
1521 12
1522 17
1523 14
1524 10
1525 10
1526 14
1527 11
1528 12
1529 13
1530 12
1531 12
1532 11
1533 14
1534 9
1535 14
1536 11
1537 10
1538 5
1539 10
1540 16
1541 9
1542 14
1543 13
1544 6
1545 8
1546 11
1547 13
1548 9
1549 5
1550 8
1551 10
1552 9
1553 10
1554 5
1555 14
1556 5
1557 10
1558 10
1559 10
1560 11
1561 5
1562 5
1563 9
1564 6
1565 8
1566 5
1567 6
1568 2
1569 7
1570 1
1571 8
1572 7
1573 6
1574 9
1575 5
1576 10
1577 7
1578 14
1579 5
1580 3
1581 5
1582 7
1583 7
1584 6
1585 10
1586 11
1587 10
1588 8
1589 7
1590 14
1591 11
1592 6
1593 4
1594 8
1595 11
1596 12
1597 12
1598 6
1599 12
1600 9
1601 9
1602 2
1603 8
1604 6
1605 10
1606 8
1607 9
1608 8
1609 10
1610 10
1611 9
1612 5
1613 12
1614 5
1615 9
1616 9
1617 14
1618 14
1619 4
1620 8
1621 5
1622 7
1623 13
1624 11
1625 10
1626 7
1627 7
1628 16
1629 14
1630 9
1631 7
1632 11
1633 12
1634 9
1635 11
1636 13
1637 11
1638 10
1639 14
1640 8
1641 10
1642 9
1643 10
1644 5
1645 7
1646 6
1647 7
1648 9
1649 9
1650 8
1651 6
1652 9
1653 4
1654 5
1655 7
1656 5
1657 6
1658 4
1659 4
1660 5
1661 4
1662 4
1663 3
1664 5
1665 4
1666 3
1667 2
1668 0
1669 7
1670 7
1671 2
1672 3
1673 2
1674 2
1675 1
1676 1
1677 3
1678 1
1679 1
1680 3
1681 2
1682 6
1683 1
1684 3
1685 4
1686 5
1687 0
1688 0
1689 1
1690 3
1691 1
1692 2
1693 1
1694 4
1695 5
1696 1
1697 1
1698 1
1699 1
1700 0
1701 1
1702 1
1703 0
1704 0
1705 1
1706 1
1707 3
1708 2
1709 0
1710 0
1711 0
1712 0
1713 1
1714 0
1715 2
1716 1
1717 1
1718 1
1719 0
1720 0
1721 0
1722 0
1723 1
1724 2
1725 1
1726 0
1727 0
1728 1
1729 0
1730 0
1731 0
1732 1
1733 0
1734 1
1735 0
1736 0
1737 0
1738 0
1739 0
1740 0
1741 0
1742 1
1743 2
1744 0
1745 0
1746 0
1747 1
1748 0
1749 0
1750 1
1751 0
1752 1
1753 0
1754 0
1755 0
1756 0
1757 0
1758 0
1759 0
1760 0
1761 0
1762 0
1763 1
1764 1
1765 0
1766 0
1767 0
1768 0
1769 1
1770 1
1771 0
1772 0
1773 0
1774 0
1775 0
1776 2
1777 0
1778 0
1779 0
1780 1
1781 1
1782 0
1783 0
1784 0
1785 1
1786 0
1787 1
1788 0
1789 0
1790 0
1791 1
1792 3
1793 0
1794 0
1795 0
1796 0
1797 0
1798 0
1799 0
1800 0
1801 0
1802 0
1803 0
1804 1
1805 1
1806 0
1807 0
1808 0
1809 1
1810 1
1811 0
1812 0
1813 0
1814 1
1815 2
1816 0
1817 1
1818 0
1819 0
1820 0
1821 0
1822 0
1823 0
1824 0
1825 0
1826 1
1827 1
1828 0
1829 0
1830 0
1831 0
1832 1
1833 0
1834 0
1835 1
1836 0
1837 0
1838 0
1839 1
1840 1
1841 0
1842 0
1843 1
1844 0
1845 0
1846 0
1847 0
1848 0
1849 0
1850 1
1851 0
1852 0
1853 0
1854 0
1855 0
1856 0
1857 1
1858 0
1859 0
1860 0
1861 0
1862 0
1863 1
1864 0
1865 0
1866 0
1867 0
1868 0
1869 0
1870 0
1871 0
1872 2
1873 0
1874 0
1875 0
1876 0
1877 0
1878 0
1879 0
1880 1
1881 0
1882 0
1883 0
1884 0
1885 0
1886 1
1887 1
1888 0
1889 0
1890 1
1891 0
1892 1
1893 0
1894 0
1895 0
1896 0
1897 0
1898 0
1899 1
1900 0
1901 0
1902 0
1903 0
1904 0
1905 1
1906 0
1907 0
1908 0
1909 0
1910 0
1911 1
1912 0
1913 0
1914 1
1915 0
1916 1
1917 0
1918 1
1919 1
1920 0
1921 1
1922 0
1923 2
1924 0
1925 0
1926 0
1927 1
1928 0
1929 1
1930 0
1931 1
1932 0
1933 1
1934 1
1935 1
1936 0
1937 0
1938 0
1939 0
1940 0
1941 0
1942 0
1943 0
1944 0
1945 0
1946 0
1947 0
1948 0
1949 0
1950 1
1951 1
1952 1
1953 0
1954 0
1955 0
1956 0
1957 0
1958 0
1959 0
1960 0
1961 0
1962 1
1963 0
1964 1
1965 0
1966 0
1967 1
1968 0
1969 0
1970 0
1971 1
1972 0
1973 0
1974 0
1975 0
1976 0
1977 1
1978 1
1979 1
1980 0
1981 0
1982 0
1983 0
1984 1
1985 0
1986 0
1987 0
1988 1
1989 1
1990 1
1991 0
1992 0
1993 0
1994 0
1995 0
1996 0
1997 1
1998 0
1999 0
2000 0
2001 0
2002 0
2003 0
2004 0
2005 0
2006 0
2007 0
2008 1
2009 2
2010 0
2011 0
2012 1
2013 0
2014 0
2015 0
2016 0
2017 0
2018 0
2019 0
2020 0
2021 2
2022 0
2023 0
2024 1
2025 1
2026 1
2027 0
2028 1
2029 0
2030 0
2031 0
2032 0
2033 0
2034 0
2035 0
2036 0
2037 0
2038 0
2039 0
2040 0
2041 0
2042 0
2043 0
2044 0
2045 0
2046 0
2047 0
