# Dead time factor = 1.00000
0 0
1 0
2 0
3 0
4 0
5 0
6 0
7 0
8 0
9 0
10 0
11 0
12 0
13 0
14 0
15 0
16 0
17 0
18 0
19 0
20 1
21 1
22 4
23 10
24 9
25 10
26 13
27 13
28 19
29 14
30 20
31 15
32 18
33 16
34 10
35 17
36 17
37 16
38 28
39 13
40 23
41 18
42 24
43 19
44 22
45 22
46 46
47 47
48 78
49 112
50 99
51 129
52 119
53 105
54 72
55 70
56 44
57 46
58 27
59 20
60 13
61 13
62 14
63 12
64 9
65 10
66 6
67 10
68 8
69 9
70 4
71 3
72 2
73 5
74 3
75 2
76 4
77 6
78 2
79 4
80 7
81 2
82 2
83 3
84 2
85 3
86 3
87 3
88 2
89 6
90 3
91 2
92 6
93 4
94 6
95 5
96 4
97 7
98 10
99 4
100 2
101 2
102 8
103 2
104 2
105 5
106 3
107 1
108 2
109 3
110 5
111 5
112 3
113 4
114 4
115 4
116 1
117 4
118 0
119 2
120 4
121 3
122 1
123 4
124 4
125 1
126 1
127 4
128 4
129 5
130 0
131 3
132 4
133 2
134 4
135 1
136 6
137 6
138 1
139 3
140 4
141 2
142 2
143 2
144 3
145 1
146 1
147 2
148 4
149 2
150 5
151 2
152 2
153 1
154 0
155 4
156 1
157 3
158 1
159 2
160 0
161 0
162 4
163 1
164 3
165 7
166 2
167 4
168 1
169 5
170 3
171 3
172 5
173 3
174 4
175 1
176 3
177 2
178 3
179 2
180 3
181 1
182 1
183 3
184 2
185 1
186 0
187 1
188 4
189 3
190 6
191 2
192 4
193 4
194 3
195 2
196 4
197 2
198 3
199 1
200 4
201 0
202 5
203 4
204 3
205 1
206 1
207 5
208 2
209 3
210 1
211 0
212 0
213 4
214 0
215 0
216 1
217 2
218 5
219 1
220 3
221 4
222 1
223 2
224 1
225 0
226 1
227 2
228 3
229 2
230 3
231 1
232 1
233 0
234 0
235 0
236 0
237 1
238 1
239 1
240 2
241 2
242 2
243 1
244 1
245 0
246 2
247 1
248 2
249 0
250 1
251 0
252 0
253 2
254 0
255 3
256 1
257 0
258 1
259 1
260 3
261 2
262 1
263 1
264 1
265 0
266 1
267 2
268 2
269 0
270 1
271 4
272 0
273 1
274 1
275 3
276 2
277 1
278 1
279 2
280 2
281 1
282 3
283 1
284 3
285 0
286 1
287 3
288 1
289 1
290 4
291 3
292 3
293 1
294 1
295 1
296 1
297 4
298 0
299 1
300 0
301 0
302 2
303 1
304 0
305 0
306 1
307 0
308 0
309 0
310 0
311 4
312 1
313 2
314 2
315 0
316 2
317 3
318 2
319 3
320 0
321 3
322 2
323 2
324 2
325 1
326 1
327 2
328 0
329 0
330 1
331 1
332 2
333 3
334 2
335 0
336 1
337 0
338 1
339 1
340 1
341 1
342 2
343 3
344 1
345 0
346 3
347 1
348 4
349 2
350 1
351 0
352 0
353 2
354 2
355 1
356 3
357 0
358 2
359 2
360 2
361 1
362 0
363 3
364 2
365 0
366 1
367 2
368 0
369 2
370 4
371 4
372 0
373 3
374 1
375 1
376 0
377 1
378 2
379 2
380 1
381 3
382 0
383 0
384 0
385 0
386 2
387 1
388 2
389 0
390 2
391 0
392 0
393 1
394 0
395 1
396 1
397 1
398 1
399 0
400 0
401 2
402 1
403 0
404 1
405 0
406 2
407 0
408 2
409 2
410 1
411 0
412 2
413 0
414 0
415 0
416 1
417 1
418 0
419 1
420 3
421 1
422 1
423 0
424 2
425 0
426 0
427 0
428 0
429 2
430 1
431 1
432 0
433 2
434 1
435 2
436 1
437 1
438 1
439 0
440 0
441 0
442 2
443 0
444 0
445 1
446 1
447 0
448 1
449 2
450 0
451 1
452 0
453 1
454 1
455 0
456 0
457 3
458 0
459 0
460 0
461 0
462 2
463 0
464 1
465 0
466 1
467 1
468 2
469 1
470 1
471 0
472 1
473 0
474 0
475 2
476 1
477 0
478 0
479 1
480 0
481 0
482 2
483 0
484 0
485 2
486 2
487 1
488 1
489 0
490 0
491 0
492 0
493 1
494 0
495 2
496 1
497 4
498 0
499 0
500 1
501 1
502 1
503 2
504 2
505 2
506 0
507 1
508 1
509 1
510 1
511 0
512 0
513 2
514 3
515 0
516 0
517 1
518 0
519 1
520 0
521 0
522 0
523 0
524 1
525 0
526 1
527 0
528 1
529 0
530 2
531 0
532 2
533 0
534 0
535 1
536 0
537 0
538 0
539 1
540 1
541 1
542 0
543 0
544 1
545 0
546 1
547 0
548 1
549 0
550 0
551 0
552 0
553 1
554 1
555 4
556 1
557 0
558 1
559 0
560 0
561 1
562 1
563 1
564 2
565 1
566 2
567 0
568 1
569 0
570 0
571 0
572 3
573 1
574 1
575 0
576 0
577 0
578 0
579 0
580 3
581 0
582 0
583 2
584 1
585 1
586 1
587 1
588 0
589 1
590 0
591 1
592 0
593 0
594 1
595 0
596 0
597 0
598 2
599 1
600 1
601 1
602 1
603 0
604 0
605 0
606 0
607 0
608 0
609 0
610 2
611 1
612 0
613 0
614 1
615 0
616 1
617 0
618 1
619 0
620 0
621 1
622 1
623 1
624 0
625 0
626 0
627 1
628 0
629 0
630 0
631 1
632 0
633 0
634 0
635 0
636 1
637 0
638 0
639 0
640 2
641 0
642 0
643 0
644 1
645 2
646 2
647 0
648 0
649 1
650 3
651 1
652 1
653 1
654 0
655 1
656 1
657 0
658 0
659 0
660 0
661 1
662 0
663 0
664 2
665 1
666 1
667 2
668 0
669 1
670 2
671 0
672 3
673 1
674 0
675 1
676 0
677 0
678 0
679 1
680 0
681 0
682 1
683 1
684 0
685 0
686 1
687 0
688 0
689 1
690 0
691 1
692 0
693 0
694 0
695 0
696 1
697 0
698 1
699 0
700 1
701 0
702 1
703 2
704 0
705 1
706 0
707 1
708 1
709 0
710 0
711 0
712 0
713 1
714 0
715 0
716 0
717 1
718 0
719 1
720 0
721 0
722 0
723 0
724 1
725 1
726 0
727 0
728 1
729 1
730 0
731 1
732 0
733 3
734 1
735 0
736 0
737 0
738 0
739 0
740 0
741 0
742 0
743 0
744 0
745 2
746 2
747 1
748 1
749 0
750 1
751 0
752 0
753 0
754 0
755 0
756 1
757 1
758 1
759 0
760 1
761 0
762 0
763 1
764 0
765 0
766 0
767 0
768 0
769 0
770 1
771 0
772 0
773 1
774 0
775 0
776 2
777 0
778 0
779 0
780 0
781 1
782 0
783 0
784 0
785 1
786 1
787 0
788 1
789 1
790 1
791 1
792 1
793 2
794 2
795 0
796 1
797 0
798 0
799 1
800 0
801 0
802 1
803 0
804 0
805 0
806 1
807 0
808 0
809 2
810 0
811 1
812 0
813 1
814 0
815 0
816 0
817 0
818 0
819 0
820 0
821 0
822 0
823 0
824 1
825 0
826 0
827 0
828 1
829 1
830 1
831 1
832 0
833 0
834 0
835 2
836 1
837 0
838 0
839 0
840 1
841 1
842 1
843 2
844 0
845 0
846 0
847 3
848 0
849 0
850 0
851 1
852 0
853 0
854 1
855 1
856 0
857 0
858 1
859 0
860 0
861 1
862 0
863 1
864 0
865 1
866 0
867 0
868 1
869 2
870 0
871 3
872 0
873 0
874 0
875 1
876 1
877 2
878 1
879 0
880 0
881 1
882 0
883 0
884 0
885 1
886 0
887 2
888 1
889 1
890 2
891 0
892 0
893 1
894 1
895 0
896 0
897 0
898 0
899 0
900 0
901 0
902 0
903 1
904 0
905 0
906 0
907 0
908 1
909 0
910 1
911 1
912 0
913 0
914 0
915 1
916 2
917 0
918 0
919 1
920 0
921 1
922 0
923 0
924 0
925 0
926 1
927 1
928 3
929 1
930 0
931 1
932 0
933 0
934 0
935 0
936 0
937 2
938 0
939 1
940 1
941 0
942 1
943 0
944 1
945 1
946 1
947 0
948 2
949 0
950 1
951 1
952 0
953 0
954 0
955 3
956 0
957 0
958 0
959 0
960 0
961 1
962 2
963 0
964 2
965 1
966 0
967 1
968 0
969 0
970 1
971 0
972 0
973 0
974 1
975 0
976 0
977 0
978 0
979 0
980 2
981 0
982 0
983 0
984 1
985 0
986 0
987 1
988 1
989 0
990 1
991 2
992 0
993 0
994 0
995 0
996 2
997 1
998 2
999 0
1000 1
1001 0
1002 2
1003 0
1004 0
1005 2
1006 1
1007 0
1008 3
1009 1
1010 1
1011 0
1012 0
1013 2
1014 0
1015 2
1016 0
1017 1
1018 0
1019 1
1020 0
1021 2
1022 0
1023 0
1024 0
1025 2
1026 1
1027 0
1028 1
1029 0
1030 0
1031 1
1032 1
1033 2
1034 0
1035 1
1036 1
1037 2
1038 1
1039 2
1040 1
1041 2
1042 0
1043 1
1044 0
1045 1
1046 2
1047 0
1048 0
1049 0
1050 0
1051 1
1052 0
1053 0
1054 0
1055 0
1056 0
1057 0
1058 1
1059 0
1060 1
1061 3
1062 0
1063 0
1064 2
1065 0
1066 0
1067 0
1068 0
1069 1
1070 1
1071 0
1072 0
1073 1
1074 1
1075 1
1076 1
1077 0
1078 0
1079 2
1080 2
1081 0
1082 0
1083 2
1084 2
1085 0
1086 0
1087 1
1088 3
1089 0
1090 2
1091 0
1092 1
1093 4
1094 2
1095 2
1096 1
1097 1
1098 0
1099 1
1100 0
1101 1
1102 0
1103 0
1104 0
1105 0
1106 1
1107 1
1108 0
1109 0
1110 1
1111 1
1112 3
1113 1
1114 1
1115 1
1116 1
1117 1
1118 1
1119 0
1120 0
1121 2
1122 2
1123 1
1124 1
1125 0
1126 0
1127 0
1128 1
1129 0
1130 0
1131 0
1132 1
1133 0
1134 0
1135 2
1136 1
1137 3
1138 0
1139 1
1140 2
1141 0
1142 2
1143 2
1144 3
1145 0
1146 1
1147 1
1148 0
1149 1
1150 2
1151 1
1152 1
1153 0
1154 0
1155 0
1156 2
1157 2
1158 0
1159 2
1160 0
1161 0
1162 3
1163 2
1164 3
1165 2
1166 0
1167 0
1168 0
1169 1
1170 1
1171 0
1172 0
1173 0
1174 1
1175 1
1176 0
1177 2
1178 2
1179 0
1180 1
1181 0
1182 0
1183 0
1184 1
1185 0
1186 0
1187 3
1188 0
1189 0
1190 1
1191 2
1192 2
1193 0
1194 0
1195 1
1196 0
1197 3
1198 2
1199 1
1200 1
1201 2
1202 2
1203 1
1204 0
1205 0
1206 0
1207 0
1208 3
1209 0
1210 0
1211 1
1212 1
1213 1
1214 1
1215 0
1216 2
1217 1
1218 1
1219 2
1220 0
1221 0
1222 2
1223 2
1224 0
1225 2
1226 2
1227 1
1228 1
1229 0
1230 0
1231 0
1232 1
1233 1
1234 2
1235 0
1236 2
1237 0
1238 2
1239 3
1240 1
1241 0
1242 1
1243 2
1244 2
1245 2
1246 1
1247 0
1248 2
1249 0
1250 1
1251 2
1252 1
1253 1
1254 0
1255 2
1256 2
1257 0
1258 0
1259 0
1260 3
1261 2
1262 1
1263 0
1264 1
1265 1
1266 0
1267 0
1268 1
1269 2
1270 1
1271 2
1272 1
1273 6
1274 2
1275 4
1276 1
1277 1
1278 1
1279 2
1280 0
1281 0
1282 1
1283 2
1284 0
1285 0
1286 1
1287 0
1288 2
1289 1
1290 1
1291 1
1292 1
1293 1
1294 0
1295 0
1296 1
1297 2
1298 1
1299 1
1300 2
1301 0
1302 1
1303 1
1304 2
1305 0
1306 0
1307 3
1308 0
1309 5
1310 2
1311 2
1312 1
1313 3
1314 0
1315 3
1316 1
1317 1
1318 2
1319 2
1320 2
1321 2
1322 0
1323 0
1324 1
1325 3
1326 2
1327 0
1328 1
1329 0
1330 0
1331 1
1332 1
1333 1
1334 2
1335 0
1336 1
1337 1
1338 1
1339 1
1340 2
1341 1
1342 2
1343 2
1344 1
1345 2
1346 1
1347 2
1348 1
1349 1
1350 2
1351 1
1352 1
1353 1
1354 4
1355 3
1356 3
1357 0
1358 1
1359 0
1360 2
1361 1
1362 3
1363 3
1364 1
1365 1
1366 3
1367 0
1368 0
1369 4
1370 1
1371 1
1372 4
1373 1
1374 0
1375 1
1376 2
1377 0
1378 0
1379 1
1380 2
1381 0
1382 2
1383 0
1384 0
1385 0
1386 1
1387 1
1388 0
1389 0
1390 1
1391 1
1392 1
1393 1
1394 0
1395 1
1396 0
1397 2
1398 2
1399 1
1400 3
1401 3
1402 0
1403 1
1404 2
1405 2
1406 4
1407 1
1408 0
1409 0
1410 1
1411 2
1412 2
1413 1
1414 1
1415 1
1416 0
1417 1
1418 2
1419 4
1420 1
1421 1
1422 1
1423 1
1424 2
1425 3
1426 1
1427 1
1428 0
1429 1
1430 0
1431 3
1432 3
1433 1
1434 1
1435 0
1436 1
1437 1
1438 2
1439 0
1440 1
1441 1
1442 0
1443 1
1444 1
1445 1
1446 2
1447 5
1448 1
1449 2
1450 1
1451 3
1452 0
1453 1
1454 4
1455 2
1456 0
1457 2
1458 0
1459 0
1460 4
1461 1
1462 1
1463 3
1464 0
1465 0
1466 2
1467 2
1468 0
1469 3
1470 3
1471 4
1472 1
1473 2
1474 1
1475 0
1476 2
1477 1
1478 2
1479 1
1480 0
1481 3
1482 3
1483 0
1484 1
1485 1
1486 3
1487 1
1488 1
1489 2
1490 1
1491 1
1492 1
1493 0
1494 2
1495 2
1496 1
1497 1
1498 1
1499 0
1500 1
1501 1
1502 3
1503 0
1504 2
1505 3
1506 2
1507 1
1508 0
1509 1
1510 0
1511 1
1512 1
1513 1
1514 1
1515 2
1516 2
1517 1
1518 0
1519 0
1520 2
1521 1
1522 1
1523 1
1524 0
1525 1
1526 0
1527 1
1528 0
1529 3
1530 0
1531 0
1532 1
1533 0
1534 0
1535 0
1536 0
1537 2
1538 0
1539 0
1540 1
1541 0
1542 2
1543 2
1544 0
1545 0
1546 0
1547 0
1548 0
1549 0
1550 2
1551 1
1552 0
1553 0
1554 0
1555 0
1556 1
1557 0
1558 0
1559 0
1560 2
1561 1
1562 1
1563 0
1564 0
1565 0
1566 0
1567 0
1568 0
1569 0
1570 0
1571 1
1572 0
1573 0
1574 0
1575 1
1576 0
1577 1
1578 0
1579 0
1580 0
1581 1
1582 1
1583 0
1584 2
1585 0
1586 0
1587 0
1588 0
1589 0
1590 0
1591 1
1592 1
1593 0
1594 0
1595 0
1596 1
1597 1
1598 2
1599 0
1600 0
1601 0
1602 0
1603 0
1604 0
1605 0
1606 1
1607 1
1608 0
1609 0
1610 0
1611 1
1612 0
1613 0
1614 1
1615 0
1616 0
1617 0
1618 1
1619 0
1620 1
1621 1
1622 2
1623 0
1624 0
1625 0
1626 0
1627 1
1628 0
1629 1
1630 1
1631 0
1632 0
1633 0
1634 0
1635 0
1636 0
1637 1
1638 1
1639 0
1640 0
1641 1
1642 0
1643 0
1644 0
1645 0
1646 0
1647 1
1648 0
1649 0
1650 0
1651 0
1652 0
1653 0
1654 0
1655 0
1656 0
1657 0
1658 0
1659 1
1660 1
1661 0
1662 2
1663 0
1664 1
1665 0
1666 1
1667 0
1668 1
1669 1
1670 1
1671 0
1672 0
1673 1
1674 0
1675 0
1676 0
1677 0
1678 0
1679 0
1680 0
1681 0
1682 0
1683 0
1684 0
1685 0
1686 0
1687 0
1688 0
1689 0
1690 0
1691 1
1692 0
1693 0
1694 0
1695 0
1696 1
1697 0
1698 0
1699 0
1700 0
1701 0
1702 0
1703 0
1704 0
1705 0
1706 0
1707 0
1708 0
1709 0
1710 0
1711 0
1712 0
1713 0
1714 0
1715 0
1716 0
1717 0
1718 0
1719 1
1720 1
1721 0
1722 0
1723 0
1724 0
1725 0
1726 0
1727 0
1728 0
1729 1
1730 0
1731 0
1732 0
1733 0
1734 0
1735 0
1736 0
1737 0
1738 0
1739 0
1740 0
1741 0
1742 0
1743 0
1744 0
1745 0
1746 0
1747 0
1748 0
1749 0
1750 0
1751 0
1752 0
1753 0
1754 0
1755 0
1756 0
1757 0
1758 0
1759 0
1760 0
1761 0
1762 0
1763 0
1764 0
1765 0
1766 0
1767 0
1768 0
1769 0
1770 0
1771 0
1772 0
1773 0
1774 0
1775 0
1776 0
1777 0
1778 1
1779 0
1780 0
1781 0
1782 0
1783 1
1784 0
1785 0
1786 0
1787 0
1788 0
1789 0
1790 0
1791 0
1792 0
1793 0
1794 0
1795 0
1796 0
1797 0
1798 0
1799 0
1800 0
1801 0
1802 0
1803 0
1804 0
1805 0
1806 0
1807 0
1808 0
1809 0
1810 0
1811 0
1812 0
1813 0
1814 0
1815 0
1816 0
1817 0
1818 0
1819 0
1820 0
1821 1
1822 0
1823 0
1824 0
1825 0
1826 0
1827 0
1828 0
1829 1
1830 0
1831 0
1832 0
1833 0
1834 0
1835 0
1836 0
1837 0
1838 0
1839 0
1840 0
1841 0
1842 0
1843 0
1844 0
1845 0
1846 0
1847 0
1848 0
1849 1
1850 0
1851 0
1852 0
1853 0
1854 1
1855 0
1856 0
1857 0
1858 0
1859 0
1860 1
1861 0
1862 1
1863 0
1864 0
1865 0
1866 0
1867 0
1868 0
1869 0
1870 0
1871 0
1872 0
1873 0
1874 0
1875 0
1876 0
1877 0
1878 0
1879 0
1880 0
1881 1
1882 0
1883 0
1884 2
1885 0
1886 0
1887 0
1888 0
1889 0
1890 0
1891 0
1892 0
1893 0
1894 0
1895 0
1896 0
1897 0
1898 0
1899 0
1900 0
1901 0
1902 0
1903 0
1904 0
1905 0
1906 0
1907 0
1908 0
1909 0
1910 0
1911 0
1912 0
1913 1
1914 0
1915 0
1916 0
1917 0
1918 0
1919 0
1920 1
1921 0
1922 0
1923 0
1924 1
1925 0
1926 0
1927 0
1928 0
1929 1
1930 0
1931 0
1932 0
1933 0
1934 0
1935 0
1936 0
1937 0
1938 0
1939 0
1940 0
1941 1
1942 0
1943 0
1944 0
1945 0
1946 0
1947 0
1948 0
1949 0
1950 0
1951 0
1952 0
1953 0
1954 0
1955 0
1956 0
1957 0
1958 0
1959 0
1960 1
1961 1
1962 0
1963 1
1964 0
1965 0
1966 0
1967 0
1968 0
1969 0
1970 1
1971 0
1972 0
1973 0
1974 0
1975 0
1976 0
1977 0
1978 0
1979 0
1980 0
1981 0
1982 0
1983 0
1984 0
1985 1
1986 0
1987 0
1988 0
1989 0
1990 0
1991 0
1992 0
1993 0
1994 0
1995 0
1996 0
1997 0
1998 0
1999 0
2000 0
2001 0
2002 0
2003 0
2004 0
2005 0
2006 0
2007 0
2008 0
2009 0
2010 0
2011 0
2012 0
2013 0
2014 2
2015 0
2016 0
2017 0
2018 0
2019 0
2020 1
2021 0
2022 1
2023 0
2024 0
2025 0
2026 0
2027 0
2028 0
2029 0
2030 0
2031 0
2032 0
2033 0
2034 0
2035 0
2036 0
2037 0
2038 0
2039 0
2040 0
2041 0
2042 0
2043 0
2044 0
2045 0
2046 0
2047 0
