# Dead time factor = 1.00000
0 0
1 0
2 0
3 0
4 0
5 0
6 0
7 0
8 0
9 0
10 0
11 0
12 0
13 0
14 0
15 0
16 0
17 0
18 0
19 0
20 0
21 22
22 24
23 26
24 27
25 30
26 33
27 28
28 29
29 36
30 35
31 22
32 24
33 40
34 30
35 43
36 45
37 50
38 53
39 39
40 43
41 29
42 45
43 39
44 44
45 31
46 56
47 89
48 101
49 140
50 163
51 143
52 180
53 152
54 129
55 92
56 81
57 74
58 41
59 53
60 33
61 32
62 26
63 29
64 37
65 34
66 30
67 37
68 31
69 24
70 27
71 25
72 38
73 25
74 22
75 32
76 30
77 31
78 32
79 32
80 39
81 37
82 30
83 33
84 39
85 28
86 36
87 29
88 36
89 37
90 33
91 33
92 28
93 37
94 24
95 25
96 32
97 20
98 23
99 28
100 31
101 15
102 18
103 33
104 33
105 25
106 23
107 27
108 13
109 23
110 23
111 22
112 20
113 21
114 19
115 13
116 21
117 29
118 25
119 21
120 26
121 25
122 13
123 19
124 22
125 11
126 15
127 21
128 11
129 20
130 18
131 22
132 20
133 25
134 16
135 12
136 20
137 14
138 29
139 20
140 19
141 14
142 13
143 21
144 21
145 15
146 12
147 21
148 11
149 20
150 27
151 11
152 15
153 20
154 17
155 20
156 22
157 20
158 26
159 21
160 20
161 22
162 24
163 31
164 36
165 35
166 25
167 39
168 34
169 43
170 45
171 42
172 30
173 38
174 32
175 30
176 30
177 26
178 22
179 21
180 17
181 27
182 19
183 19
184 26
185 20
186 20
187 17
188 18
189 12
190 15
191 10
192 14
193 13
194 12
195 19
196 10
197 14
198 14
199 16
200 12
201 9
202 17
203 14
204 18
205 13
206 12
207 13
208 13
209 9
210 12
211 8
212 15
213 15
214 16
215 15
216 11
217 9
218 18
219 10
220 14
221 18
222 22
223 10
224 16
225 13
226 16
227 14
228 11
229 17
230 6
231 7
232 13
233 7
234 10
235 14
236 8
237 19
238 11
239 12
240 5
241 12
242 14
243 19
244 16
245 11
246 16
247 15
248 16
249 15
250 14
251 14
252 15
253 11
254 14
255 14
256 11
257 12
258 8
259 11
260 14
261 15
262 7
263 15
264 14
265 15
266 4
267 8
268 12
269 10
270 9
271 9
272 10
273 17
274 6
275 10
276 10
277 11
278 16
279 8
280 11
281 12
282 13
283 16
284 10
285 18
286 7
287 16
288 5
289 9
290 9
291 12
292 10
293 9
294 12
295 16
296 11
297 13
298 16
299 14
300 4
301 8
302 9
303 9
304 11
305 21
306 18
307 12
308 11
309 13
310 6
311 12
312 11
313 13
314 8
315 9
316 13
317 9
318 8
319 12
320 9
321 12
322 9
323 7
324 13
325 8
326 13
327 5
328 13
329 8
330 10
331 13
332 6
333 11
334 15
335 13
336 7
337 15
338 18
339 13
340 8
341 10
342 17
343 13
344 14
345 11
346 10
347 9
348 10
349 13
350 13
351 16
352 11
353 11
354 11
355 16
356 12
357 11
358 10
359 12
360 16
361 7
362 10
363 5
364 14
365 11
366 14
367 9
368 7
369 10
370 10
371 9
372 8
373 16
374 10
375 5
376 8
377 9
378 7
379 12
380 12
381 6
382 7
383 16
384 8
385 16
386 2
387 9
388 4
389 7
390 9
391 7
392 11
393 11
394 12
395 5
396 10
397 12
398 12
399 5
400 7
401 12
402 9
403 11
404 9
405 13
406 11
407 9
408 9
409 5
410 7
411 10
412 11
413 10
414 11
415 10
416 6
417 9
418 7
419 8
420 6
421 13
422 13
423 4
424 8
425 11
426 9
427 7
428 20
429 6
430 13
431 13
432 14
433 12
434 7
435 12
436 7
437 9
438 11
439 10
440 15
441 8
442 12
443 9
444 5
445 13
446 17
447 8
448 6
449 10
450 14
451 9
452 11
453 12
454 7
455 9
456 7
457 9
458 7
459 9
460 9
461 8
462 9
463 11
464 12
465 10
466 9
467 7
468 7
469 6
470 11
471 9
472 4
473 7
474 7
475 12
476 12
477 8
478 17
479 6
480 10
481 9
482 8
483 8
484 12
485 11
486 10
487 6
488 10
489 13
490 4
491 10
492 10
493 11
494 6
495 9
496 10
497 6
498 8
499 8
500 14
501 11
502 5
503 7
504 5
505 12
506 10
507 8
508 11
509 7
510 11
511 6
512 12
513 10
514 6
515 11
516 7
517 10
518 9
519 11
520 10
521 12
522 11
523 13
524 9
525 6
526 12
527 6
528 12
529 9
530 9
531 12
532 5
533 9
534 9
535 9
536 11
537 7
538 5
539 11
540 6
541 7
542 6
543 12
544 10
545 4
546 15
547 10
548 7
549 11
550 6
551 7
552 13
553 8
554 10
555 12
556 5
557 14
558 17
559 12
560 8
561 8
562 9
563 8
564 9
565 10
566 7
567 16
568 11
569 14
570 9
571 3
572 11
573 6
574 15
575 10
576 9
577 12
578 10
579 7
580 14
581 8
582 7
583 9
584 9
585 16
586 9
587 7
588 9
589 7
590 10
591 14
592 11
593 5
594 8
595 4
596 8
597 12
598 5
599 5
600 9
601 8
602 10
603 4
604 7
605 12
606 11
607 6
608 10
609 10
610 7
611 6
612 7
613 13
614 7
615 6
616 9
617 10
618 9
619 8
620 11
621 9
622 6
623 9
624 6
625 9
626 12
627 8
628 8
629 14
630 10
631 9
632 8
633 7
634 10
635 6
636 10
637 4
638 9
639 13
640 8
641 8
642 7
643 14
644 10
645 10
646 8
647 9
648 12
649 10
650 9
651 10
652 7
653 6
654 10
655 10
656 12
657 2
658 10
659 13
660 10
661 6
662 10
663 7
664 6
665 13
666 7
667 6
668 5
669 9
670 10
671 2
672 15
673 11
674 4
675 9
676 9
677 10
678 5
679 4
680 7
681 5
682 11
683 12
684 8
685 13
686 11
687 11
688 8
689 10
690 7
691 10
692 7
693 14
694 5
695 8
696 7
697 9
698 6
699 9
700 11
701 12
702 12
703 6
704 5
705 3
706 9
707 11
708 8
709 16
710 3
711 11
712 7
713 15
714 7
715 9
716 4
717 9
718 7
719 10
720 15
721 5
722 5
723 10
724 10
725 6
726 11
727 11
728 10
729 9
730 8
731 7
732 9
733 12
734 13
735 14
736 7
737 6
738 10
739 10
740 13
741 10
742 8
743 14
744 7
745 11
746 14
747 9
748 5
749 8
750 9
751 5
752 5
753 10
754 7
755 6
756 8
757 10
758 7
759 8
760 7
761 4
762 8
763 10
764 11
765 12
766 7
767 10
768 8
769 12
770 15
771 6
772 5
773 15
774 4
775 6
776 8
777 12
778 13
779 10
780 17
781 12
782 10
783 16
784 6
785 10
786 12
787 10
788 12
789 4
790 11
791 12
792 12
793 9
794 11
795 8
796 13
797 15
798 9
799 10
800 5
801 10
802 16
803 7
804 12
805 7
806 9
807 12
808 10
809 5
810 14
811 8
812 7
813 12
814 12
815 8
816 9
817 6
818 4
819 5
820 15
821 9
822 9
823 13
824 8
825 7
826 6
827 5
828 12
829 7
830 11
831 11
832 14
833 8
834 9
835 16
836 10
837 9
838 8
839 10
840 13
841 12
842 12
843 8
844 7
845 12
846 7
847 14
848 10
849 10
850 8
851 8
852 16
853 9
854 10
855 4
856 8
857 14
858 9
859 8
860 9
861 6
862 13
863 12
864 7
865 12
866 6
867 9
868 8
869 9
870 10
871 13
872 11
873 10
874 13
875 7
876 7
877 14
878 10
879 11
880 12
881 12
882 10
883 14
884 9
885 8
886 13
887 10
888 5
889 7
890 13
891 8
892 14
893 6
894 8
895 13
896 13
897 13
898 13
899 11
900 9
901 13
902 17
903 8
904 5
905 11
906 11
907 9
908 10
909 10
910 17
911 9
912 8
913 5
914 10
915 11
916 12
917 10
918 18
919 12
920 5
921 13
922 16
923 12
924 16
925 7
926 7
927 8
928 7
929 4
930 11
931 4
932 13
933 8
934 9
935 10
936 17
937 14
938 11
939 13
940 15
941 13
942 11
943 11
944 11
945 12
946 16
947 15
948 11
949 10
950 8
951 9
952 9
953 8
954 7
955 9
956 10
957 11
958 14
959 12
960 13
961 8
962 16
963 11
964 9
965 9
966 15
967 3
968 19
969 15
970 10
971 10
972 12
973 8
974 15
975 12
976 11
977 11
978 10
979 10
980 7
981 18
982 8
983 11
984 9
985 11
986 14
987 8
988 6
989 9
990 10
991 21
992 13
993 12
994 6
995 11
996 11
997 11
998 5
999 12
1000 10
1001 15
1002 14
1003 21
1004 12
1005 11
1006 10
1007 19
1008 10
1009 8
1010 14
1011 14
1012 10
1013 11
1014 7
1015 9
1016 13
1017 13
1018 13
1019 10
1020 14
1021 8
1022 10
1023 11
1024 7
1025 18
1026 13
1027 6
1028 13
1029 14
1030 14
1031 13
1032 14
1033 14
1034 8
1035 15
1036 10
1037 12
1038 7
1039 9
1040 11
1041 14
1042 7
1043 19
1044 12
1045 18
1046 16
1047 9
1048 8
1049 14
1050 14
1051 9
1052 11
1053 24
1054 22
1055 19
1056 14
1057 17
1058 12
1059 11
1060 16
1061 12
1062 14
1063 12
1064 23
1065 25
1066 22
1067 17
1068 12
1069 12
1070 14
1071 13
1072 10
1073 13
1074 22
1075 14
1076 17
1077 11
1078 16
1079 13
1080 21
1081 23
1082 14
1083 20
1084 18
1085 18
1086 7
1087 16
1088 20
1089 23
1090 15
1091 22
1092 17
1093 21
1094 13
1095 19
1096 9
1097 15
1098 27
1099 10
1100 16
1101 17
1102 12
1103 18
1104 24
1105 28
1106 19
1107 15
1108 24
1109 17
1110 15
1111 16
1112 14
1113 19
1114 20
1115 18
1116 22
1117 17
1118 22
1119 12
1120 23
1121 26
1122 22
1123 19
1124 20
1125 18
1126 26
1127 14
1128 21
1129 17
1130 17
1131 24
1132 20
1133 18
1134 19
1135 19
1136 19
1137 28
1138 23
1139 14
1140 31
1141 19
1142 26
1143 22
1144 20
1145 28
1146 23
1147 24
1148 25
1149 27
1150 24
1151 27
1152 18
1153 21
1154 25
1155 27
1156 20
1157 25
1158 16
1159 13
1160 20
1161 32
1162 14
1163 22
1164 18
1165 15
1166 17
1167 20
1168 15
1169 22
1170 20
1171 17
1172 26
1173 24
1174 18
1175 15
1176 26
1177 27
1178 19
1179 11
1180 22
1181 25
1182 18
1183 16
1184 30
1185 14
1186 20
1187 14
1188 24
1189 28
1190 22
1191 26
1192 24
1193 12
1194 21
1195 21
1196 21
1197 26
1198 21
1199 16
1200 23
1201 23
1202 20
1203 9
1204 22
1205 16
1206 25
1207 19
1208 21
1209 20
1210 21
1211 16
1212 16
1213 15
1214 26
1215 32
1216 27
1217 27
1218 20
1219 19
1220 27
1221 21
1222 19
1223 32
1224 21
1225 23
1226 21
1227 22
1228 21
1229 21
1230 28
1231 31
1232 30
1233 19
1234 22
1235 25
1236 23
1237 25
1238 20
1239 26
1240 22
1241 35
1242 28
1243 30
1244 42
1245 28
1246 36
1247 40
1248 30
1249 27
1250 28
1251 32
1252 31
1253 25
1254 23
1255 29
1256 34
1257 25
1258 39
1259 40
1260 38
1261 34
1262 30
1263 27
1264 23
1265 31
1266 36
1267 27
1268 23
1269 31
1270 35
1271 40
1272 24
1273 36
1274 22
1275 43
1276 30
1277 27
1278 33
1279 29
1280 24
1281 34
1282 31
1283 38
1284 23
1285 28
1286 29
1287 39
1288 35
1289 28
1290 32
1291 30
1292 38
1293 48
1294 22
1295 25
1296 43
1297 24
1298 36
1299 51
1300 31
1301 29
1302 28
1303 34
1304 27
1305 29
1306 36
1307 35
1308 33
1309 36
1310 34
1311 26
1312 42
1313 38
1314 42
1315 38
1316 35
1317 29
1318 39
1319 37
1320 20
1321 28
1322 32
1323 32
1324 29
1325 28
1326 28
1327 30
1328 39
1329 32
1330 23
1331 29
1332 25
1333 30
1334 38
1335 30
1336 25
1337 28
1338 22
1339 27
1340 24
1341 31
1342 32
1343 28
1344 34
1345 25
1346 28
1347 25
1348 26
1349 31
1350 33
1351 34
1352 23
1353 20
1354 18
1355 19
1356 21
1357 29
1358 19
1359 19
1360 23
1361 15
1362 25
1363 18
1364 17
1365 23
1366 15
1367 16
1368 27
1369 23
1370 23
1371 26
1372 18
1373 26
1374 25
1375 14
1376 12
1377 17
1378 19
1379 30
1380 19
1381 27
1382 29
1383 22
1384 24
1385 24
1386 22
1387 25
1388 19
1389 26
1390 24
1391 24
1392 17
1393 23
1394 19
1395 28
1396 22
1397 25
1398 23
1399 25
1400 29
1401 19
1402 29
1403 25
1404 32
1405 32
1406 23
1407 24
1408 23
1409 20
1410 21
1411 37
1412 25
1413 26
1414 27
1415 29
1416 30
1417 31
1418 27
1419 38
1420 34
1421 32
1422 36
1423 32
1424 23
1425 28
1426 31
1427 36
1428 44
1429 28
1430 33
1431 37
1432 34
1433 28
1434 36
1435 23
1436 21
1437 30
1438 31
1439 29
1440 38
1441 30
1442 29
1443 39
1444 38
1445 31
1446 36
1447 41
1448 40
1449 32
1450 30
1451 37
1452 40
1453 37
1454 28
1455 38
1456 31
1457 34
1458 33
1459 38
1460 24
1461 37
1462 34
1463 25
1464 29
1465 34
1466 27
1467 29
1468 42
1469 35
1470 31
1471 29
1472 36
1473 30
1474 24
1475 31
1476 36
1477 32
1478 31
1479 25
1480 29
1481 21
1482 28
1483 29
1484 23
1485 27
1486 31
1487 33
1488 25
1489 37
1490 26
1491 27
1492 22
1493 21
1494 19
1495 31
1496 27
1497 23
1498 18
1499 19
1500 20
1501 13
1502 25
1503 21
1504 18
1505 19
1506 19
1507 20
1508 19
1509 19
1510 16
1511 12
1512 11
1513 11
1514 13
1515 9
1516 13
1517 11
1518 13
1519 12
1520 14
1521 12
1522 12
1523 13
1524 11
1525 8
1526 7
1527 7
1528 9
1529 11
1530 12
1531 15
1532 11
1533 14
1534 6
1535 13
1536 9
1537 11
1538 11
1539 5
1540 7
1541 10
1542 13
1543 7
1544 6
1545 6
1546 9
1547 10
1548 7
1549 3
1550 6
1551 7
1552 3
1553 11
1554 5
1555 5
1556 3
1557 6
1558 7
1559 8
1560 9
1561 11
1562 7
1563 6
1564 2
1565 7
1566 6
1567 8
1568 5
1569 8
1570 8
1571 4
1572 4
1573 9
1574 5
1575 4
1576 7
1577 7
1578 8
1579 5
1580 8
1581 7
1582 7
1583 13
1584 7
1585 6
1586 7
1587 7
1588 6
1589 5
1590 9
1591 9
1592 4
1593 13
1594 6
1595 10
1596 16
1597 9
1598 6
1599 7
1600 8
1601 10
1602 3
1603 2
1604 10
1605 4
1606 7
1607 12
1608 5
1609 8
1610 10
1611 7
1612 10
1613 8
1614 13
1615 7
1616 11
1617 13
1618 14
1619 5
1620 5
1621 8
1622 11
1623 9
1624 10
1625 13
1626 9
1627 6
1628 7
1629 8
1630 10
1631 9
1632 8
1633 4
1634 5
1635 8
1636 11
1637 12
1638 5
1639 4
1640 7
1641 7
1642 3
1643 4
1644 7
1645 3
1646 3
1647 5
1648 6
1649 8
1650 7
1651 2
1652 3
1653 1
1654 4
1655 2
1656 4
1657 4
1658 5
1659 4
1660 3
1661 3
1662 2
1663 4
1664 3
1665 3
1666 4
1667 1
1668 1
1669 3
1670 2
1671 2
1672 4
1673 2
1674 3
1675 4
1676 1
1677 1
1678 3
1679 2
1680 1
1681 1
1682 4
1683 2
1684 2
1685 0
1686 3
1687 1
1688 3
1689 2
1690 1
1691 1
1692 0
1693 1
1694 1
1695 1
1696 1
1697 0
1698 2
1699 2
1700 1
1701 0
1702 0
1703 0
1704 1
1705 0
1706 0
1707 0
1708 0
1709 1
1710 2
1711 1
1712 0
1713 1
1714 1
1715 0
1716 1
1717 2
1718 0
1719 0
1720 1
1721 0
1722 1
1723 3
1724 0
1725 1
1726 0
1727 1
1728 1
1729 0
1730 0
1731 1
1732 0
1733 0
1734 0
1735 1
1736 0
1737 0
1738 1
1739 1
1740 0
1741 0
1742 0
1743 1
1744 0
1745 1
1746 1
1747 0
1748 0
1749 1
1750 0
1751 1
1752 1
1753 0
1754 1
1755 0
1756 1
1757 0
1758 0
1759 1
1760 1
1761 0
1762 0
1763 1
1764 0
1765 0
1766 0
1767 0
1768 2
1769 0
1770 1
1771 0
1772 0
1773 0
1774 1
1775 0
1776 0
1777 0
1778 0
1779 1
1780 0
1781 0
1782 0
1783 0
1784 0
1785 0
1786 0
1787 0
1788 0
1789 0
1790 0
1791 0
1792 0
1793 0
1794 1
1795 0
1796 0
1797 0
1798 1
1799 0
1800 0
1801 0
1802 0
1803 0
1804 0
1805 0
1806 1
1807 0
1808 0
1809 0
1810 0
1811 0
1812 1
1813 0
1814 0
1815 1
1816 1
1817 0
1818 3
1819 0
1820 1
1821 1
1822 1
1823 0
1824 2
1825 0
1826 1
1827 0
1828 0
1829 0
1830 0
1831 2
1832 2
1833 1
1834 0
1835 0
1836 1
1837 1
1838 0
1839 0
1840 1
1841 0
1842 0
1843 0
1844 0
1845 0
1846 1
1847 0
1848 1
1849 1
1850 0
1851 0
1852 0
1853 0
1854 0
1855 0
1856 1
1857 0
1858 1
1859 0
1860 0
1861 0
1862 0
1863 0
1864 0
1865 0
1866 0
1867 0
1868 1
1869 0
1870 0
1871 0
1872 1
1873 0
1874 0
1875 1
1876 0
1877 3
1878 0
1879 0
1880 0
1881 1
1882 0
1883 1
1884 0
1885 1
1886 0
1887 0
1888 1
1889 0
1890 0
1891 0
1892 0
1893 1
1894 1
1895 0
1896 0
1897 0
1898 1
1899 1
1900 0
1901 0
1902 0
1903 0
1904 0
1905 0
1906 2
1907 0
1908 0
1909 0
1910 0
1911 0
1912 1
1913 0
1914 0
1915 0
1916 1
1917 0
1918 0
1919 1
1920 0
1921 0
1922 0
1923 0
1924 0
1925 1
1926 0
1927 1
1928 0
1929 0
1930 0
1931 0
1932 0
1933 0
1934 0
1935 0
1936 1
1937 0
1938 0
1939 0
1940 1
1941 0
1942 0
1943 0
1944 0
1945 0
1946 1
1947 0
1948 0
1949 0
1950 1
1951 0
1952 0
1953 0
1954 0
1955 1
1956 0
1957 0
1958 2
1959 0
1960 1
1961 0
1962 1
1963 0
1964 0
1965 0
1966 0
1967 0
1968 0
1969 0
1970 0
1971 0
1972 0
1973 0
1974 0
1975 0
1976 0
1977 0
1978 0
1979 2
1980 0
1981 0
1982 0
1983 0
1984 0
1985 0
1986 0
1987 0
1988 1
1989 1
1990 0
1991 0
1992 0
1993 0
1994 0
1995 1
1996 0
1997 2
1998 0
1999 0
2000 1
2001 0
2002 0
2003 0
2004 0
2005 0
2006 0
2007 0
2008 0
2009 0
2010 0
2011 0
2012 1
2013 0
2014 0
2015 0
2016 0
2017 0
2018 0
2019 0
2020 0
2021 0
2022 0
2023 0
2024 1
2025 0
2026 0
2027 0
2028 0
2029 0
2030 0
2031 0
2032 0
2033 0
2034 0
2035 0
2036 0
2037 0
2038 0
2039 0
2040 0
2041 0
2042 0
2043 0
2044 0
2045 0
2046 0
2047 0
