# Dead time factor = 1.00000
0 0
1 0
2 0
3 0
4 0
5 0
6 0
7 0
8 0
9 0
10 0
11 0
12 0
13 0
14 0
15 0
16 0
17 0
18 0
19 0
20 0
21 8
22 13
23 10
24 11
25 17
26 14
27 12
28 5
29 11
30 17
31 15
32 13
33 22
34 17
35 21
36 31
37 25
38 27
39 22
40 21
41 27
42 20
43 21
44 27
45 19
46 35
47 54
48 80
49 110
50 123
51 130
52 113
53 109
54 89
55 62
56 36
57 35
58 24
59 21
60 8
61 7
62 9
63 13
64 11
65 6
66 6
67 8
68 10
69 6
70 4
71 0
72 5
73 8
74 6
75 3
76 7
77 9
78 7
79 1
80 3
81 4
82 7
83 7
84 12
85 5
86 5
87 9
88 7
89 8
90 7
91 5
92 4
93 12
94 7
95 5
96 1
97 8
98 4
99 5
100 9
101 7
102 6
103 7
104 4
105 3
106 4
107 3
108 4
109 3
110 5
111 2
112 3
113 3
114 5
115 0
116 2
117 3
118 2
119 7
120 5
121 3
122 4
123 1
124 0
125 4
126 3
127 2
128 3
129 4
130 3
131 4
132 6
133 2
134 2
135 5
136 1
137 4
138 3
139 4
140 0
141 3
142 0
143 2
144 3
145 5
146 3
147 3
148 3
149 0
150 3
151 5
152 4
153 4
154 2
155 2
156 2
157 3
158 5
159 3
160 5
161 4
162 4
163 3
164 0
165 6
166 7
167 4
168 5
169 4
170 5
171 4
172 5
173 2
174 5
175 4
176 5
177 2
178 1
179 6
180 2
181 3
182 2
183 2
184 1
185 4
186 0
187 0
188 2
189 0
190 2
191 1
192 2
193 3
194 5
195 2
196 1
197 2
198 3
199 1
200 1
201 3
202 3
203 1
204 0
205 1
206 1
207 6
208 0
209 2
210 0
211 3
212 1
213 2
214 0
215 0
216 3
217 4
218 2
219 8
220 2
221 3
222 3
223 1
224 2
225 0
226 0
227 1
228 1
229 1
230 3
231 3
232 0
233 1
234 3
235 4
236 0
237 0
238 4
239 0
240 3
241 3
242 1
243 2
244 3
245 1
246 5
247 0
248 2
249 2
250 0
251 2
252 3
253 4
254 1
255 2
256 3
257 3
258 0
259 2
260 3
261 2
262 4
263 0
264 2
265 2
266 1
267 5
268 1
269 1
270 1
271 0
272 1
273 2
274 0
275 1
276 3
277 1
278 1
279 3
280 2
281 1
282 0
283 4
284 0
285 1
286 1
287 0
288 5
289 3
290 0
291 1
292 5
293 2
294 5
295 2
296 0
297 0
298 1
299 0
300 1
301 3
302 1
303 2
304 0
305 2
306 3
307 0
308 6
309 1
310 3
311 2
312 0
313 4
314 1
315 4
316 1
317 3
318 0
319 2
320 1
321 1
322 3
323 1
324 2
325 5
326 1
327 1
328 1
329 1
330 0
331 1
332 1
333 2
334 2
335 4
336 0
337 4
338 2
339 2
340 3
341 0
342 2
343 2
344 1
345 2
346 4
347 2
348 2
349 3
350 1
351 2
352 3
353 3
354 1
355 1
356 2
357 2
358 1
359 3
360 2
361 3
362 0
363 1
364 1
365 2
366 0
367 3
368 0
369 1
370 2
371 1
372 1
373 4
374 2
375 1
376 6
377 1
378 1
379 2
380 3
381 1
382 1
383 3
384 2
385 0
386 0
387 1
388 2
389 1
390 3
391 3
392 0
393 3
394 2
395 1
396 2
397 2
398 2
399 1
400 1
401 1
402 1
403 1
404 1
405 3
406 0
407 3
408 1
409 1
410 1
411 2
412 2
413 0
414 3
415 3
416 2
417 0
418 1
419 2
420 2
421 1
422 2
423 1
424 0
425 3
426 1
427 2
428 3
429 0
430 1
431 2
432 1
433 2
434 0
435 0
436 0
437 0
438 2
439 0
440 1
441 0
442 1
443 0
444 1
445 0
446 2
447 0
448 0
449 1
450 1
451 1
452 1
453 2
454 0
455 2
456 4
457 2
458 1
459 1
460 3
461 0
462 2
463 1
464 1
465 1
466 1
467 0
468 0
469 2
470 1
471 1
472 1
473 3
474 1
475 0
476 3
477 1
478 0
479 2
480 2
481 3
482 1
483 1
484 1
485 0
486 0
487 0
488 1
489 1
490 0
491 0
492 2
493 0
494 2
495 1
496 2
497 1
498 1
499 1
500 1
501 4
502 2
503 1
504 1
505 0
506 2
507 0
508 1
509 0
510 1
511 2
512 2
513 1
514 0
515 0
516 2
517 1
518 1
519 1
520 0
521 0
522 2
523 0
524 1
525 0
526 1
527 2
528 0
529 1
530 3
531 2
532 1
533 0
534 2
535 1
536 1
537 1
538 0
539 0
540 0
541 1
542 1
543 1
544 0
545 1
546 2
547 3
548 1
549 0
550 3
551 2
552 0
553 1
554 1
555 1
556 0
557 0
558 0
559 1
560 0
561 2
562 4
563 1
564 3
565 0
566 1
567 2
568 1
569 0
570 0
571 1
572 3
573 1
574 1
575 0
576 0
577 3
578 2
579 1
580 0
581 1
582 1
583 0
584 1
585 1
586 1
587 0
588 1
589 2
590 0
591 2
592 1
593 0
594 1
595 1
596 0
597 2
598 1
599 1
600 0
601 0
602 2
603 0
604 0
605 2
606 2
607 0
608 2
609 0
610 1
611 2
612 0
613 0
614 1
615 0
616 0
617 1
618 1
619 1
620 0
621 1
622 1
623 1
624 0
625 2
626 0
627 0
628 3
629 2
630 1
631 1
632 1
633 0
634 0
635 1
636 0
637 3
638 0
639 0
640 0
641 1
642 2
643 0
644 0
645 1
646 1
647 1
648 0
649 2
650 2
651 1
652 0
653 3
654 3
655 2
656 0
657 3
658 0
659 0
660 0
661 1
662 0
663 0
664 4
665 2
666 2
667 0
668 2
669 1
670 1
671 2
672 0
673 2
674 1
675 3
676 0
677 0
678 3
679 0
680 2
681 0
682 0
683 2
684 0
685 0
686 0
687 1
688 0
689 1
690 1
691 1
692 1
693 2
694 1
695 1
696 0
697 0
698 0
699 1
700 1
701 1
702 1
703 0
704 1
705 2
706 2
707 1
708 1
709 0
710 3
711 1
712 1
713 1
714 0
715 1
716 0
717 1
718 4
719 1
720 2
721 2
722 2
723 0
724 2
725 6
726 1
727 1
728 2
729 1
730 0
731 1
732 3
733 0
734 0
735 1
736 2
737 1
738 1
739 0
740 0
741 2
742 1
743 0
744 1
745 0
746 1
747 1
748 2
749 1
750 1
751 4
752 1
753 0
754 5
755 1
756 1
757 2
758 2
759 0
760 0
761 2
762 2
763 1
764 1
765 2
766 0
767 2
768 2
769 1
770 2
771 2
772 1
773 0
774 0
775 0
776 1
777 2
778 1
779 0
780 3
781 1
782 0
783 1
784 1
785 1
786 1
787 2
788 3
789 0
790 0
791 1
792 5
793 1
794 1
795 0
796 0
797 0
798 1
799 1
800 2
801 0
802 0
803 3
804 0
805 1
806 0
807 1
808 0
809 1
810 1
811 1
812 2
813 0
814 2
815 2
816 0
817 1
818 0
819 1
820 2
821 0
822 1
823 3
824 1
825 1
826 3
827 2
828 2
829 1
830 1
831 0
832 1
833 0
834 0
835 1
836 1
837 3
838 2
839 0
840 0
841 1
842 0
843 1
844 2
845 1
846 2
847 1
848 1
849 0
850 0
851 1
852 1
853 1
854 2
855 1
856 0
857 2
858 3
859 2
860 2
861 0
862 1
863 2
864 1
865 2
866 1
867 3
868 3
869 1
870 1
871 3
872 1
873 0
874 1
875 0
876 2
877 3
878 0
879 0
880 1
881 1
882 1
883 1
884 0
885 1
886 2
887 1
888 1
889 1
890 1
891 0
892 0
893 1
894 1
895 2
896 0
897 1
898 2
899 2
900 3
901 2
902 2
903 3
904 2
905 6
906 2
907 1
908 3
909 2
910 2
911 1
912 1
913 0
914 0
915 2
916 0
917 0
918 0
919 0
920 0
921 3
922 1
923 1
924 1
925 0
926 0
927 0
928 4
929 2
930 2
931 1
932 1
933 0
934 3
935 1
936 4
937 6
938 0
939 0
940 1
941 3
942 2
943 0
944 2
945 3
946 0
947 4
948 1
949 0
950 1
951 3
952 0
953 2
954 2
955 0
956 4
957 4
958 1
959 0
960 2
961 5
962 0
963 2
964 2
965 1
966 0
967 0
968 0
969 1
970 2
971 4
972 1
973 3
974 0
975 5
976 2
977 1
978 1
979 1
980 1
981 1
982 1
983 1
984 2
985 3
986 1
987 2
988 1
989 2
990 2
991 0
992 1
993 1
994 3
995 1
996 1
997 0
998 0
999 3
1000 1
1001 0
1002 2
1003 4
1004 4
1005 3
1006 0
1007 1
1008 1
1009 0
1010 1
1011 0
1012 5
1013 4
1014 0
1015 3
1016 1
1017 0
1018 0
1019 1
1020 0
1021 2
1022 0
1023 1
1024 2
1025 0
1026 0
1027 0
1028 2
1029 2
1030 1
1031 0
1032 0
1033 2
1034 1
1035 3
1036 4
1037 1
1038 0
1039 0
1040 3
1041 1
1042 0
1043 4
1044 1
1045 0
1046 0
1047 1
1048 2
1049 1
1050 3
1051 2
1052 4
1053 1
1054 0
1055 5
1056 0
1057 2
1058 0
1059 0
1060 2
1061 1
1062 1
1063 5
1064 0
1065 1
1066 4
1067 2
1068 4
1069 2
1070 2
1071 3
1072 2
1073 1
1074 1
1075 1
1076 3
1077 2
1078 2
1079 2
1080 2
1081 1
1082 2
1083 3
1084 2
1085 2
1086 2
1087 4
1088 2
1089 5
1090 0
1091 6
1092 5
1093 4
1094 2
1095 3
1096 4
1097 2
1098 3
1099 6
1100 3
1101 2
1102 3
1103 3
1104 1
1105 2
1106 3
1107 4
1108 4
1109 2
1110 1
1111 0
1112 1
1113 2
1114 2
1115 0
1116 3
1117 3
1118 2
1119 5
1120 2
1121 7
1122 4
1123 2
1124 4
1125 0
1126 2
1127 1
1128 3
1129 1
1130 3
1131 1
1132 1
1133 1
1134 2
1135 1
1136 3
1137 2
1138 3
1139 0
1140 3
1141 3
1142 3
1143 3
1144 3
1145 1
1146 1
1147 6
1148 1
1149 2
1150 3
1151 4
1152 1
1153 3
1154 3
1155 2
1156 3
1157 1
1158 1
1159 3
1160 2
1161 1
1162 1
1163 6
1164 4
1165 4
1166 2
1167 4
1168 3
1169 2
1170 2
1171 2
1172 3
1173 1
1174 4
1175 3
1176 4
1177 4
1178 1
1179 0
1180 2
1181 3
1182 3
1183 1
1184 2
1185 3
1186 3
1187 4
1188 0
1189 1
1190 2
1191 4
1192 4
1193 3
1194 2
1195 4
1196 3
1197 5
1198 1
1199 3
1200 2
1201 2
1202 3
1203 2
1204 0
1205 2
1206 0
1207 3
1208 2
1209 2
1210 1
1211 4
1212 3
1213 5
1214 3
1215 2
1216 5
1217 3
1218 0
1219 6
1220 1
1221 2
1222 2
1223 3
1224 6
1225 3
1226 3
1227 4
1228 0
1229 3
1230 1
1231 3
1232 4
1233 2
1234 0
1235 6
1236 2
1237 2
1238 3
1239 3
1240 2
1241 2
1242 3
1243 3
1244 4
1245 6
1246 2
1247 4
1248 2
1249 5
1250 0
1251 4
1252 3
1253 3
1254 5
1255 3
1256 5
1257 2
1258 3
1259 6
1260 10
1261 3
1262 3
1263 4
1264 5
1265 5
1266 4
1267 2
1268 3
1269 6
1270 1
1271 10
1272 3
1273 3
1274 1
1275 2
1276 4
1277 3
1278 7
1279 1
1280 2
1281 3
1282 2
1283 3
1284 1
1285 3
1286 5
1287 5
1288 6
1289 3
1290 1
1291 3
1292 1
1293 5
1294 8
1295 3
1296 4
1297 4
1298 3
1299 3
1300 4
1301 0
1302 5
1303 2
1304 3
1305 5
1306 7
1307 2
1308 4
1309 5
1310 5
1311 2
1312 7
1313 4
1314 3
1315 4
1316 5
1317 3
1318 3
1319 5
1320 7
1321 7
1322 2
1323 2
1324 3
1325 3
1326 3
1327 3
1328 8
1329 2
1330 7
1331 2
1332 1
1333 1
1334 4
1335 5
1336 2
1337 4
1338 2
1339 3
1340 7
1341 0
1342 4
1343 3
1344 5
1345 6
1346 3
1347 3
1348 6
1349 5
1350 2
1351 2
1352 4
1353 3
1354 1
1355 1
1356 4
1357 2
1358 0
1359 5
1360 6
1361 3
1362 0
1363 1
1364 1
1365 2
1366 0
1367 3
1368 3
1369 1
1370 4
1371 4
1372 2
1373 5
1374 3
1375 1
1376 4
1377 2
1378 2
1379 3
1380 1
1381 2
1382 3
1383 3
1384 3
1385 3
1386 5
1387 1
1388 2
1389 2
1390 3
1391 4
1392 3
1393 5
1394 4
1395 4
1396 3
1397 5
1398 1
1399 2
1400 6
1401 5
1402 3
1403 1
1404 2
1405 2
1406 2
1407 2
1408 1
1409 5
1410 2
1411 3
1412 3
1413 4
1414 7
1415 6
1416 3
1417 2
1418 2
1419 3
1420 5
1421 4
1422 3
1423 2
1424 8
1425 2
1426 3
1427 4
1428 4
1429 3
1430 7
1431 3
1432 6
1433 2
1434 5
1435 1
1436 0
1437 7
1438 3
1439 5
1440 1
1441 7
1442 7
1443 4
1444 6
1445 7
1446 4
1447 4
1448 4
1449 3
1450 5
1451 5
1452 5
1453 5
1454 4
1455 4
1456 8
1457 3
1458 5
1459 9
1460 2
1461 4
1462 5
1463 7
1464 3
1465 3
1466 6
1467 6
1468 5
1469 3
1470 5
1471 4
1472 4
1473 2
1474 6
1475 2
1476 4
1477 5
1478 4
1479 0
1480 1
1481 3
1482 9
1483 2
1484 3
1485 2
1486 1
1487 4
1488 4
1489 5
1490 2
1491 3
1492 2
1493 5
1494 2
1495 3
1496 3
1497 4
1498 1
1499 2
1500 4
1501 3
1502 0
1503 2
1504 6
1505 3
1506 1
1507 1
1508 4
1509 2
1510 4
1511 0
1512 3
1513 3
1514 1
1515 2
1516 0
1517 2
1518 0
1519 3
1520 3
1521 1
1522 1
1523 1
1524 3
1525 2
1526 0
1527 2
1528 1
1529 3
1530 0
1531 2
1532 0
1533 1
1534 2
1535 2
1536 2
1537 3
1538 0
1539 3
1540 1
1541 2
1542 0
1543 0
1544 0
1545 1
1546 0
1547 1
1548 0
1549 0
1550 1
1551 1
1552 1
1553 2
1554 1
1555 0
1556 0
1557 2
1558 0
1559 0
1560 2
1561 0
1562 0
1563 2
1564 0
1565 0
1566 2
1567 0
1568 0
1569 1
1570 0
1571 1
1572 0
1573 0
1574 1
1575 2
1576 0
1577 0
1578 2
1579 0
1580 0
1581 2
1582 0
1583 3
1584 2
1585 2
1586 1
1587 0
1588 1
1589 0
1590 0
1591 1
1592 0
1593 0
1594 1
1595 0
1596 2
1597 0
1598 0
1599 1
1600 1
1601 1
1602 0
1603 1
1604 1
1605 2
1606 1
1607 2
1608 2
1609 0
1610 2
1611 3
1612 3
1613 1
1614 2
1615 1
1616 2
1617 2
1618 4
1619 0
1620 1
1621 1
1622 2
1623 3
1624 1
1625 1
1626 0
1627 1
1628 2
1629 1
1630 0
1631 0
1632 0
1633 2
1634 2
1635 0
1636 1
1637 0
1638 0
1639 0
1640 2
1641 2
1642 0
1643 0
1644 0
1645 0
1646 1
1647 1
1648 1
1649 0
1650 0
1651 1
1652 0
1653 0
1654 0
1655 0
1656 3
1657 0
1658 0
1659 0
1660 0
1661 1
1662 0
1663 0
1664 1
1665 0
1666 0
1667 0
1668 0
1669 1
1670 0
1671 3
1672 2
1673 0
1674 0
1675 1
1676 0
1677 0
1678 0
1679 1
1680 0
1681 0
1682 0
1683 0
1684 0
1685 1
1686 1
1687 0
1688 0
1689 0
1690 0
1691 0
1692 0
1693 0
1694 0
1695 0
1696 1
1697 0
1698 1
1699 0
1700 0
1701 0
1702 0
1703 0
1704 0
1705 0
1706 0
1707 0
1708 0
1709 0
1710 0
1711 0
1712 0
1713 1
1714 0
1715 0
1716 0
1717 0
1718 1
1719 0
1720 0
1721 0
1722 0
1723 1
1724 0
1725 0
1726 0
1727 0
1728 0
1729 0
1730 0
1731 0
1732 0
1733 0
1734 0
1735 1
1736 0
1737 1
1738 0
1739 0
1740 2
1741 0
1742 0
1743 0
1744 1
1745 0
1746 0
1747 1
1748 1
1749 0
1750 0
1751 0
1752 1
1753 0
1754 0
1755 0
1756 0
1757 1
1758 0
1759 0
1760 0
1761 0
1762 0
1763 0
1764 0
1765 0
1766 0
1767 0
1768 0
1769 0
1770 0
1771 0
1772 0
1773 0
1774 0
1775 0
1776 0
1777 0
1778 0
1779 0
1780 0
1781 1
1782 0
1783 0
1784 0
1785 0
1786 0
1787 0
1788 0
1789 0
1790 0
1791 0
1792 0
1793 0
1794 0
1795 0
1796 0
1797 0
1798 0
1799 0
1800 0
1801 0
1802 0
1803 0
1804 0
1805 0
1806 0
1807 0
1808 0
1809 0
1810 0
1811 1
1812 0
1813 0
1814 0
1815 0
1816 0
1817 0
1818 0
1819 0
1820 0
1821 0
1822 0
1823 0
1824 0
1825 1
1826 1
1827 0
1828 0
1829 0
1830 0
1831 0
1832 0
1833 0
1834 0
1835 0
1836 0
1837 0
1838 1
1839 0
1840 2
1841 0
1842 0
1843 1
1844 0
1845 0
1846 0
1847 0
1848 0
1849 0
1850 0
1851 0
1852 1
1853 0
1854 0
1855 0
1856 0
1857 0
1858 0
1859 1
1860 1
1861 0
1862 0
1863 0
1864 0
1865 0
1866 0
1867 0
1868 0
1869 0
1870 1
1871 0
1872 0
1873 0
1874 0
1875 0
1876 0
1877 0
1878 0
1879 0
1880 0
1881 0
1882 0
1883 0
1884 0
1885 0
1886 0
1887 0
1888 0
1889 0
1890 0
1891 0
1892 0
1893 0
1894 0
1895 0
1896 0
1897 0
1898 0
1899 0
1900 0
1901 0
1902 0
1903 0
1904 0
1905 0
1906 0
1907 0
1908 0
1909 0
1910 0
1911 0
1912 0
1913 1
1914 1
1915 0
1916 0
1917 1
1918 0
1919 0
1920 0
1921 1
1922 0
1923 0
1924 0
1925 0
1926 0
1927 0
1928 0
1929 0
1930 0
1931 0
1932 0
1933 0
1934 0
1935 0
1936 0
1937 0
1938 0
1939 0
1940 0
1941 0
1942 0
1943 0
1944 0
1945 0
1946 0
1947 0
1948 0
1949 0
1950 0
1951 0
1952 0
1953 0
1954 0
1955 0
1956 0
1957 0
1958 1
1959 1
1960 0
1961 0
1962 0
1963 0
1964 1
1965 0
1966 0
1967 0
1968 0
1969 0
1970 0
1971 1
1972 0
1973 0
1974 0
1975 0
1976 1
1977 0
1978 0
1979 0
1980 1
1981 0
1982 0
1983 0
1984 0
1985 1
1986 0
1987 0
1988 0
1989 0
1990 0
1991 0
1992 0
1993 0
1994 0
1995 0
1996 0
1997 0
1998 0
1999 0
2000 0
2001 1
2002 1
2003 0
2004 1
2005 0
2006 0
2007 0
2008 0
2009 0
2010 0
2011 0
2012 0
2013 0
2014 0
2015 0
2016 0
2017 0
2018 0
2019 0
2020 0
2021 0
2022 0
2023 0
2024 1
2025 1
2026 0
2027 0
2028 0
2029 0
2030 0
2031 0
2032 0
2033 0
2034 0
2035 0
2036 0
2037 0
2038 0
2039 0
2040 0
2041 0
2042 0
2043 0
2044 0
2045 0
2046 0
2047 0
