# Dead time factor = 1.00000
0 0
1 0
2 0
3 0
4 0
5 0
6 0
7 0
8 0
9 0
10 0
11 0
12 0
13 0
14 0
15 0
16 0
17 0
18 0
19 0
20 0
21 19
22 27
23 40
24 27
25 31
26 40
27 33
28 38
29 35
30 42
31 42
32 46
33 35
34 37
35 46
36 45
37 60
38 43
39 48
40 33
41 37
42 51
43 48
44 47
45 56
46 54
47 86
48 90
49 121
50 146
51 158
52 167
53 153
54 115
55 110
56 89
57 65
58 65
59 43
60 43
61 35
62 29
63 42
64 26
65 30
66 31
67 27
68 32
69 29
70 25
71 35
72 29
73 20
74 24
75 39
76 35
77 29
78 38
79 35
80 37
81 50
82 35
83 43
84 35
85 37
86 40
87 43
88 38
89 47
90 25
91 38
92 25
93 30
94 27
95 38
96 40
97 25
98 26
99 28
100 29
101 30
102 24
103 30
104 26
105 25
106 22
107 25
108 17
109 26
110 31
111 24
112 22
113 24
114 16
115 19
116 28
117 21
118 23
119 17
120 18
121 19
122 15
123 22
124 26
125 26
126 19
127 25
128 24
129 19
130 14
131 23
132 24
133 27
134 26
135 20
136 23
137 23
138 17
139 11
140 19
141 16
142 24
143 17
144 23
145 16
146 20
147 13
148 14
149 15
150 18
151 22
152 28
153 24
154 14
155 22
156 14
157 24
158 25
159 18
160 22
161 18
162 32
163 24
164 24
165 34
166 40
167 41
168 52
169 36
170 45
171 44
172 47
173 45
174 36
175 21
176 42
177 30
178 23
179 23
180 39
181 27
182 20
183 24
184 24
185 24
186 18
187 17
188 14
189 20
190 16
191 17
192 25
193 18
194 19
195 22
196 16
197 18
198 11
199 16
200 15
201 19
202 7
203 12
204 6
205 17
206 14
207 7
208 13
209 16
210 10
211 11
212 13
213 18
214 14
215 15
216 12
217 14
218 17
219 20
220 7
221 27
222 9
223 27
224 26
225 16
226 16
227 13
228 17
229 11
230 18
231 14
232 15
233 13
234 13
235 17
236 14
237 15
238 14
239 16
240 13
241 13
242 19
243 16
244 13
245 16
246 17
247 12
248 9
249 12
250 19
251 12
252 14
253 11
254 13
255 14
256 16
257 11
258 16
259 20
260 10
261 11
262 9
263 15
264 9
265 11
266 19
267 11
268 12
269 19
270 18
271 14
272 9
273 7
274 13
275 16
276 14
277 9
278 11
279 8
280 19
281 14
282 17
283 9
284 11
285 13
286 12
287 14
288 12
289 11
290 16
291 17
292 8
293 11
294 17
295 9
296 7
297 12
298 12
299 11
300 13
301 20
302 6
303 16
304 15
305 17
306 5
307 10
308 11
309 11
310 7
311 13
312 16
313 15
314 12
315 13
316 17
317 8
318 6
319 14
320 16
321 19
322 8
323 12
324 13
325 8
326 8
327 14
328 11
329 12
330 7
331 17
332 12
333 14
334 12
335 11
336 12
337 23
338 13
339 8
340 12
341 17
342 17
343 17
344 15
345 19
346 9
347 17
348 11
349 8
350 14
351 10
352 9
353 19
354 7
355 15
356 13
357 15
358 9
359 13
360 11
361 12
362 13
363 9
364 11
365 8
366 9
367 12
368 14
369 14
370 11
371 12
372 7
373 5
374 11
375 7
376 19
377 4
378 8
379 19
380 16
381 5
382 9
383 8
384 10
385 8
386 9
387 14
388 5
389 13
390 9
391 10
392 6
393 11
394 9
395 18
396 10
397 9
398 6
399 11
400 6
401 14
402 6
403 13
404 16
405 15
406 8
407 8
408 8
409 9
410 9
411 12
412 8
413 10
414 7
415 9
416 10
417 13
418 8
419 16
420 7
421 9
422 9
423 12
424 8
425 8
426 10
427 14
428 13
429 6
430 10
431 11
432 10
433 10
434 13
435 15
436 9
437 12
438 8
439 6
440 10
441 6
442 9
443 6
444 8
445 8
446 8
447 11
448 7
449 9
450 8
451 16
452 12
453 8
454 10
455 11
456 6
457 14
458 10
459 12
460 11
461 2
462 12
463 12
464 6
465 7
466 10
467 3
468 15
469 8
470 8
471 5
472 10
473 6
474 9
475 7
476 8
477 10
478 9
479 13
480 9
481 7
482 12
483 7
484 13
485 7
486 12
487 8
488 8
489 7
490 8
491 9
492 8
493 9
494 10
495 11
496 12
497 11
498 4
499 13
500 11
501 8
502 9
503 5
504 10
505 7
506 3
507 8
508 10
509 7
510 11
511 12
512 12
513 9
514 9
515 9
516 9
517 6
518 8
519 7
520 7
521 8
522 7
523 13
524 5
525 9
526 11
527 7
528 9
529 9
530 9
531 10
532 6
533 15
534 12
535 14
536 16
537 12
538 14
539 11
540 7
541 12
542 15
543 8
544 15
545 12
546 7
547 7
548 11
549 6
550 9
551 3
552 3
553 10
554 10
555 7
556 15
557 15
558 7
559 5
560 6
561 7
562 9
563 5
564 9
565 10
566 14
567 7
568 11
569 11
570 5
571 8
572 12
573 9
574 10
575 6
576 12
577 10
578 11
579 13
580 14
581 7
582 5
583 12
584 13
585 10
586 9
587 8
588 6
589 8
590 10
591 6
592 7
593 15
594 3
595 11
596 11
597 12
598 13
599 7
600 6
601 12
602 15
603 15
604 7
605 11
606 9
607 9
608 8
609 14
610 9
611 8
612 15
613 10
614 8
615 6
616 8
617 12
618 9
619 15
620 12
621 13
622 7
623 11
624 7
625 6
626 7
627 11
628 6
629 16
630 6
631 9
632 9
633 11
634 7
635 5
636 9
637 9
638 15
639 13
640 10
641 5
642 10
643 6
644 7
645 6
646 9
647 7
648 7
649 4
650 10
651 11
652 4
653 9
654 9
655 13
656 9
657 13
658 6
659 10
660 9
661 13
662 7
663 11
664 3
665 7
666 13
667 7
668 5
669 10
670 6
671 10
672 15
673 6
674 6
675 9
676 7
677 12
678 11
679 10
680 8
681 6
682 12
683 14
684 9
685 9
686 10
687 18
688 2
689 13
690 13
691 11
692 10
693 6
694 7
695 7
696 11
697 13
698 8
699 7
700 8
701 14
702 5
703 9
704 9
705 10
706 14
707 11
708 5
709 10
710 13
711 10
712 12
713 19
714 10
715 16
716 16
717 13
718 12
719 10
720 10
721 12
722 15
723 17
724 13
725 8
726 5
727 11
728 12
729 11
730 9
731 4
732 8
733 6
734 7
735 6
736 11
737 12
738 6
739 12
740 5
741 8
742 10
743 7
744 11
745 14
746 8
747 9
748 15
749 18
750 12
751 12
752 11
753 5
754 12
755 15
756 5
757 8
758 14
759 13
760 8
761 9
762 11
763 16
764 11
765 7
766 7
767 6
768 7
769 13
770 8
771 16
772 11
773 15
774 6
775 5
776 13
777 16
778 11
779 6
780 7
781 12
782 17
783 9
784 9
785 10
786 15
787 9
788 6
789 12
790 12
791 10
792 13
793 9
794 14
795 12
796 14
797 6
798 8
799 15
800 11
801 12
802 10
803 10
804 14
805 12
806 8
807 12
808 9
809 10
810 6
811 6
812 14
813 17
814 12
815 7
816 9
817 10
818 11
819 15
820 7
821 8
822 14
823 8
824 10
825 5
826 10
827 11
828 6
829 13
830 12
831 12
832 9
833 11
834 15
835 12
836 9
837 11
838 12
839 9
840 18
841 5
842 15
843 11
844 12
845 11
846 14
847 7
848 23
849 9
850 12
851 14
852 8
853 9
854 8
855 7
856 17
857 12
858 25
859 9
860 10
861 8
862 11
863 9
864 16
865 11
866 10
867 12
868 10
869 12
870 9
871 13
872 11
873 12
874 15
875 16
876 15
877 9
878 10
879 9
880 6
881 16
882 8
883 13
884 7
885 11
886 14
887 12
888 9
889 10
890 15
891 10
892 11
893 13
894 12
895 8
896 10
897 14
898 11
899 8
900 16
901 7
902 10
903 9
904 10
905 16
906 10
907 9
908 7
909 9
910 13
911 8
912 16
913 12
914 12
915 13
916 15
917 13
918 15
919 11
920 10
921 6
922 10
923 15
924 6
925 11
926 8
927 11
928 13
929 9
930 7
931 16
932 6
933 9
934 11
935 14
936 9
937 15
938 10
939 8
940 10
941 7
942 14
943 18
944 11
945 12
946 15
947 7
948 8
949 12
950 13
951 10
952 10
953 8
954 10
955 11
956 15
957 9
958 10
959 7
960 11
961 12
962 14
963 11
964 12
965 7
966 9
967 18
968 12
969 10
970 12
971 10
972 12
973 9
974 14
975 15
976 14
977 20
978 16
979 7
980 13
981 12
982 18
983 16
984 14
985 17
986 19
987 16
988 18
989 13
990 10
991 12
992 13
993 11
994 18
995 12
996 15
997 12
998 8
999 12
1000 9
1001 10
1002 12
1003 16
1004 9
1005 12
1006 11
1007 16
1008 12
1009 16
1010 12
1011 13
1012 11
1013 19
1014 7
1015 20
1016 15
1017 12
1018 10
1019 12
1020 11
1021 11
1022 14
1023 10
1024 15
1025 6
1026 9
1027 18
1028 8
1029 17
1030 5
1031 15
1032 5
1033 15
1034 7
1035 14
1036 10
1037 14
1038 11
1039 11
1040 11
1041 15
1042 13
1043 14
1044 10
1045 17
1046 11
1047 15
1048 26
1049 16
1050 11
1051 11
1052 13
1053 14
1054 17
1055 14
1056 16
1057 10
1058 10
1059 19
1060 11
1061 21
1062 20
1063 19
1064 22
1065 20
1066 17
1067 17
1068 18
1069 12
1070 12
1071 19
1072 24
1073 11
1074 8
1075 22
1076 19
1077 19
1078 13
1079 17
1080 20
1081 24
1082 24
1083 16
1084 15
1085 19
1086 24
1087 20
1088 14
1089 29
1090 22
1091 15
1092 18
1093 14
1094 23
1095 22
1096 12
1097 18
1098 24
1099 18
1100 20
1101 17
1102 32
1103 25
1104 14
1105 18
1106 25
1107 22
1108 18
1109 17
1110 19
1111 25
1112 16
1113 20
1114 22
1115 24
1116 18
1117 20
1118 16
1119 14
1120 15
1121 28
1122 23
1123 26
1124 29
1125 16
1126 19
1127 19
1128 30
1129 13
1130 17
1131 20
1132 23
1133 25
1134 18
1135 35
1136 25
1137 18
1138 20
1139 26
1140 18
1141 18
1142 26
1143 28
1144 17
1145 30
1146 30
1147 26
1148 18
1149 27
1150 29
1151 25
1152 28
1153 24
1154 18
1155 23
1156 26
1157 21
1158 28
1159 31
1160 21
1161 26
1162 24
1163 20
1164 25
1165 27
1166 25
1167 26
1168 13
1169 16
1170 31
1171 24
1172 21
1173 31
1174 23
1175 32
1176 23
1177 21
1178 18
1179 25
1180 22
1181 20
1182 30
1183 18
1184 21
1185 22
1186 16
1187 18
1188 24
1189 19
1190 13
1191 25
1192 28
1193 28
1194 21
1195 25
1196 18
1197 30
1198 16
1199 17
1200 23
1201 14
1202 24
1203 16
1204 12
1205 22
1206 23
1207 34
1208 22
1209 20
1210 22
1211 17
1212 13
1213 23
1214 23
1215 23
1216 28
1217 18
1218 23
1219 14
1220 26
1221 25
1222 24
1223 23
1224 18
1225 31
1226 22
1227 24
1228 30
1229 19
1230 27
1231 23
1232 33
1233 30
1234 29
1235 27
1236 22
1237 26
1238 27
1239 34
1240 18
1241 34
1242 31
1243 35
1244 29
1245 17
1246 20
1247 32
1248 31
1249 33
1250 40
1251 29
1252 23
1253 24
1254 35
1255 35
1256 38
1257 33
1258 31
1259 31
1260 30
1261 31
1262 29
1263 35
1264 37
1265 35
1266 33
1267 27
1268 28
1269 35
1270 29
1271 38
1272 27
1273 35
1274 30
1275 44
1276 35
1277 33
1278 28
1279 37
1280 40
1281 30
1282 39
1283 27
1284 23
1285 35
1286 41
1287 42
1288 34
1289 40
1290 27
1291 39
1292 41
1293 49
1294 45
1295 33
1296 36
1297 27
1298 43
1299 35
1300 35
1301 50
1302 41
1303 25
1304 36
1305 23
1306 30
1307 34
1308 35
1309 32
1310 31
1311 36
1312 36
1313 36
1314 25
1315 35
1316 48
1317 35
1318 37
1319 34
1320 47
1321 35
1322 36
1323 32
1324 38
1325 37
1326 35
1327 40
1328 34
1329 28
1330 24
1331 36
1332 30
1333 31
1334 41
1335 41
1336 41
1337 31
1338 37
1339 25
1340 36
1341 26
1342 31
1343 21
1344 36
1345 30
1346 30
1347 31
1348 35
1349 28
1350 27
1351 27
1352 29
1353 29
1354 27
1355 24
1356 24
1357 27
1358 19
1359 36
1360 27
1361 28
1362 24
1363 29
1364 28
1365 26
1366 18
1367 21
1368 26
1369 21
1370 25
1371 30
1372 27
1373 26
1374 23
1375 26
1376 19
1377 21
1378 27
1379 24
1380 20
1381 26
1382 19
1383 14
1384 20
1385 24
1386 20
1387 24
1388 22
1389 15
1390 36
1391 29
1392 23
1393 28
1394 27
1395 23
1396 27
1397 20
1398 27
1399 25
1400 17
1401 23
1402 30
1403 25
1404 28
1405 23
1406 42
1407 22
1408 29
1409 25
1410 26
1411 38
1412 21
1413 37
1414 33
1415 41
1416 37
1417 40
1418 29
1419 35
1420 33
1421 31
1422 39
1423 35
1424 38
1425 34
1426 31
1427 39
1428 21
1429 36
1430 32
1431 36
1432 31
1433 41
1434 34
1435 45
1436 48
1437 37
1438 29
1439 27
1440 29
1441 30
1442 24
1443 37
1444 37
1445 35
1446 46
1447 45
1448 37
1449 33
1450 40
1451 39
1452 32
1453 40
1454 34
1455 35
1456 54
1457 47
1458 36
1459 33
1460 36
1461 41
1462 47
1463 40
1464 40
1465 38
1466 29
1467 41
1468 32
1469 35
1470 39
1471 41
1472 36
1473 41
1474 31
1475 40
1476 24
1477 34
1478 36
1479 35
1480 31
1481 26
1482 34
1483 39
1484 30
1485 41
1486 39
1487 36
1488 32
1489 33
1490 34
1491 31
1492 30
1493 31
1494 32
1495 26
1496 33
1497 31
1498 25
1499 23
1500 29
1501 26
1502 28
1503 21
1504 19
1505 28
1506 21
1507 23
1508 18
1509 21
1510 18
1511 21
1512 21
1513 20
1514 16
1515 22
1516 22
1517 5
1518 20
1519 23
1520 13
1521 17
1522 15
1523 16
1524 12
1525 11
1526 17
1527 15
1528 10
1529 11
1530 12
1531 14
1532 14
1533 9
1534 10
1535 8
1536 10
1537 12
1538 8
1539 11
1540 12
1541 7
1542 9
1543 7
1544 7
1545 7
1546 8
1547 13
1548 7
1549 7
1550 11
1551 8
1552 5
1553 10
1554 9
1555 5
1556 5
1557 3
1558 10
1559 7
1560 5
1561 6
1562 3
1563 4
1564 4
1565 9
1566 4
1567 8
1568 7
1569 11
1570 7
1571 10
1572 9
1573 5
1574 8
1575 5
1576 13
1577 9
1578 3
1579 16
1580 8
1581 11
1582 10
1583 4
1584 9
1585 10
1586 3
1587 11
1588 7
1589 10
1590 8
1591 6
1592 7
1593 6
1594 12
1595 9
1596 12
1597 6
1598 11
1599 7
1600 10
1601 8
1602 16
1603 12
1604 12
1605 17
1606 13
1607 10
1608 6
1609 13
1610 15
1611 10
1612 11
1613 12
1614 9
1615 8
1616 15
1617 14
1618 9
1619 13
1620 9
1621 8
1622 9
1623 12
1624 10
1625 7
1626 6
1627 8
1628 9
1629 7
1630 7
1631 11
1632 7
1633 12
1634 7
1635 8
1636 9
1637 10
1638 10
1639 13
1640 7
1641 15
1642 11
1643 9
1644 11
1645 11
1646 14
1647 8
1648 7
1649 2
1650 9
1651 11
1652 6
1653 5
1654 6
1655 8
1656 8
1657 9
1658 7
1659 5
1660 6
1661 3
1662 5
1663 2
1664 5
1665 6
1666 2
1667 5
1668 3
1669 5
1670 2
1671 1
1672 1
1673 4
1674 4
1675 3
1676 5
1677 3
1678 4
1679 2
1680 1
1681 2
1682 3
1683 5
1684 0
1685 3
1686 1
1687 2
1688 1
1689 2
1690 1
1691 1
1692 2
1693 0
1694 1
1695 0
1696 3
1697 2
1698 2
1699 2
1700 1
1701 2
1702 1
1703 2
1704 0
1705 0
1706 1
1707 2
1708 2
1709 0
1710 0
1711 0
1712 0
1713 0
1714 1
1715 1
1716 1
1717 0
1718 1
1719 1
1720 0
1721 0
1722 2
1723 0
1724 0
1725 1
1726 1
1727 1
1728 0
1729 0
1730 2
1731 1
1732 0
1733 0
1734 2
1735 1
1736 0
1737 1
1738 0
1739 1
1740 0
1741 0
1742 0
1743 0
1744 0
1745 1
1746 0
1747 0
1748 0
1749 1
1750 0
1751 0
1752 0
1753 0
1754 2
1755 1
1756 0
1757 0
1758 0
1759 0
1760 0
1761 1
1762 0
1763 1
1764 0
1765 0
1766 1
1767 0
1768 0
1769 2
1770 0
1771 0
1772 0
1773 0
1774 0
1775 1
1776 0
1777 0
1778 0
1779 0
1780 0
1781 0
1782 2
1783 0
1784 0
1785 0
1786 0
1787 0
1788 0
1789 0
1790 0
1791 1
1792 0
1793 0
1794 0
1795 0
1796 0
1797 0
1798 0
1799 1
1800 0
1801 0
1802 1
1803 0
1804 0
1805 1
1806 0
1807 0
1808 0
1809 0
1810 1
1811 0
1812 1
1813 1
1814 1
1815 0
1816 0
1817 0
1818 0
1819 0
1820 0
1821 0
1822 0
1823 0
1824 1
1825 0
1826 0
1827 1
1828 1
1829 0
1830 0
1831 0
1832 0
1833 1
1834 1
1835 1
1836 0
1837 0
1838 0
1839 1
1840 0
1841 0
1842 0
1843 0
1844 1
1845 0
1846 0
1847 1
1848 1
1849 0
1850 0
1851 0
1852 0
1853 0
1854 0
1855 0
1856 1
1857 2
1858 0
1859 0
1860 2
1861 0
1862 0
1863 2
1864 0
1865 0
1866 0
1867 0
1868 0
1869 0
1870 0
1871 0
1872 0
1873 3
1874 1
1875 1
1876 1
1877 0
1878 0
1879 0
1880 1
1881 0
1882 0
1883 0
1884 0
1885 1
1886 1
1887 0
1888 0
1889 0
1890 0
1891 0
1892 0
1893 0
1894 0
1895 1
1896 1
1897 1
1898 0
1899 0
1900 0
1901 0
1902 0
1903 0
1904 0
1905 0
1906 0
1907 0
1908 0
1909 2
1910 0
1911 1
1912 1
1913 0
1914 0
1915 2
1916 0
1917 0
1918 0
1919 0
1920 0
1921 0
1922 0
1923 1
1924 0
1925 0
1926 0
1927 0
1928 0
1929 0
1930 0
1931 0
1932 0
1933 1
1934 0
1935 0
1936 0
1937 0
1938 0
1939 0
1940 0
1941 0
1942 1
1943 0
1944 2
1945 0
1946 1
1947 0
1948 0
1949 1
1950 0
1951 0
1952 1
1953 1
1954 1
1955 0
1956 0
1957 0
1958 0
1959 1
1960 0
1961 0
1962 0
1963 0
1964 0
1965 0
1966 0
1967 2
1968 1
1969 0
1970 0
1971 1
1972 2
1973 1
1974 0
1975 1
1976 0
1977 0
1978 0
1979 1
1980 0
1981 0
1982 0
1983 0
1984 1
1985 0
1986 0
1987 0
1988 0
1989 0
1990 1
1991 1
1992 0
1993 0
1994 0
1995 0
1996 0
1997 0
1998 0
1999 2
2000 0
2001 0
2002 1
2003 0
2004 0
2005 0
2006 0
2007 0
2008 0
2009 0
2010 0
2011 0
2012 0
2013 1
2014 0
2015 1
2016 1
2017 0
2018 0
2019 0
2020 0
2021 0
2022 0
2023 0
2024 0
2025 0
2026 0
2027 0
2028 2
2029 0
2030 0
2031 0
2032 0
2033 0
2034 0
2035 0
2036 0
2037 0
2038 0
2039 0
2040 0
2041 0
2042 0
2043 0
2044 0
2045 0
2046 0
2047 0
