# Dead time factor = 1.00000
0 0
1 0
2 0
3 0
4 0
5 0
6 0
7 0
8 0
9 0
10 0
11 0
12 0
13 0
14 0
15 0
16 0
17 0
18 0
19 0
20 2
21 12
22 38
23 25
24 31
25 28
26 25
27 34
28 30
29 34
30 44
31 46
32 36
33 29
34 27
35 47
36 40
37 44
38 43
39 43
40 52
41 40
42 49
43 36
44 41
45 50
46 65
47 82
48 117
49 149
50 197
51 175
52 147
53 141
54 98
55 91
56 64
57 73
58 39
59 45
60 46
61 27
62 31
63 38
64 37
65 30
66 29
67 38
68 41
69 24
70 28
71 30
72 31
73 17
74 43
75 27
76 32
77 38
78 33
79 39
80 32
81 30
82 42
83 21
84 34
85 39
86 40
87 34
88 34
89 31
90 39
91 21
92 24
93 28
94 38
95 24
96 28
97 15
98 28
99 24
100 28
101 35
102 27
103 28
104 34
105 26
106 27
107 25
108 17
109 20
110 17
111 14
112 12
113 23
114 23
115 22
116 16
117 20
118 17
119 25
120 19
121 18
122 19
123 23
124 18
125 20
126 21
127 17
128 20
129 14
130 25
131 20
132 17
133 17
134 21
135 26
136 27
137 20
138 19
139 21
140 19
141 22
142 17
143 21
144 7
145 23
146 17
147 15
148 19
149 12
150 17
151 16
152 19
153 18
154 18
155 19
156 21
157 16
158 26
159 30
160 28
161 26
162 29
163 26
164 37
165 31
166 32
167 36
168 35
169 49
170 37
171 51
172 32
173 41
174 44
175 45
176 56
177 35
178 22
179 17
180 22
181 35
182 17
183 19
184 18
185 17
186 21
187 20
188 19
189 20
190 13
191 24
192 25
193 17
194 17
195 18
196 10
197 14
198 13
199 11
200 15
201 16
202 18
203 15
204 15
205 14
206 24
207 9
208 17
209 14
210 12
211 11
212 13
213 17
214 10
215 13
216 11
217 13
218 13
219 8
220 15
221 11
222 12
223 14
224 15
225 13
226 23
227 19
228 13
229 13
230 17
231 20
232 22
233 19
234 20
235 11
236 19
237 16
238 20
239 27
240 13
241 14
242 13
243 14
244 15
245 16
246 11
247 8
248 22
249 10
250 9
251 19
252 6
253 12
254 18
255 12
256 10
257 15
258 21
259 21
260 19
261 14
262 13
263 8
264 16
265 17
266 9
267 19
268 17
269 18
270 13
271 9
272 10
273 12
274 8
275 12
276 14
277 13
278 16
279 11
280 11
281 10
282 8
283 11
284 13
285 12
286 13
287 7
288 15
289 15
290 10
291 13
292 10
293 7
294 17
295 18
296 12
297 10
298 14
299 10
300 13
301 12
302 11
303 14
304 10
305 10
306 10
307 16
308 7
309 9
310 10
311 11
312 10
313 14
314 10
315 11
316 10
317 12
318 9
319 13
320 11
321 8
322 6
323 15
324 12
325 8
326 6
327 10
328 16
329 15
330 11
331 3
332 16
333 13
334 8
335 18
336 11
337 15
338 13
339 7
340 12
341 12
342 14
343 8
344 10
345 12
346 21
347 21
348 11
349 19
350 11
351 11
352 12
353 6
354 6
355 12
356 13
357 11
358 12
359 14
360 14
361 10
362 8
363 6
364 17
365 9
366 13
367 10
368 6
369 17
370 11
371 7
372 5
373 7
374 14
375 5
376 8
377 13
378 2
379 5
380 8
381 14
382 10
383 10
384 11
385 9
386 7
387 7
388 6
389 13
390 6
391 12
392 12
393 5
394 13
395 9
396 11
397 12
398 15
399 9
400 7
401 8
402 11
403 7
404 7
405 8
406 9
407 15
408 8
409 8
410 4
411 11
412 11
413 8
414 9
415 5
416 12
417 6
418 6
419 13
420 8
421 11
422 13
423 16
424 6
425 5
426 8
427 14
428 10
429 5
430 8
431 16
432 8
433 12
434 10
435 6
436 8
437 16
438 7
439 18
440 10
441 11
442 5
443 5
444 7
445 9
446 4
447 7
448 8
449 11
450 11
451 7
452 11
453 14
454 13
455 10
456 6
457 8
458 15
459 7
460 7
461 11
462 9
463 11
464 9
465 10
466 11
467 6
468 13
469 8
470 7
471 10
472 7
473 13
474 11
475 11
476 14
477 17
478 6
479 7
480 10
481 6
482 12
483 8
484 8
485 17
486 6
487 6
488 10
489 6
490 13
491 7
492 13
493 9
494 12
495 19
496 10
497 11
498 7
499 4
500 6
501 11
502 11
503 6
504 10
505 10
506 8
507 7
508 4
509 8
510 11
511 12
512 8
513 9
514 11
515 7
516 14
517 4
518 9
519 11
520 7
521 11
522 10
523 8
524 12
525 6
526 10
527 5
528 10
529 15
530 8
531 8
532 9
533 12
534 12
535 9
536 7
537 8
538 7
539 13
540 9
541 10
542 11
543 13
544 9
545 11
546 8
547 8
548 6
549 7
550 5
551 12
552 5
553 7
554 11
555 10
556 11
557 7
558 6
559 11
560 8
561 12
562 14
563 14
564 11
565 10
566 13
567 8
568 8
569 7
570 8
571 17
572 12
573 14
574 12
575 10
576 13
577 8
578 17
579 6
580 13
581 6
582 11
583 10
584 10
585 7
586 16
587 5
588 9
589 13
590 7
591 8
592 13
593 10
594 13
595 14
596 9
597 10
598 4
599 6
600 13
601 6
602 14
603 9
604 8
605 14
606 7
607 11
608 11
609 11
610 11
611 9
612 5
613 7
614 6
615 4
616 7
617 7
618 15
619 11
620 8
621 10
622 15
623 15
624 7
625 11
626 11
627 8
628 10
629 5
630 12
631 13
632 9
633 5
634 17
635 10
636 8
637 9
638 12
639 11
640 13
641 9
642 12
643 8
644 6
645 9
646 11
647 10
648 14
649 15
650 5
651 9
652 11
653 6
654 7
655 11
656 5
657 13
658 10
659 10
660 9
661 7
662 13
663 10
664 11
665 12
666 6
667 8
668 10
669 7
670 13
671 4
672 13
673 16
674 10
675 7
676 13
677 6
678 6
679 11
680 18
681 10
682 10
683 11
684 7
685 11
686 10
687 8
688 1
689 7
690 7
691 10
692 14
693 9
694 12
695 13
696 7
697 9
698 5
699 13
700 11
701 11
702 6
703 15
704 15
705 18
706 14
707 8
708 14
709 6
710 10
711 14
712 13
713 13
714 15
715 12
716 11
717 14
718 13
719 13
720 11
721 9
722 6
723 10
724 12
725 8
726 8
727 10
728 6
729 7
730 5
731 15
732 10
733 11
734 8
735 8
736 9
737 9
738 11
739 12
740 8
741 9
742 10
743 8
744 12
745 9
746 9
747 9
748 11
749 11
750 10
751 5
752 10
753 12
754 4
755 9
756 12
757 8
758 11
759 13
760 15
761 13
762 11
763 19
764 16
765 12
766 14
767 6
768 9
769 15
770 7
771 12
772 9
773 7
774 10
775 11
776 9
777 10
778 8
779 14
780 3
781 10
782 7
783 12
784 14
785 7
786 10
787 16
788 11
789 10
790 12
791 12
792 8
793 11
794 7
795 14
796 8
797 10
798 12
799 9
800 13
801 11
802 8
803 16
804 15
805 5
806 12
807 11
808 8
809 10
810 8
811 8
812 10
813 10
814 11
815 13
816 8
817 13
818 11
819 8
820 10
821 12
822 11
823 9
824 8
825 10
826 13
827 9
828 14
829 11
830 8
831 14
832 8
833 8
834 5
835 14
836 10
837 10
838 12
839 12
840 13
841 8
842 6
843 17
844 6
845 4
846 12
847 11
848 6
849 6
850 9
851 10
852 8
853 8
854 9
855 8
856 12
857 10
858 5
859 18
860 9
861 15
862 14
863 8
864 10
865 7
866 17
867 13
868 15
869 7
870 8
871 11
872 18
873 6
874 13
875 12
876 13
877 11
878 9
879 11
880 11
881 12
882 16
883 11
884 11
885 11
886 5
887 14
888 17
889 5
890 14
891 22
892 11
893 16
894 12
895 9
896 15
897 8
898 13
899 16
900 12
901 15
902 12
903 14
904 13
905 15
906 13
907 11
908 14
909 9
910 11
911 18
912 9
913 10
914 7
915 12
916 12
917 16
918 16
919 10
920 14
921 9
922 14
923 11
924 14
925 8
926 12
927 13
928 11
929 13
930 11
931 13
932 11
933 8
934 9
935 11
936 10
937 6
938 8
939 12
940 10
941 5
942 13
943 13
944 9
945 10
946 12
947 12
948 20
949 14
950 9
951 19
952 16
953 12
954 13
955 11
956 17
957 4
958 11
959 7
960 12
961 13
962 18
963 10
964 12
965 11
966 15
967 12
968 10
969 9
970 11
971 6
972 11
973 9
974 13
975 7
976 15
977 12
978 12
979 12
980 16
981 13
982 14
983 5
984 11
985 15
986 18
987 9
988 15
989 16
990 11
991 11
992 11
993 15
994 9
995 10
996 14
997 14
998 11
999 6
1000 7
1001 14
1002 10
1003 15
1004 9
1005 11
1006 16
1007 10
1008 11
1009 12
1010 15
1011 13
1012 9
1013 13
1014 11
1015 18
1016 19
1017 12
1018 16
1019 10
1020 11
1021 20
1022 18
1023 12
1024 11
1025 12
1026 19
1027 15
1028 11
1029 11
1030 21
1031 12
1032 12
1033 18
1034 9
1035 12
1036 12
1037 6
1038 16
1039 25
1040 18
1041 19
1042 12
1043 14
1044 14
1045 23
1046 13
1047 11
1048 16
1049 12
1050 18
1051 12
1052 12
1053 16
1054 15
1055 18
1056 13
1057 18
1058 17
1059 21
1060 14
1061 21
1062 16
1063 14
1064 13
1065 13
1066 13
1067 16
1068 23
1069 18
1070 16
1071 18
1072 17
1073 25
1074 22
1075 13
1076 12
1077 29
1078 19
1079 15
1080 16
1081 16
1082 10
1083 19
1084 17
1085 9
1086 24
1087 19
1088 20
1089 25
1090 27
1091 18
1092 17
1093 18
1094 18
1095 21
1096 25
1097 23
1098 16
1099 22
1100 20
1101 22
1102 26
1103 22
1104 14
1105 17
1106 30
1107 22
1108 13
1109 25
1110 11
1111 24
1112 22
1113 14
1114 18
1115 15
1116 27
1117 12
1118 24
1119 26
1120 20
1121 17
1122 13
1123 21
1124 27
1125 14
1126 19
1127 22
1128 25
1129 24
1130 26
1131 27
1132 31
1133 23
1134 29
1135 19
1136 16
1137 31
1138 17
1139 11
1140 20
1141 26
1142 26
1143 17
1144 20
1145 15
1146 17
1147 16
1148 22
1149 14
1150 26
1151 30
1152 21
1153 28
1154 31
1155 18
1156 22
1157 22
1158 30
1159 20
1160 22
1161 21
1162 17
1163 20
1164 27
1165 23
1166 21
1167 21
1168 21
1169 13
1170 31
1171 24
1172 32
1173 17
1174 23
1175 23
1176 26
1177 25
1178 17
1179 24
1180 17
1181 24
1182 26
1183 22
1184 13
1185 23
1186 32
1187 21
1188 32
1189 15
1190 17
1191 22
1192 17
1193 14
1194 24
1195 24
1196 23
1197 22
1198 17
1199 20
1200 12
1201 23
1202 14
1203 20
1204 22
1205 22
1206 20
1207 26
1208 29
1209 9
1210 15
1211 15
1212 19
1213 16
1214 32
1215 20
1216 15
1217 23
1218 23
1219 18
1220 25
1221 29
1222 18
1223 24
1224 23
1225 29
1226 19
1227 29
1228 34
1229 24
1230 30
1231 24
1232 43
1233 21
1234 24
1235 35
1236 27
1237 28
1238 39
1239 29
1240 24
1241 29
1242 34
1243 33
1244 21
1245 25
1246 42
1247 21
1248 26
1249 32
1250 32
1251 29
1252 38
1253 34
1254 26
1255 37
1256 33
1257 41
1258 37
1259 32
1260 36
1261 34
1262 29
1263 35
1264 48
1265 38
1266 26
1267 30
1268 37
1269 47
1270 31
1271 34
1272 30
1273 27
1274 32
1275 33
1276 32
1277 28
1278 39
1279 38
1280 27
1281 43
1282 37
1283 39
1284 36
1285 28
1286 43
1287 40
1288 38
1289 39
1290 41
1291 28
1292 42
1293 42
1294 19
1295 46
1296 28
1297 35
1298 30
1299 41
1300 35
1301 29
1302 27
1303 40
1304 37
1305 31
1306 38
1307 38
1308 33
1309 33
1310 29
1311 39
1312 36
1313 32
1314 27
1315 27
1316 31
1317 30
1318 33
1319 48
1320 38
1321 29
1322 33
1323 33
1324 40
1325 36
1326 29
1327 32
1328 35
1329 25
1330 26
1331 38
1332 44
1333 27
1334 27
1335 22
1336 30
1337 24
1338 22
1339 29
1340 27
1341 30
1342 31
1343 35
1344 22
1345 19
1346 25
1347 25
1348 17
1349 26
1350 24
1351 29
1352 23
1353 16
1354 21
1355 27
1356 31
1357 29
1358 27
1359 25
1360 35
1361 19
1362 25
1363 30
1364 24
1365 22
1366 18
1367 24
1368 22
1369 29
1370 13
1371 19
1372 26
1373 24
1374 26
1375 28
1376 21
1377 22
1378 23
1379 19
1380 31
1381 28
1382 20
1383 24
1384 20
1385 22
1386 25
1387 22
1388 28
1389 24
1390 35
1391 23
1392 24
1393 29
1394 29
1395 31
1396 21
1397 27
1398 30
1399 29
1400 28
1401 29
1402 29
1403 27
1404 25
1405 25
1406 26
1407 28
1408 42
1409 25
1410 29
1411 22
1412 29
1413 34
1414 31
1415 27
1416 27
1417 28
1418 32
1419 34
1420 24
1421 35
1422 46
1423 30
1424 47
1425 25
1426 37
1427 28
1428 33
1429 34
1430 37
1431 42
1432 26
1433 35
1434 31
1435 34
1436 49
1437 43
1438 39
1439 43
1440 48
1441 38
1442 37
1443 46
1444 39
1445 37
1446 32
1447 41
1448 50
1449 39
1450 41
1451 41
1452 45
1453 38
1454 36
1455 32
1456 50
1457 29
1458 45
1459 36
1460 35
1461 40
1462 36
1463 29
1464 35
1465 31
1466 29
1467 42
1468 29
1469 38
1470 38
1471 27
1472 34
1473 39
1474 39
1475 24
1476 30
1477 29
1478 33
1479 45
1480 32
1481 33
1482 28
1483 30
1484 31
1485 29
1486 31
1487 35
1488 25
1489 34
1490 25
1491 24
1492 27
1493 30
1494 27
1495 29
1496 23
1497 22
1498 23
1499 21
1500 32
1501 28
1502 18
1503 20
1504 16
1505 19
1506 19
1507 15
1508 20
1509 24
1510 20
1511 17
1512 8
1513 10
1514 9
1515 18
1516 13
1517 17
1518 23
1519 14
1520 10
1521 9
1522 13
1523 11
1524 8
1525 14
1526 14
1527 9
1528 10
1529 7
1530 8
1531 13
1532 10
1533 11
1534 13
1535 10
1536 8
1537 15
1538 7
1539 7
1540 11
1541 6
1542 4
1543 12
1544 14
1545 7
1546 10
1547 9
1548 5
1549 6
1550 8
1551 9
1552 2
1553 3
1554 5
1555 12
1556 5
1557 7
1558 5
1559 11
1560 2
1561 7
1562 4
1563 7
1564 5
1565 4
1566 4
1567 9
1568 7
1569 2
1570 10
1571 8
1572 6
1573 8
1574 7
1575 9
1576 11
1577 8
1578 5
1579 9
1580 13
1581 9
1582 9
1583 6
1584 8
1585 8
1586 9
1587 8
1588 7
1589 10
1590 8
1591 11
1592 6
1593 9
1594 6
1595 12
1596 9
1597 10
1598 8
1599 7
1600 8
1601 5
1602 5
1603 7
1604 10
1605 9
1606 7
1607 8
1608 11
1609 10
1610 4
1611 8
1612 13
1613 11
1614 15
1615 8
1616 13
1617 10
1618 14
1619 12
1620 13
1621 8
1622 12
1623 6
1624 10
1625 11
1626 6
1627 20
1628 7
1629 6
1630 9
1631 9
1632 7
1633 8
1634 8
1635 8
1636 13
1637 11
1638 4
1639 5
1640 8
1641 8
1642 11
1643 6
1644 5
1645 6
1646 2
1647 9
1648 8
1649 8
1650 11
1651 5
1652 9
1653 3
1654 6
1655 4
1656 4
1657 5
1658 8
1659 7
1660 4
1661 4
1662 4
1663 1
1664 6
1665 3
1666 5
1667 4
1668 2
1669 2
1670 6
1671 7
1672 5
1673 4
1674 4
1675 2
1676 4
1677 2
1678 6
1679 2
1680 2
1681 3
1682 3
1683 2
1684 2
1685 3
1686 1
1687 0
1688 2
1689 0
1690 1
1691 1
1692 4
1693 0
1694 1
1695 1
1696 0
1697 1
1698 0
1699 0
1700 0
1701 0
1702 1
1703 0
1704 0
1705 1
1706 1
1707 1
1708 0
1709 0
1710 0
1711 0
1712 3
1713 0
1714 1
1715 1
1716 0
1717 2
1718 0
1719 0
1720 0
1721 0
1722 1
1723 0
1724 0
1725 0
1726 0
1727 0
1728 1
1729 1
1730 0
1731 0
1732 0
1733 0
1734 0
1735 0
1736 2
1737 1
1738 0
1739 0
1740 0
1741 0
1742 1
1743 0
1744 0
1745 0
1746 0
1747 1
1748 0
1749 1
1750 4
1751 0
1752 1
1753 1
1754 1
1755 0
1756 1
1757 1
1758 0
1759 0
1760 0
1761 0
1762 1
1763 1
1764 0
1765 0
1766 0
1767 0
1768 0
1769 0
1770 1
1771 0
1772 0
1773 1
1774 0
1775 0
1776 0
1777 0
1778 0
1779 1
1780 0
1781 1
1782 0
1783 0
1784 0
1785 0
1786 0
1787 0
1788 1
1789 0
1790 0
1791 0
1792 0
1793 1
1794 1
1795 0
1796 0
1797 0
1798 1
1799 1
1800 0
1801 0
1802 0
1803 0
1804 0
1805 0
1806 1
1807 0
1808 0
1809 0
1810 0
1811 1
1812 1
1813 0
1814 0
1815 1
1816 0
1817 1
1818 0
1819 1
1820 1
1821 2
1822 0
1823 0
1824 1
1825 0
1826 1
1827 0
1828 0
1829 0
1830 0
1831 0
1832 3
1833 1
1834 0
1835 0
1836 0
1837 0
1838 0
1839 0
1840 0
1841 0
1842 1
1843 0
1844 0
1845 0
1846 0
1847 0
1848 1
1849 1
1850 0
1851 0
1852 1
1853 0
1854 0
1855 0
1856 0
1857 0
1858 2
1859 0
1860 0
1861 0
1862 0
1863 0
1864 0
1865 2
1866 2
1867 0
1868 0
1869 0
1870 0
1871 2
1872 0
1873 0
1874 0
1875 1
1876 0
1877 0
1878 0
1879 0
1880 0
1881 0
1882 0
1883 0
1884 1
1885 0
1886 0
1887 0
1888 0
1889 0
1890 0
1891 0
1892 1
1893 0
1894 1
1895 0
1896 0
1897 0
1898 1
1899 0
1900 0
1901 2
1902 0
1903 1
1904 0
1905 0
1906 0
1907 0
1908 0
1909 1
1910 0
1911 0
1912 0
1913 0
1914 1
1915 0
1916 1
1917 0
1918 1
1919 0
1920 0
1921 0
1922 0
1923 0
1924 0
1925 0
1926 0
1927 0
1928 0
1929 0
1930 0
1931 1
1932 0
1933 0
1934 1
1935 2
1936 1
1937 0
1938 0
1939 1
1940 1
1941 1
1942 0
1943 1
1944 1
1945 0
1946 0
1947 0
1948 2
1949 0
1950 0
1951 1
1952 0
1953 0
1954 0
1955 1
1956 1
1957 1
1958 1
1959 0
1960 0
1961 0
1962 0
1963 0
1964 1
1965 1
1966 0
1967 1
1968 0
1969 1
1970 0
1971 0
1972 0
1973 0
1974 0
1975 0
1976 1
1977 0
1978 0
1979 0
1980 1
1981 0
1982 0
1983 1
1984 0
1985 0
1986 0
1987 0
1988 0
1989 0
1990 0
1991 1
1992 0
1993 0
1994 0
1995 0
1996 1
1997 0
1998 0
1999 3
2000 1
2001 2
2002 2
2003 1
2004 0
2005 0
2006 0
2007 1
2008 1
2009 0
2010 1
2011 1
2012 0
2013 0
2014 2
2015 0
2016 1
2017 2
2018 0
2019 0
2020 0
2021 0
2022 0
2023 0
2024 0
2025 0
2026 1
2027 0
2028 1
2029 1
2030 0
2031 0
2032 0
2033 0
2034 0
2035 0
2036 0
2037 0
2038 0
2039 0
2040 0
2041 0
2042 0
2043 0
2044 0
2045 0
2046 0
2047 0
