# Dead time factor = 1.00000
0 0
1 0
2 0
3 0
4 0
5 0
6 0
7 0
8 0
9 0
10 0
11 0
12 0
13 0
14 0
15 0
16 0
17 0
18 0
19 0
20 2
21 22
22 26
23 25
24 31
25 34
26 30
27 30
28 37
29 37
30 34
31 44
32 54
33 31
34 39
35 35
36 44
37 57
38 42
39 41
40 55
41 47
42 55
43 51
44 56
45 51
46 71
47 73
48 98
49 134
50 158
51 175
52 142
53 154
54 144
55 102
56 86
57 70
58 56
59 56
60 52
61 42
62 46
63 36
64 37
65 40
66 32
67 27
68 38
69 45
70 32
71 29
72 24
73 35
74 30
75 41
76 32
77 42
78 43
79 42
80 32
81 29
82 36
83 36
84 33
85 43
86 38
87 52
88 25
89 49
90 30
91 39
92 37
93 34
94 27
95 49
96 41
97 38
98 36
99 34
100 40
101 28
102 24
103 21
104 19
105 24
106 31
107 23
108 25
109 26
110 22
111 22
112 21
113 25
114 11
115 13
116 23
117 27
118 21
119 18
120 23
121 21
122 24
123 25
124 25
125 26
126 29
127 20
128 26
129 19
130 30
131 16
132 14
133 17
134 25
135 20
136 23
137 21
138 21
139 17
140 23
141 20
142 18
143 20
144 18
145 20
146 25
147 18
148 15
149 19
150 16
151 16
152 20
153 26
154 25
155 19
156 16
157 13
158 21
159 31
160 26
161 29
162 40
163 33
164 37
165 43
166 30
167 30
168 39
169 43
170 43
171 54
172 49
173 38
174 50
175 43
176 35
177 41
178 47
179 30
180 23
181 28
182 21
183 19
184 26
185 24
186 21
187 22
188 20
189 13
190 13
191 17
192 21
193 21
194 16
195 14
196 12
197 15
198 16
199 8
200 16
201 12
202 9
203 24
204 24
205 18
206 17
207 16
208 13
209 16
210 15
211 15
212 16
213 10
214 12
215 16
216 16
217 23
218 11
219 13
220 16
221 13
222 10
223 17
224 12
225 19
226 16
227 21
228 18
229 15
230 15
231 15
232 26
233 13
234 14
235 16
236 23
237 18
238 12
239 18
240 15
241 20
242 9
243 18
244 19
245 16
246 14
247 17
248 14
249 16
250 8
251 20
252 15
253 13
254 27
255 8
256 11
257 14
258 21
259 16
260 22
261 13
262 22
263 14
264 11
265 14
266 20
267 8
268 16
269 16
270 17
271 9
272 16
273 16
274 10
275 10
276 13
277 11
278 17
279 8
280 6
281 15
282 19
283 5
284 15
285 17
286 13
287 14
288 10
289 5
290 10
291 25
292 15
293 10
294 17
295 9
296 12
297 18
298 13
299 15
300 16
301 10
302 13
303 10
304 6
305 16
306 13
307 15
308 18
309 11
310 9
311 18
312 11
313 13
314 15
315 18
316 13
317 12
318 18
319 12
320 11
321 16
322 9
323 14
324 14
325 12
326 13
327 6
328 16
329 13
330 12
331 10
332 15
333 15
334 14
335 9
336 14
337 12
338 12
339 21
340 12
341 18
342 12
343 11
344 12
345 23
346 13
347 11
348 13
349 12
350 18
351 14
352 13
353 11
354 16
355 10
356 13
357 16
358 20
359 10
360 12
361 12
362 21
363 14
364 13
365 7
366 12
367 12
368 11
369 11
370 12
371 10
372 15
373 12
374 7
375 18
376 18
377 4
378 13
379 6
380 11
381 15
382 7
383 14
384 9
385 12
386 16
387 10
388 8
389 14
390 11
391 11
392 6
393 15
394 13
395 12
396 8
397 16
398 11
399 9
400 12
401 8
402 17
403 9
404 12
405 7
406 6
407 12
408 14
409 9
410 14
411 11
412 10
413 11
414 19
415 8
416 10
417 13
418 13
419 6
420 6
421 6
422 8
423 10
424 10
425 15
426 5
427 10
428 4
429 10
430 13
431 8
432 8
433 11
434 10
435 9
436 8
437 7
438 10
439 14
440 11
441 10
442 13
443 13
444 15
445 15
446 7
447 14
448 13
449 11
450 12
451 8
452 9
453 8
454 9
455 10
456 7
457 10
458 13
459 9
460 10
461 10
462 6
463 12
464 9
465 11
466 12
467 8
468 8
469 6
470 7
471 11
472 10
473 8
474 11
475 10
476 11
477 10
478 7
479 9
480 8
481 11
482 10
483 9
484 10
485 12
486 11
487 16
488 6
489 10
490 7
491 10
492 11
493 7
494 17
495 14
496 11
497 8
498 10
499 11
500 7
501 9
502 8
503 9
504 12
505 6
506 14
507 4
508 8
509 9
510 8
511 8
512 9
513 7
514 6
515 2
516 14
517 12
518 9
519 4
520 12
521 11
522 5
523 14
524 10
525 7
526 12
527 7
528 9
529 12
530 16
531 8
532 10
533 7
534 8
535 8
536 11
537 10
538 10
539 15
540 9
541 2
542 6
543 9
544 16
545 7
546 9
547 10
548 17
549 9
550 17
551 11
552 11
553 14
554 8
555 9
556 9
557 11
558 12
559 11
560 11
561 14
562 13
563 6
564 12
565 12
566 9
567 16
568 9
569 8
570 7
571 4
572 2
573 12
574 12
575 4
576 8
577 9
578 7
579 15
580 10
581 11
582 11
583 4
584 11
585 17
586 13
587 10
588 11
589 9
590 9
591 9
592 4
593 5
594 8
595 11
596 13
597 14
598 10
599 18
600 16
601 6
602 21
603 15
604 14
605 8
606 9
607 17
608 13
609 6
610 14
611 12
612 10
613 6
614 11
615 13
616 10
617 5
618 5
619 26
620 14
621 7
622 11
623 12
624 10
625 6
626 11
627 12
628 2
629 4
630 11
631 6
632 7
633 10
634 13
635 10
636 16
637 8
638 11
639 11
640 13
641 11
642 7
643 7
644 13
645 13
646 6
647 9
648 10
649 6
650 10
651 13
652 6
653 13
654 10
655 14
656 9
657 10
658 13
659 9
660 14
661 16
662 9
663 8
664 15
665 11
666 8
667 9
668 7
669 7
670 11
671 10
672 9
673 11
674 12
675 10
676 21
677 14
678 11
679 9
680 6
681 13
682 7
683 19
684 9
685 8
686 14
687 8
688 10
689 10
690 13
691 6
692 8
693 10
694 6
695 10
696 10
697 12
698 9
699 6
700 11
701 6
702 13
703 11
704 10
705 16
706 11
707 12
708 10
709 7
710 9
711 10
712 11
713 9
714 9
715 15
716 10
717 13
718 12
719 14
720 13
721 13
722 11
723 9
724 12
725 7
726 14
727 11
728 9
729 13
730 13
731 8
732 12
733 9
734 12
735 17
736 14
737 14
738 7
739 14
740 9
741 12
742 5
743 9
744 13
745 12
746 8
747 10
748 9
749 13
750 13
751 8
752 11
753 8
754 14
755 6
756 11
757 14
758 11
759 12
760 11
761 19
762 9
763 12
764 10
765 8
766 10
767 10
768 12
769 14
770 12
771 12
772 5
773 18
774 7
775 11
776 14
777 7
778 10
779 10
780 13
781 13
782 12
783 12
784 11
785 14
786 13
787 10
788 11
789 20
790 8
791 9
792 6
793 13
794 11
795 10
796 13
797 11
798 9
799 8
800 11
801 8
802 6
803 10
804 11
805 9
806 10
807 9
808 11
809 12
810 16
811 13
812 5
813 15
814 10
815 8
816 7
817 13
818 13
819 9
820 12
821 14
822 8
823 10
824 11
825 12
826 12
827 13
828 20
829 9
830 9
831 10
832 13
833 13
834 8
835 6
836 8
837 10
838 9
839 14
840 18
841 9
842 10
843 11
844 14
845 15
846 10
847 12
848 15
849 13
850 11
851 12
852 11
853 12
854 14
855 11
856 17
857 13
858 11
859 6
860 18
861 12
862 10
863 7
864 11
865 17
866 13
867 5
868 15
869 23
870 13
871 10
872 14
873 15
874 17
875 17
876 8
877 15
878 13
879 10
880 13
881 9
882 10
883 12
884 14
885 14
886 9
887 10
888 16
889 15
890 10
891 9
892 17
893 15
894 16
895 13
896 5
897 9
898 14
899 16
900 10
901 9
902 14
903 14
904 15
905 13
906 15
907 13
908 12
909 14
910 13
911 16
912 10
913 12
914 14
915 11
916 15
917 6
918 13
919 14
920 11
921 9
922 10
923 12
924 17
925 15
926 13
927 13
928 14
929 12
930 18
931 14
932 10
933 7
934 12
935 14
936 14
937 14
938 18
939 12
940 9
941 13
942 10
943 8
944 19
945 13
946 8
947 13
948 11
949 16
950 9
951 14
952 17
953 16
954 9
955 9
956 7
957 17
958 13
959 15
960 12
961 19
962 14
963 16
964 10
965 9
966 12
967 13
968 10
969 6
970 15
971 9
972 13
973 9
974 5
975 15
976 19
977 15
978 12
979 12
980 16
981 12
982 16
983 11
984 15
985 8
986 19
987 14
988 9
989 14
990 16
991 15
992 10
993 18
994 9
995 16
996 8
997 10
998 14
999 10
1000 14
1001 7
1002 18
1003 9
1004 8
1005 15
1006 17
1007 11
1008 13
1009 20
1010 10
1011 15
1012 10
1013 19
1014 12
1015 15
1016 16
1017 12
1018 20
1019 9
1020 18
1021 7
1022 11
1023 23
1024 11
1025 25
1026 13
1027 11
1028 19
1029 18
1030 13
1031 14
1032 14
1033 10
1034 13
1035 12
1036 19
1037 13
1038 21
1039 12
1040 15
1041 13
1042 18
1043 11
1044 18
1045 9
1046 22
1047 15
1048 16
1049 13
1050 16
1051 11
1052 21
1053 18
1054 16
1055 12
1056 16
1057 15
1058 14
1059 11
1060 16
1061 15
1062 24
1063 25
1064 20
1065 13
1066 19
1067 13
1068 9
1069 14
1070 18
1071 20
1072 23
1073 15
1074 16
1075 18
1076 17
1077 16
1078 18
1079 17
1080 18
1081 19
1082 17
1083 13
1084 18
1085 25
1086 17
1087 20
1088 20
1089 21
1090 16
1091 21
1092 13
1093 28
1094 19
1095 21
1096 21
1097 20
1098 23
1099 24
1100 16
1101 22
1102 23
1103 25
1104 16
1105 24
1106 23
1107 23
1108 22
1109 20
1110 16
1111 19
1112 17
1113 15
1114 26
1115 22
1116 32
1117 22
1118 35
1119 28
1120 21
1121 18
1122 32
1123 28
1124 29
1125 22
1126 21
1127 17
1128 27
1129 25
1130 24
1131 23
1132 16
1133 32
1134 22
1135 20
1136 23
1137 27
1138 31
1139 26
1140 15
1141 21
1142 21
1143 22
1144 22
1145 20
1146 24
1147 23
1148 23
1149 24
1150 26
1151 14
1152 26
1153 25
1154 27
1155 20
1156 40
1157 23
1158 20
1159 20
1160 24
1161 16
1162 24
1163 26
1164 21
1165 11
1166 25
1167 23
1168 21
1169 19
1170 28
1171 25
1172 20
1173 34
1174 26
1175 24
1176 27
1177 19
1178 26
1179 27
1180 27
1181 20
1182 21
1183 27
1184 35
1185 23
1186 27
1187 20
1188 32
1189 28
1190 21
1191 15
1192 17
1193 25
1194 21
1195 29
1196 24
1197 27
1198 21
1199 18
1200 17
1201 25
1202 29
1203 27
1204 23
1205 29
1206 20
1207 19
1208 32
1209 29
1210 30
1211 25
1212 23
1213 25
1214 27
1215 21
1216 21
1217 25
1218 23
1219 34
1220 29
1221 25
1222 22
1223 26
1224 22
1225 23
1226 25
1227 13
1228 31
1229 31
1230 24
1231 18
1232 28
1233 26
1234 36
1235 19
1236 36
1237 39
1238 25
1239 31
1240 28
1241 33
1242 45
1243 32
1244 28
1245 29
1246 30
1247 32
1248 29
1249 39
1250 32
1251 31
1252 36
1253 31
1254 32
1255 28
1256 41
1257 38
1258 37
1259 39
1260 37
1261 31
1262 37
1263 21
1264 36
1265 33
1266 37
1267 40
1268 30
1269 30
1270 41
1271 32
1272 35
1273 43
1274 28
1275 39
1276 38
1277 33
1278 36
1279 33
1280 41
1281 45
1282 30
1283 45
1284 26
1285 46
1286 30
1287 24
1288 38
1289 43
1290 43
1291 33
1292 38
1293 38
1294 41
1295 39
1296 46
1297 37
1298 42
1299 50
1300 38
1301 33
1302 31
1303 34
1304 29
1305 30
1306 47
1307 43
1308 36
1309 27
1310 40
1311 51
1312 37
1313 45
1314 37
1315 26
1316 50
1317 36
1318 40
1319 35
1320 48
1321 40
1322 30
1323 30
1324 42
1325 33
1326 39
1327 49
1328 31
1329 38
1330 43
1331 27
1332 35
1333 44
1334 32
1335 40
1336 31
1337 34
1338 25
1339 19
1340 32
1341 26
1342 30
1343 28
1344 28
1345 35
1346 37
1347 35
1348 26
1349 30
1350 26
1351 34
1352 25
1353 25
1354 27
1355 27
1356 24
1357 35
1358 32
1359 20
1360 24
1361 27
1362 23
1363 39
1364 26
1365 25
1366 24
1367 32
1368 37
1369 24
1370 24
1371 23
1372 22
1373 19
1374 18
1375 20
1376 27
1377 32
1378 24
1379 23
1380 22
1381 20
1382 19
1383 23
1384 25
1385 24
1386 29
1387 31
1388 21
1389 28
1390 19
1391 33
1392 22
1393 29
1394 32
1395 18
1396 27
1397 20
1398 31
1399 21
1400 33
1401 29
1402 25
1403 20
1404 33
1405 25
1406 30
1407 32
1408 39
1409 29
1410 36
1411 34
1412 39
1413 37
1414 39
1415 32
1416 39
1417 34
1418 30
1419 36
1420 29
1421 23
1422 30
1423 35
1424 25
1425 38
1426 34
1427 41
1428 38
1429 38
1430 48
1431 47
1432 32
1433 50
1434 36
1435 33
1436 29
1437 37
1438 37
1439 36
1440 38
1441 39
1442 40
1443 39
1444 41
1445 43
1446 52
1447 40
1448 39
1449 29
1450 49
1451 40
1452 31
1453 46
1454 26
1455 45
1456 30
1457 38
1458 46
1459 48
1460 39
1461 36
1462 41
1463 33
1464 34
1465 51
1466 42
1467 45
1468 38
1469 39
1470 42
1471 40
1472 43
1473 42
1474 31
1475 48
1476 41
1477 29
1478 40
1479 33
1480 24
1481 32
1482 34
1483 45
1484 49
1485 41
1486 41
1487 44
1488 34
1489 41
1490 34
1491 31
1492 33
1493 27
1494 31
1495 36
1496 27
1497 26
1498 30
1499 29
1500 30
1501 28
1502 33
1503 21
1504 20
1505 24
1506 21
1507 25
1508 22
1509 31
1510 32
1511 25
1512 17
1513 17
1514 14
1515 18
1516 18
1517 20
1518 15
1519 21
1520 17
1521 13
1522 14
1523 18
1524 14
1525 11
1526 25
1527 9
1528 20
1529 11
1530 16
1531 13
1532 18
1533 15
1534 11
1535 11
1536 12
1537 11
1538 7
1539 8
1540 7
1541 8
1542 10
1543 6
1544 10
1545 10
1546 7
1547 7
1548 11
1549 7
1550 13
1551 11
1552 10
1553 5
1554 14
1555 4
1556 7
1557 4
1558 8
1559 7
1560 7
1561 6
1562 6
1563 7
1564 8
1565 10
1566 8
1567 7
1568 10
1569 7
1570 6
1571 4
1572 6
1573 7
1574 5
1575 16
1576 10
1577 7
1578 10
1579 9
1580 12
1581 8
1582 5
1583 9
1584 5
1585 11
1586 13
1587 7
1588 6
1589 8
1590 6
1591 8
1592 8
1593 11
1594 13
1595 4
1596 7
1597 11
1598 9
1599 3
1600 9
1601 9
1602 12
1603 6
1604 10
1605 5
1606 10
1607 12
1608 9
1609 16
1610 13
1611 8
1612 12
1613 11
1614 9
1615 12
1616 12
1617 15
1618 9
1619 10
1620 18
1621 17
1622 12
1623 9
1624 9
1625 14
1626 18
1627 14
1628 11
1629 5
1630 9
1631 14
1632 9
1633 11
1634 8
1635 9
1636 15
1637 8
1638 9
1639 12
1640 6
1641 10
1642 14
1643 12
1644 5
1645 7
1646 9
1647 9
1648 8
1649 7
1650 4
1651 8
1652 6
1653 5
1654 8
1655 5
1656 7
1657 6
1658 8
1659 4
1660 2
1661 4
1662 5
1663 3
1664 6
1665 5
1666 4
1667 2
1668 2
1669 5
1670 1
1671 3
1672 0
1673 6
1674 3
1675 6
1676 5
1677 6
1678 2
1679 2
1680 0
1681 6
1682 3
1683 1
1684 2
1685 0
1686 1
1687 1
1688 5
1689 1
1690 1
1691 1
1692 3
1693 0
1694 0
1695 2
1696 1
1697 3
1698 4
1699 1
1700 2
1701 2
1702 0
1703 1
1704 3
1705 1
1706 0
1707 2
1708 1
1709 1
1710 2
1711 1
1712 1
1713 1
1714 0
1715 0
1716 1
1717 0
1718 1
1719 0
1720 1
1721 1
1722 0
1723 0
1724 0
1725 3
1726 0
1727 1
1728 1
1729 0
1730 1
1731 0
1732 0
1733 0
1734 0
1735 1
1736 0
1737 0
1738 0
1739 1
1740 1
1741 1
1742 1
1743 0
1744 0
1745 0
1746 0
1747 0
1748 2
1749 0
1750 2
1751 1
1752 1
1753 0
1754 0
1755 1
1756 0
1757 0
1758 0
1759 0
1760 1
1761 0
1762 1
1763 0
1764 2
1765 0
1766 1
1767 0
1768 0
1769 0
1770 1
1771 0
1772 0
1773 2
1774 0
1775 0
1776 0
1777 1
1778 1
1779 0
1780 0
1781 0
1782 0
1783 0
1784 0
1785 1
1786 0
1787 0
1788 2
1789 1
1790 1
1791 0
1792 2
1793 1
1794 0
1795 1
1796 0
1797 0
1798 0
1799 0
1800 0
1801 2
1802 0
1803 1
1804 3
1805 0
1806 0
1807 0
1808 0
1809 0
1810 0
1811 0
1812 0
1813 1
1814 2
1815 0
1816 1
1817 0
1818 0
1819 0
1820 1
1821 0
1822 0
1823 0
1824 2
1825 0
1826 1
1827 2
1828 0
1829 2
1830 0
1831 0
1832 0
1833 0
1834 0
1835 2
1836 0
1837 0
1838 1
1839 0
1840 1
1841 0
1842 0
1843 0
1844 0
1845 1
1846 1
1847 0
1848 0
1849 0
1850 1
1851 2
1852 1
1853 0
1854 0
1855 2
1856 0
1857 0
1858 0
1859 0
1860 1
1861 0
1862 1
1863 0
1864 0
1865 1
1866 0
1867 1
1868 0
1869 1
1870 0
1871 1
1872 1
1873 1
1874 0
1875 0
1876 1
1877 1
1878 0
1879 0
1880 0
1881 0
1882 1
1883 0
1884 1
1885 1
1886 1
1887 1
1888 0
1889 0
1890 0
1891 0
1892 0
1893 0
1894 0
1895 0
1896 1
1897 0
1898 0
1899 1
1900 0
1901 0
1902 0
1903 1
1904 0
1905 0
1906 0
1907 0
1908 0
1909 1
1910 0
1911 0
1912 2
1913 1
1914 0
1915 0
1916 1
1917 0
1918 0
1919 1
1920 0
1921 0
1922 1
1923 0
1924 1
1925 1
1926 0
1927 0
1928 0
1929 0
1930 0
1931 0
1932 0
1933 0
1934 0
1935 0
1936 0
1937 0
1938 0
1939 2
1940 0
1941 0
1942 0
1943 0
1944 1
1945 0
1946 1
1947 0
1948 1
1949 0
1950 1
1951 0
1952 0
1953 0
1954 0
1955 0
1956 1
1957 0
1958 0
1959 0
1960 1
1961 0
1962 1
1963 1
1964 0
1965 0
1966 0
1967 0
1968 1
1969 0
1970 1
1971 0
1972 0
1973 0
1974 0
1975 0
1976 0
1977 1
1978 0
1979 1
1980 0
1981 1
1982 0
1983 2
1984 0
1985 0
1986 0
1987 0
1988 0
1989 0
1990 1
1991 0
1992 0
1993 0
1994 0
1995 1
1996 0
1997 0
1998 0
1999 1
2000 0
2001 0
2002 1
2003 0
2004 0
2005 1
2006 1
2007 0
2008 0
2009 0
2010 1
2011 1
2012 0
2013 0
2014 0
2015 0
2016 1
2017 0
2018 1
2019 0
2020 1
2021 0
2022 2
2023 1
2024 0
2025 0
2026 0
2027 0
2028 0
2029 1
2030 0
2031 0
2032 0
2033 0
2034 0
2035 0
2036 0
2037 0
2038 0
2039 0
2040 0
2041 0
2042 0
2043 0
2044 0
2045 0
2046 0
2047 0
