# Dead time factor = 1.00000
0 0
1 0
2 0
3 0
4 0
5 0
6 0
7 0
8 0
9 0
10 0
11 0
12 0
13 0
14 0
15 0
16 0
17 0
18 0
19 0
20 2
21 12
22 17
23 16
24 10
25 15
26 10
27 16
28 25
29 20
30 22
31 23
32 27
33 30
34 39
35 26
36 37
37 35
38 42
39 30
40 41
41 18
42 27
43 32
44 38
45 43
46 53
47 71
48 100
49 142
50 146
51 139
52 118
53 96
54 102
55 81
56 54
57 44
58 38
59 34
60 22
61 24
62 21
63 24
64 16
65 21
66 22
67 24
68 21
69 16
70 23
71 15
72 19
73 19
74 16
75 18
76 15
77 16
78 22
79 17
80 11
81 21
82 19
83 21
84 17
85 22
86 15
87 21
88 16
89 21
90 23
91 18
92 12
93 16
94 13
95 23
96 14
97 13
98 14
99 24
100 17
101 16
102 18
103 13
104 14
105 16
106 13
107 16
108 11
109 8
110 7
111 9
112 18
113 13
114 16
115 11
116 12
117 11
118 17
119 11
120 4
121 12
122 9
123 10
124 17
125 12
126 6
127 13
128 6
129 12
130 11
131 7
132 11
133 15
134 6
135 11
136 11
137 10
138 10
139 14
140 10
141 12
142 14
143 7
144 9
145 16
146 12
147 9
148 12
149 9
150 7
151 7
152 12
153 10
154 9
155 8
156 13
157 10
158 9
159 12
160 13
161 12
162 21
163 15
164 15
165 16
166 25
167 19
168 23
169 21
170 12
171 18
172 21
173 22
174 18
175 13
176 13
177 19
178 14
179 10
180 14
181 16
182 15
183 13
184 9
185 10
186 7
187 10
188 16
189 12
190 6
191 7
192 12
193 10
194 7
195 9
196 6
197 12
198 11
199 12
200 10
201 8
202 8
203 8
204 9
205 10
206 7
207 8
208 7
209 6
210 6
211 11
212 6
213 9
214 5
215 10
216 8
217 12
218 10
219 10
220 7
221 5
222 6
223 4
224 10
225 7
226 3
227 10
228 10
229 3
230 6
231 6
232 7
233 8
234 3
235 8
236 4
237 3
238 9
239 9
240 3
241 11
242 9
243 13
244 9
245 7
246 7
247 4
248 5
249 8
250 5
251 10
252 3
253 5
254 7
255 9
256 2
257 5
258 7
259 4
260 6
261 8
262 7
263 8
264 3
265 6
266 8
267 8
268 5
269 5
270 9
271 7
272 4
273 4
274 8
275 12
276 5
277 5
278 7
279 9
280 10
281 5
282 3
283 7
284 7
285 5
286 8
287 4
288 9
289 7
290 10
291 2
292 3
293 6
294 8
295 8
296 11
297 4
298 7
299 6
300 9
301 9
302 1
303 8
304 10
305 7
306 4
307 6
308 5
309 4
310 6
311 7
312 7
313 8
314 5
315 7
316 2
317 6
318 9
319 3
320 7
321 4
322 11
323 6
324 4
325 8
326 4
327 4
328 5
329 7
330 3
331 9
332 11
333 8
334 5
335 8
336 10
337 5
338 5
339 6
340 13
341 5
342 7
343 8
344 4
345 10
346 8
347 9
348 7
349 9
350 5
351 9
352 8
353 4
354 9
355 7
356 9
357 5
358 4
359 8
360 2
361 5
362 7
363 9
364 4
365 3
366 3
367 9
368 5
369 4
370 4
371 7
372 5
373 6
374 5
375 7
376 3
377 8
378 3
379 6
380 3
381 7
382 5
383 7
384 5
385 1
386 9
387 4
388 4
389 3
390 1
391 7
392 5
393 4
394 11
395 4
396 6
397 8
398 5
399 2
400 4
401 6
402 8
403 4
404 8
405 12
406 7
407 9
408 5
409 11
410 1
411 3
412 7
413 3
414 1
415 4
416 8
417 4
418 11
419 9
420 6
421 1
422 6
423 6
424 7
425 3
426 4
427 6
428 2
429 2
430 3
431 5
432 2
433 7
434 3
435 4
436 3
437 5
438 7
439 5
440 7
441 6
442 5
443 8
444 6
445 4
446 5
447 8
448 6
449 7
450 3
451 2
452 6
453 6
454 3
455 7
456 11
457 3
458 6
459 4
460 4
461 7
462 6
463 3
464 2
465 3
466 4
467 4
468 8
469 6
470 1
471 7
472 4
473 7
474 4
475 3
476 2
477 0
478 2
479 8
480 4
481 5
482 3
483 3
484 1
485 4
486 4
487 6
488 3
489 5
490 7
491 3
492 9
493 3
494 2
495 9
496 4
497 5
498 3
499 4
500 7
501 6
502 5
503 6
504 7
505 4
506 5
507 4
508 5
509 5
510 2
511 7
512 5
513 3
514 6
515 7
516 4
517 7
518 9
519 6
520 5
521 3
522 6
523 6
524 1
525 4
526 5
527 8
528 9
529 4
530 4
531 5
532 1
533 6
534 9
535 6
536 7
537 2
538 3
539 4
540 2
541 8
542 8
543 6
544 3
545 4
546 6
547 5
548 1
549 5
550 8
551 6
552 2
553 4
554 3
555 5
556 1
557 4
558 5
559 4
560 4
561 6
562 5
563 8
564 5
565 3
566 4
567 7
568 5
569 4
570 5
571 3
572 5
573 7
574 10
575 8
576 4
577 3
578 5
579 9
580 5
581 4
582 3
583 4
584 3
585 6
586 5
587 6
588 4
589 3
590 1
591 6
592 2
593 7
594 3
595 6
596 4
597 5
598 6
599 2
600 3
601 4
602 3
603 9
604 3
605 7
606 10
607 4
608 3
609 6
610 6
611 8
612 7
613 5
614 6
615 5
616 3
617 7
618 5
619 2
620 7
621 1
622 7
623 6
624 2
625 7
626 4
627 4
628 3
629 4
630 4
631 7
632 4
633 7
634 4
635 3
636 8
637 3
638 0
639 5
640 5
641 7
642 3
643 1
644 7
645 5
646 2
647 6
648 9
649 7
650 1
651 3
652 7
653 6
654 7
655 2
656 11
657 5
658 6
659 7
660 3
661 3
662 10
663 2
664 4
665 6
666 1
667 5
668 5
669 1
670 3
671 4
672 6
673 4
674 5
675 5
676 5
677 1
678 3
679 7
680 10
681 4
682 3
683 2
684 4
685 5
686 6
687 6
688 6
689 9
690 3
691 3
692 9
693 4
694 8
695 7
696 6
697 3
698 5
699 4
700 7
701 6
702 5
703 7
704 5
705 6
706 4
707 3
708 4
709 3
710 4
711 8
712 6
713 5
714 3
715 7
716 3
717 9
718 4
719 4
720 5
721 5
722 5
723 3
724 6
725 10
726 6
727 10
728 5
729 5
730 8
731 7
732 4
733 2
734 3
735 7
736 8
737 6
738 6
739 2
740 9
741 5
742 5
743 4
744 3
745 4
746 1
747 9
748 2
749 3
750 7
751 4
752 5
753 5
754 5
755 10
756 9
757 2
758 7
759 4
760 2
761 6
762 9
763 4
764 7
765 1
766 4
767 3
768 2
769 6
770 8
771 8
772 8
773 4
774 7
775 4
776 6
777 2
778 6
779 4
780 6
781 3
782 6
783 6
784 3
785 5
786 5
787 6
788 3
789 6
790 4
791 7
792 5
793 5
794 6
795 4
796 7
797 9
798 0
799 3
800 7
801 6
802 4
803 10
804 7
805 6
806 5
807 4
808 4
809 7
810 4
811 5
812 5
813 3
814 6
815 11
816 5
817 7
818 3
819 1
820 2
821 10
822 7
823 2
824 8
825 4
826 5
827 6
828 4
829 3
830 7
831 9
832 6
833 5
834 7
835 5
836 6
837 8
838 6
839 3
840 4
841 7
842 9
843 7
844 3
845 7
846 5
847 4
848 7
849 6
850 7
851 12
852 5
853 5
854 4
855 10
856 3
857 8
858 3
859 3
860 4
861 6
862 7
863 2
864 5
865 5
866 2
867 6
868 4
869 6
870 6
871 2
872 6
873 6
874 3
875 4
876 5
877 7
878 8
879 7
880 5
881 2
882 7
883 9
884 4
885 6
886 4
887 7
888 8
889 3
890 5
891 4
892 3
893 9
894 6
895 7
896 4
897 7
898 7
899 6
900 5
901 4
902 12
903 4
904 13
905 8
906 6
907 7
908 4
909 4
910 1
911 3
912 8
913 7
914 7
915 4
916 3
917 9
918 3
919 2
920 1
921 8
922 4
923 5
924 6
925 2
926 10
927 7
928 8
929 6
930 8
931 6
932 6
933 7
934 4
935 5
936 6
937 6
938 3
939 4
940 4
941 4
942 4
943 8
944 8
945 6
946 3
947 7
948 4
949 10
950 7
951 6
952 7
953 6
954 7
955 7
956 4
957 8
958 6
959 12
960 6
961 3
962 3
963 7
964 7
965 8
966 11
967 7
968 3
969 9
970 6
971 7
972 4
973 11
974 8
975 8
976 7
977 6
978 8
979 5
980 0
981 5
982 4
983 12
984 7
985 5
986 8
987 7
988 6
989 6
990 8
991 2
992 4
993 8
994 7
995 4
996 9
997 8
998 7
999 6
1000 2
1001 6
1002 10
1003 9
1004 5
1005 5
1006 7
1007 4
1008 5
1009 3
1010 7
1011 5
1012 5
1013 7
1014 4
1015 6
1016 7
1017 6
1018 8
1019 5
1020 3
1021 2
1022 3
1023 7
1024 9
1025 3
1026 5
1027 4
1028 8
1029 6
1030 6
1031 6
1032 11
1033 11
1034 7
1035 6
1036 4
1037 5
1038 10
1039 6
1040 9
1041 10
1042 6
1043 5
1044 3
1045 6
1046 5
1047 11
1048 8
1049 4
1050 6
1051 8
1052 5
1053 9
1054 11
1055 5
1056 9
1057 6
1058 8
1059 9
1060 5
1061 12
1062 16
1063 4
1064 10
1065 9
1066 8
1067 6
1068 7
1069 8
1070 11
1071 9
1072 14
1073 14
1074 11
1075 6
1076 6
1077 12
1078 11
1079 6
1080 10
1081 2
1082 11
1083 9
1084 9
1085 5
1086 16
1087 6
1088 8
1089 13
1090 11
1091 10
1092 16
1093 10
1094 11
1095 13
1096 10
1097 9
1098 12
1099 13
1100 11
1101 10
1102 12
1103 13
1104 6
1105 5
1106 10
1107 12
1108 8
1109 12
1110 13
1111 8
1112 11
1113 15
1114 6
1115 10
1116 5
1117 8
1118 7
1119 13
1120 9
1121 11
1122 8
1123 10
1124 7
1125 8
1126 13
1127 9
1128 12
1129 15
1130 8
1131 7
1132 11
1133 10
1134 9
1135 18
1136 10
1137 14
1138 12
1139 3
1140 14
1141 4
1142 8
1143 8
1144 9
1145 8
1146 12
1147 11
1148 10
1149 13
1150 12
1151 14
1152 10
1153 7
1154 14
1155 16
1156 13
1157 11
1158 10
1159 9
1160 8
1161 15
1162 7
1163 15
1164 10
1165 7
1166 15
1167 8
1168 12
1169 8
1170 8
1171 12
1172 16
1173 8
1174 13
1175 11
1176 10
1177 15
1178 9
1179 7
1180 12
1181 16
1182 15
1183 10
1184 11
1185 8
1186 12
1187 9
1188 17
1189 18
1190 12
1191 9
1192 12
1193 13
1194 7
1195 9
1196 9
1197 12
1198 11
1199 13
1200 6
1201 14
1202 7
1203 14
1204 7
1205 7
1206 9
1207 7
1208 7
1209 17
1210 10
1211 12
1212 8
1213 14
1214 12
1215 7
1216 15
1217 22
1218 8
1219 11
1220 4
1221 9
1222 12
1223 12
1224 11
1225 12
1226 14
1227 11
1228 12
1229 12
1230 10
1231 13
1232 10
1233 19
1234 9
1235 11
1236 13
1237 13
1238 15
1239 15
1240 17
1241 14
1242 18
1243 12
1244 12
1245 15
1246 14
1247 14
1248 19
1249 14
1250 14
1251 12
1252 17
1253 15
1254 21
1255 13
1256 17
1257 13
1258 17
1259 21
1260 16
1261 23
1262 17
1263 13
1264 18
1265 12
1266 18
1267 19
1268 21
1269 20
1270 15
1271 20
1272 21
1273 23
1274 25
1275 17
1276 14
1277 10
1278 13
1279 21
1280 17
1281 15
1282 11
1283 19
1284 20
1285 15
1286 18
1287 16
1288 19
1289 18
1290 16
1291 19
1292 17
1293 19
1294 20
1295 19
1296 19
1297 27
1298 11
1299 27
1300 19
1301 13
1302 23
1303 19
1304 13
1305 13
1306 18
1307 19
1308 30
1309 22
1310 18
1311 21
1312 15
1313 14
1314 13
1315 14
1316 13
1317 24
1318 13
1319 19
1320 22
1321 10
1322 18
1323 15
1324 14
1325 17
1326 19
1327 12
1328 10
1329 16
1330 22
1331 10
1332 14
1333 14
1334 9
1335 21
1336 10
1337 11
1338 13
1339 16
1340 11
1341 15
1342 9
1343 13
1344 19
1345 12
1346 6
1347 7
1348 15
1349 12
1350 10
1351 14
1352 9
1353 12
1354 15
1355 10
1356 5
1357 13
1358 11
1359 10
1360 9
1361 14
1362 10
1363 9
1364 6
1365 7
1366 11
1367 13
1368 14
1369 7
1370 4
1371 14
1372 14
1373 10
1374 9
1375 12
1376 8
1377 8
1378 12
1379 6
1380 8
1381 19
1382 12
1383 6
1384 12
1385 13
1386 14
1387 13
1388 12
1389 7
1390 5
1391 5
1392 8
1393 14
1394 8
1395 6
1396 13
1397 15
1398 8
1399 20
1400 21
1401 13
1402 13
1403 15
1404 15
1405 10
1406 12
1407 16
1408 14
1409 13
1410 13
1411 9
1412 17
1413 10
1414 13
1415 21
1416 16
1417 9
1418 24
1419 13
1420 19
1421 13
1422 12
1423 10
1424 14
1425 13
1426 21
1427 15
1428 13
1429 18
1430 20
1431 19
1432 23
1433 16
1434 24
1435 20
1436 16
1437 13
1438 17
1439 17
1440 19
1441 18
1442 16
1443 22
1444 23
1445 18
1446 20
1447 20
1448 23
1449 15
1450 16
1451 25
1452 16
1453 18
1454 22
1455 24
1456 19
1457 22
1458 14
1459 24
1460 14
1461 22
1462 16
1463 10
1464 22
1465 13
1466 17
1467 13
1468 18
1469 14
1470 18
1471 13
1472 13
1473 16
1474 19
1475 11
1476 12
1477 14
1478 16
1479 10
1480 15
1481 8
1482 21
1483 16
1484 15
1485 10
1486 14
1487 14
1488 13
1489 8
1490 13
1491 20
1492 14
1493 13
1494 13
1495 13
1496 7
1497 9
1498 12
1499 11
1500 13
1501 7
1502 7
1503 11
1504 10
1505 5
1506 16
1507 7
1508 6
1509 5
1510 8
1511 12
1512 0
1513 3
1514 2
1515 8
1516 8
1517 10
1518 3
1519 6
1520 3
1521 6
1522 4
1523 2
1524 8
1525 13
1526 2
1527 5
1528 7
1529 4
1530 7
1531 2
1532 6
1533 8
1534 2
1535 11
1536 5
1537 9
1538 4
1539 7
1540 3
1541 3
1542 5
1543 5
1544 6
1545 4
1546 4
1547 0
1548 5
1549 2
1550 4
1551 3
1552 2
1553 2
1554 5
1555 4
1556 3
1557 5
1558 3
1559 4
1560 5
1561 2
1562 3
1563 7
1564 4
1565 6
1566 5
1567 3
1568 6
1569 3
1570 7
1571 1
1572 8
1573 3
1574 2
1575 4
1576 3
1577 5
1578 3
1579 6
1580 6
1581 6
1582 5
1583 5
1584 4
1585 5
1586 5
1587 6
1588 1
1589 5
1590 1
1591 3
1592 3
1593 0
1594 6
1595 5
1596 1
1597 6
1598 5
1599 4
1600 3
1601 2
1602 7
1603 6
1604 3
1605 2
1606 5
1607 4
1608 3
1609 3
1610 4
1611 6
1612 5
1613 0
1614 3
1615 6
1616 5
1617 1
1618 5
1619 5
1620 1
1621 7
1622 2
1623 5
1624 3
1625 6
1626 4
1627 2
1628 6
1629 2
1630 1
1631 6
1632 5
1633 5
1634 8
1635 3
1636 5
1637 0
1638 5
1639 4
1640 4
1641 2
1642 2
1643 4
1644 2
1645 2
1646 1
1647 2
1648 6
1649 0
1650 4
1651 0
1652 1
1653 2
1654 5
1655 2
1656 1
1657 2
1658 1
1659 3
1660 2
1661 1
1662 3
1663 1
1664 0
1665 0
1666 2
1667 1
1668 3
1669 3
1670 1
1671 0
1672 1
1673 0
1674 0
1675 3
1676 1
1677 3
1678 1
1679 3
1680 1
1681 1
1682 2
1683 2
1684 1
1685 0
1686 1
1687 0
1688 3
1689 0
1690 1
1691 1
1692 0
1693 1
1694 0
1695 0
1696 0
1697 0
1698 0
1699 1
1700 0
1701 0
1702 0
1703 0
1704 0
1705 0
1706 1
1707 0
1708 0
1709 0
1710 0
1711 0
1712 0
1713 0
1714 1
1715 0
1716 1
1717 0
1718 1
1719 1
1720 2
1721 0
1722 0
1723 1
1724 0
1725 0
1726 1
1727 0
1728 0
1729 0
1730 0
1731 0
1732 0
1733 0
1734 0
1735 0
1736 0
1737 0
1738 0
1739 0
1740 0
1741 0
1742 0
1743 0
1744 0
1745 0
1746 0
1747 0
1748 0
1749 0
1750 0
1751 0
1752 1
1753 0
1754 0
1755 0
1756 1
1757 1
1758 0
1759 0
1760 0
1761 0
1762 0
1763 0
1764 1
1765 0
1766 0
1767 0
1768 0
1769 0
1770 0
1771 1
1772 0
1773 0
1774 1
1775 0
1776 0
1777 0
1778 0
1779 0
1780 0
1781 0
1782 0
1783 0
1784 0
1785 0
1786 0
1787 0
1788 0
1789 0
1790 0
1791 0
1792 0
1793 0
1794 0
1795 1
1796 1
1797 0
1798 0
1799 0
1800 0
1801 0
1802 0
1803 0
1804 0
1805 0
1806 1
1807 2
1808 0
1809 0
1810 1
1811 0
1812 1
1813 0
1814 0
1815 0
1816 0
1817 1
1818 0
1819 0
1820 1
1821 0
1822 0
1823 1
1824 0
1825 0
1826 0
1827 0
1828 0
1829 1
1830 1
1831 0
1832 1
1833 1
1834 0
1835 1
1836 0
1837 1
1838 0
1839 0
1840 0
1841 1
1842 1
1843 1
1844 0
1845 0
1846 0
1847 0
1848 1
1849 0
1850 0
1851 0
1852 1
1853 0
1854 1
1855 0
1856 0
1857 0
1858 0
1859 0
1860 0
1861 0
1862 1
1863 0
1864 1
1865 0
1866 0
1867 0
1868 0
1869 1
1870 0
1871 0
1872 0
1873 1
1874 0
1875 2
1876 0
1877 0
1878 1
1879 1
1880 0
1881 0
1882 0
1883 0
1884 0
1885 0
1886 0
1887 1
1888 0
1889 0
1890 0
1891 0
1892 1
1893 0
1894 0
1895 0
1896 0
1897 0
1898 0
1899 0
1900 0
1901 0
1902 0
1903 0
1904 0
1905 0
1906 0
1907 0
1908 1
1909 0
1910 0
1911 0
1912 0
1913 1
1914 0
1915 0
1916 0
1917 0
1918 0
1919 0
1920 0
1921 1
1922 0
1923 0
1924 1
1925 0
1926 0
1927 0
1928 0
1929 0
1930 0
1931 0
1932 0
1933 0
1934 0
1935 1
1936 0
1937 0
1938 0
1939 0
1940 1
1941 0
1942 1
1943 0
1944 0
1945 0
1946 0
1947 0
1948 0
1949 0
1950 0
1951 0
1952 0
1953 0
1954 0
1955 0
1956 0
1957 0
1958 0
1959 0
1960 1
1961 0
1962 0
1963 2
1964 0
1965 0
1966 0
1967 0
1968 0
1969 0
1970 0
1971 0
1972 0
1973 0
1974 0
1975 0
1976 0
1977 0
1978 0
1979 0
1980 1
1981 0
1982 0
1983 0
1984 1
1985 1
1986 0
1987 0
1988 0
1989 0
1990 1
1991 0
1992 0
1993 0
1994 0
1995 0
1996 0
1997 0
1998 1
1999 1
2000 0
2001 1
2002 0
2003 0
2004 0
2005 0
2006 0
2007 0
2008 0
2009 0
2010 0
2011 2
2012 0
2013 1
2014 0
2015 0
2016 0
2017 0
2018 0
2019 0
2020 0
2021 0
2022 0
2023 0
2024 0
2025 0
2026 0
2027 0
2028 0
2029 0
2030 0
2031 0
2032 0
2033 0
2034 0
2035 0
2036 0
2037 0
2038 0
2039 0
2040 0
2041 0
2042 0
2043 0
2044 0
2045 0
2046 0
2047 0
