# Dead time factor = 1.00000
0 0
1 0
2 0
3 0
4 0
5 0
6 0
7 0
8 0
9 0
10 0
11 0
12 0
13 0
14 0
15 0
16 0
17 0
18 0
19 0
20 2
21 6
22 11
23 17
24 12
25 14
26 10
27 5
28 19
29 16
30 23
31 16
32 17
33 28
34 17
35 23
36 23
37 22
38 35
39 33
40 19
41 29
42 18
43 24
44 26
45 26
46 25
47 45
48 67
49 103
50 139
51 131
52 108
53 106
54 84
55 60
56 53
57 34
58 42
59 22
60 8
61 20
62 14
63 8
64 8
65 7
66 13
67 11
68 15
69 11
70 6
71 8
72 7
73 9
74 7
75 3
76 7
77 6
78 6
79 14
80 4
81 2
82 7
83 6
84 11
85 4
86 7
87 8
88 5
89 7
90 7
91 9
92 6
93 7
94 5
95 8
96 11
97 4
98 5
99 8
100 2
101 7
102 5
103 3
104 1
105 4
106 4
107 2
108 4
109 0
110 2
111 3
112 4
113 2
114 3
115 4
116 1
117 6
118 4
119 6
120 5
121 2
122 5
123 2
124 3
125 3
126 6
127 5
128 1
129 3
130 3
131 3
132 4
133 3
134 4
135 1
136 2
137 4
138 4
139 6
140 1
141 2
142 2
143 2
144 2
145 1
146 4
147 6
148 0
149 5
150 6
151 6
152 1
153 4
154 7
155 3
156 3
157 5
158 1
159 5
160 5
161 4
162 2
163 8
164 5
165 5
166 7
167 4
168 6
169 4
170 7
171 5
172 4
173 8
174 5
175 4
176 8
177 1
178 5
179 4
180 1
181 6
182 4
183 3
184 4
185 7
186 1
187 2
188 7
189 1
190 3
191 0
192 2
193 0
194 8
195 4
196 2
197 3
198 4
199 1
200 6
201 1
202 2
203 1
204 2
205 4
206 3
207 5
208 3
209 1
210 4
211 1
212 0
213 1
214 3
215 3
216 6
217 5
218 0
219 2
220 5
221 3
222 1
223 1
224 4
225 3
226 2
227 2
228 1
229 5
230 1
231 4
232 4
233 1
234 3
235 1
236 2
237 2
238 2
239 0
240 3
241 2
242 4
243 0
244 5
245 3
246 2
247 2
248 3
249 6
250 5
251 6
252 3
253 1
254 3
255 2
256 2
257 2
258 0
259 1
260 1
261 3
262 4
263 1
264 0
265 1
266 0
267 4
268 1
269 1
270 3
271 1
272 1
273 2
274 2
275 2
276 6
277 1
278 5
279 2
280 2
281 2
282 1
283 3
284 0
285 1
286 2
287 4
288 2
289 1
290 3
291 2
292 2
293 1
294 2
295 1
296 1
297 1
298 1
299 2
300 2
301 2
302 2
303 1
304 2
305 3
306 1
307 1
308 3
309 2
310 1
311 3
312 2
313 1
314 1
315 1
316 0
317 1
318 1
319 2
320 0
321 2
322 2
323 0
324 1
325 5
326 0
327 3
328 1
329 2
330 0
331 2
332 5
333 4
334 1
335 4
336 1
337 2
338 0
339 4
340 2
341 3
342 3
343 2
344 2
345 1
346 1
347 1
348 5
349 3
350 4
351 2
352 3
353 0
354 0
355 0
356 1
357 1
358 1
359 0
360 1
361 2
362 2
363 5
364 0
365 1
366 3
367 0
368 1
369 1
370 1
371 2
372 5
373 0
374 1
375 2
376 0
377 1
378 2
379 1
380 1
381 4
382 4
383 0
384 3
385 1
386 1
387 1
388 2
389 2
390 0
391 1
392 1
393 0
394 3
395 0
396 2
397 1
398 1
399 2
400 1
401 2
402 2
403 0
404 0
405 0
406 3
407 2
408 3
409 2
410 2
411 6
412 0
413 2
414 2
415 1
416 1
417 0
418 1
419 3
420 1
421 0
422 0
423 1
424 0
425 3
426 1
427 3
428 0
429 2
430 3
431 3
432 4
433 0
434 1
435 3
436 2
437 1
438 0
439 2
440 0
441 1
442 1
443 3
444 2
445 1
446 0
447 1
448 2
449 1
450 0
451 0
452 2
453 2
454 1
455 1
456 1
457 0
458 1
459 1
460 3
461 0
462 2
463 3
464 1
465 2
466 2
467 0
468 2
469 1
470 0
471 0
472 2
473 1
474 1
475 0
476 3
477 1
478 1
479 0
480 1
481 1
482 0
483 2
484 2
485 1
486 0
487 1
488 0
489 1
490 1
491 2
492 1
493 5
494 4
495 1
496 1
497 0
498 1
499 0
500 4
501 1
502 0
503 2
504 0
505 1
506 2
507 3
508 0
509 0
510 0
511 4
512 0
513 0
514 3
515 2
516 1
517 4
518 1
519 1
520 0
521 0
522 2
523 1
524 5
525 0
526 1
527 3
528 1
529 1
530 3
531 3
532 1
533 1
534 1
535 1
536 1
537 1
538 3
539 1
540 2
541 0
542 3
543 3
544 1
545 6
546 3
547 0
548 3
549 0
550 2
551 1
552 1
553 0
554 1
555 1
556 2
557 2
558 1
559 0
560 0
561 2
562 0
563 2
564 1
565 1
566 1
567 3
568 0
569 2
570 1
571 0
572 0
573 0
574 0
575 0
576 2
577 2
578 2
579 0
580 2
581 2
582 1
583 1
584 0
585 1
586 2
587 1
588 1
589 2
590 4
591 2
592 2
593 1
594 2
595 3
596 2
597 2
598 4
599 3
600 2
601 0
602 0
603 0
604 2
605 2
606 1
607 1
608 3
609 1
610 1
611 1
612 1
613 2
614 0
615 0
616 0
617 1
618 1
619 1
620 1
621 4
622 2
623 1
624 2
625 1
626 2
627 1
628 3
629 4
630 1
631 1
632 2
633 0
634 1
635 2
636 0
637 1
638 1
639 1
640 2
641 0
642 1
643 3
644 0
645 5
646 0
647 3
648 1
649 3
650 2
651 0
652 2
653 0
654 1
655 2
656 3
657 2
658 1
659 3
660 0
661 1
662 1
663 1
664 1
665 0
666 2
667 0
668 1
669 3
670 3
671 1
672 1
673 0
674 2
675 1
676 3
677 6
678 1
679 1
680 3
681 2
682 1
683 0
684 1
685 1
686 2
687 2
688 1
689 1
690 2
691 2
692 4
693 2
694 1
695 3
696 1
697 4
698 1
699 2
700 0
701 3
702 0
703 0
704 3
705 3
706 1
707 0
708 2
709 1
710 3
711 1
712 3
713 0
714 1
715 2
716 1
717 2
718 3
719 1
720 1
721 1
722 2
723 2
724 1
725 2
726 1
727 2
728 1
729 2
730 4
731 3
732 1
733 1
734 0
735 0
736 0
737 2
738 1
739 1
740 2
741 1
742 0
743 2
744 2
745 7
746 1
747 3
748 0
749 3
750 3
751 2
752 0
753 3
754 0
755 1
756 0
757 6
758 0
759 1
760 2
761 2
762 2
763 1
764 1
765 1
766 1
767 1
768 0
769 1
770 3
771 1
772 0
773 2
774 2
775 1
776 0
777 0
778 1
779 1
780 1
781 4
782 0
783 2
784 2
785 3
786 0
787 1
788 3
789 2
790 3
791 2
792 1
793 0
794 1
795 0
796 0
797 2
798 3
799 1
800 0
801 1
802 1
803 0
804 4
805 1
806 3
807 2
808 2
809 2
810 4
811 0
812 1
813 1
814 3
815 2
816 1
817 3
818 0
819 0
820 0
821 2
822 3
823 1
824 0
825 0
826 4
827 1
828 1
829 2
830 2
831 3
832 5
833 2
834 1
835 2
836 1
837 1
838 3
839 2
840 2
841 2
842 1
843 1
844 1
845 3
846 3
847 1
848 2
849 1
850 0
851 0
852 0
853 4
854 3
855 2
856 2
857 2
858 2
859 5
860 1
861 0
862 2
863 3
864 2
865 1
866 1
867 4
868 1
869 2
870 1
871 1
872 1
873 3
874 2
875 3
876 2
877 2
878 3
879 2
880 0
881 0
882 3
883 0
884 0
885 1
886 3
887 4
888 0
889 1
890 0
891 1
892 1
893 2
894 2
895 0
896 1
897 5
898 2
899 3
900 2
901 1
902 2
903 0
904 1
905 1
906 0
907 0
908 3
909 2
910 2
911 1
912 3
913 2
914 2
915 2
916 1
917 0
918 3
919 0
920 0
921 3
922 2
923 2
924 2
925 2
926 0
927 0
928 0
929 0
930 0
931 2
932 1
933 2
934 1
935 2
936 4
937 1
938 3
939 1
940 2
941 3
942 0
943 1
944 2
945 0
946 1
947 1
948 0
949 2
950 3
951 2
952 2
953 1
954 3
955 1
956 1
957 1
958 0
959 2
960 1
961 1
962 2
963 2
964 2
965 3
966 2
967 2
968 2
969 4
970 3
971 4
972 2
973 3
974 4
975 1
976 1
977 2
978 1
979 0
980 3
981 1
982 3
983 2
984 4
985 1
986 3
987 2
988 0
989 3
990 0
991 2
992 1
993 2
994 1
995 2
996 2
997 1
998 2
999 0
1000 1
1001 0
1002 3
1003 3
1004 0
1005 3
1006 2
1007 2
1008 3
1009 2
1010 2
1011 3
1012 1
1013 1
1014 0
1015 2
1016 1
1017 0
1018 0
1019 2
1020 2
1021 2
1022 0
1023 2
1024 0
1025 5
1026 1
1027 2
1028 1
1029 0
1030 4
1031 3
1032 0
1033 1
1034 2
1035 4
1036 3
1037 3
1038 2
1039 1
1040 0
1041 0
1042 3
1043 3
1044 5
1045 0
1046 2
1047 3
1048 3
1049 4
1050 2
1051 3
1052 2
1053 0
1054 1
1055 2
1056 2
1057 0
1058 1
1059 3
1060 1
1061 2
1062 2
1063 1
1064 2
1065 1
1066 1
1067 3
1068 3
1069 4
1070 3
1071 2
1072 4
1073 6
1074 1
1075 2
1076 3
1077 3
1078 2
1079 0
1080 2
1081 3
1082 4
1083 3
1084 5
1085 3
1086 2
1087 3
1088 1
1089 4
1090 1
1091 4
1092 2
1093 4
1094 7
1095 1
1096 7
1097 0
1098 1
1099 2
1100 1
1101 2
1102 3
1103 4
1104 2
1105 1
1106 2
1107 2
1108 2
1109 4
1110 2
1111 3
1112 4
1113 4
1114 3
1115 2
1116 3
1117 8
1118 5
1119 3
1120 4
1121 4
1122 2
1123 3
1124 3
1125 4
1126 1
1127 2
1128 3
1129 2
1130 2
1131 0
1132 5
1133 2
1134 5
1135 3
1136 2
1137 1
1138 2
1139 4
1140 2
1141 5
1142 3
1143 1
1144 5
1145 6
1146 6
1147 4
1148 2
1149 2
1150 2
1151 0
1152 0
1153 3
1154 3
1155 3
1156 3
1157 5
1158 5
1159 3
1160 2
1161 3
1162 0
1163 1
1164 2
1165 1
1166 2
1167 4
1168 3
1169 3
1170 3
1171 3
1172 4
1173 2
1174 2
1175 4
1176 2
1177 5
1178 2
1179 2
1180 2
1181 4
1182 3
1183 3
1184 2
1185 0
1186 5
1187 2
1188 4
1189 1
1190 2
1191 3
1192 2
1193 2
1194 3
1195 1
1196 3
1197 0
1198 2
1199 4
1200 4
1201 1
1202 1
1203 6
1204 1
1205 5
1206 0
1207 1
1208 3
1209 4
1210 5
1211 3
1212 0
1213 1
1214 1
1215 1
1216 4
1217 1
1218 2
1219 3
1220 2
1221 4
1222 7
1223 4
1224 4
1225 7
1226 2
1227 3
1228 4
1229 3
1230 4
1231 1
1232 5
1233 2
1234 5
1235 0
1236 5
1237 4
1238 2
1239 8
1240 2
1241 6
1242 6
1243 2
1244 2
1245 5
1246 8
1247 2
1248 6
1249 2
1250 9
1251 4
1252 8
1253 5
1254 8
1255 2
1256 3
1257 10
1258 1
1259 2
1260 4
1261 7
1262 7
1263 2
1264 4
1265 1
1266 10
1267 3
1268 2
1269 5
1270 6
1271 4
1272 5
1273 3
1274 5
1275 3
1276 8
1277 10
1278 3
1279 2
1280 5
1281 2
1282 3
1283 5
1284 7
1285 6
1286 3
1287 3
1288 4
1289 3
1290 2
1291 3
1292 3
1293 5
1294 7
1295 3
1296 4
1297 4
1298 5
1299 5
1300 8
1301 4
1302 1
1303 3
1304 6
1305 6
1306 5
1307 5
1308 4
1309 2
1310 4
1311 6
1312 4
1313 7
1314 5
1315 4
1316 5
1317 8
1318 4
1319 5
1320 3
1321 4
1322 4
1323 5
1324 6
1325 6
1326 4
1327 4
1328 4
1329 4
1330 2
1331 3
1332 5
1333 4
1334 1
1335 10
1336 6
1337 5
1338 8
1339 5
1340 7
1341 2
1342 5
1343 2
1344 2
1345 3
1346 5
1347 4
1348 2
1349 2
1350 4
1351 6
1352 2
1353 3
1354 2
1355 2
1356 3
1357 4
1358 2
1359 2
1360 8
1361 4
1362 2
1363 2
1364 0
1365 3
1366 6
1367 4
1368 3
1369 2
1370 5
1371 4
1372 4
1373 3
1374 4
1375 3
1376 2
1377 2
1378 6
1379 1
1380 2
1381 3
1382 4
1383 2
1384 3
1385 6
1386 5
1387 5
1388 2
1389 1
1390 2
1391 1
1392 2
1393 3
1394 3
1395 6
1396 1
1397 4
1398 3
1399 3
1400 3
1401 4
1402 2
1403 1
1404 2
1405 3
1406 4
1407 0
1408 5
1409 3
1410 5
1411 7
1412 4
1413 6
1414 6
1415 6
1416 2
1417 8
1418 4
1419 3
1420 6
1421 2
1422 4
1423 6
1424 6
1425 4
1426 5
1427 3
1428 6
1429 1
1430 2
1431 6
1432 8
1433 5
1434 1
1435 6
1436 3
1437 3
1438 7
1439 4
1440 7
1441 4
1442 8
1443 2
1444 2
1445 6
1446 8
1447 11
1448 7
1449 6
1450 8
1451 2
1452 5
1453 3
1454 5
1455 6
1456 4
1457 6
1458 7
1459 5
1460 6
1461 6
1462 6
1463 3
1464 5
1465 4
1466 5
1467 3
1468 4
1469 8
1470 3
1471 10
1472 4
1473 7
1474 3
1475 5
1476 3
1477 5
1478 10
1479 5
1480 6
1481 5
1482 2
1483 2
1484 3
1485 2
1486 2
1487 4
1488 6
1489 6
1490 3
1491 5
1492 7
1493 5
1494 5
1495 2
1496 2
1497 6
1498 2
1499 1
1500 2
1501 6
1502 0
1503 2
1504 3
1505 1
1506 1
1507 4
1508 7
1509 1
1510 3
1511 5
1512 1
1513 2
1514 0
1515 3
1516 5
1517 1
1518 2
1519 2
1520 0
1521 3
1522 1
1523 2
1524 1
1525 2
1526 2
1527 2
1528 2
1529 1
1530 2
1531 0
1532 1
1533 0
1534 2
1535 1
1536 0
1537 2
1538 5
1539 1
1540 1
1541 1
1542 0
1543 2
1544 0
1545 0
1546 3
1547 1
1548 2
1549 4
1550 0
1551 1
1552 2
1553 0
1554 3
1555 0
1556 0
1557 0
1558 2
1559 1
1560 0
1561 2
1562 0
1563 1
1564 1
1565 3
1566 0
1567 2
1568 0
1569 1
1570 2
1571 1
1572 1
1573 0
1574 1
1575 0
1576 0
1577 0
1578 2
1579 1
1580 1
1581 2
1582 3
1583 1
1584 0
1585 1
1586 0
1587 0
1588 0
1589 2
1590 0
1591 2
1592 2
1593 3
1594 0
1595 0
1596 1
1597 0
1598 3
1599 0
1600 2
1601 0
1602 0
1603 0
1604 1
1605 0
1606 2
1607 0
1608 1
1609 1
1610 0
1611 0
1612 2
1613 0
1614 1
1615 3
1616 2
1617 2
1618 0
1619 3
1620 0
1621 1
1622 0
1623 0
1624 1
1625 0
1626 0
1627 2
1628 2
1629 0
1630 2
1631 2
1632 0
1633 0
1634 0
1635 1
1636 0
1637 0
1638 0
1639 0
1640 2
1641 1
1642 3
1643 2
1644 3
1645 1
1646 0
1647 0
1648 1
1649 0
1650 1
1651 2
1652 2
1653 3
1654 0
1655 0
1656 1
1657 0
1658 0
1659 0
1660 1
1661 1
1662 0
1663 1
1664 1
1665 0
1666 0
1667 0
1668 0
1669 0
1670 0
1671 0
1672 1
1673 0
1674 1
1675 0
1676 0
1677 0
1678 0
1679 0
1680 0
1681 0
1682 0
1683 0
1684 0
1685 0
1686 0
1687 0
1688 0
1689 2
1690 0
1691 0
1692 0
1693 0
1694 0
1695 0
1696 0
1697 0
1698 1
1699 0
1700 0
1701 0
1702 1
1703 0
1704 1
1705 0
1706 0
1707 2
1708 0
1709 0
1710 1
1711 0
1712 0
1713 0
1714 0
1715 0
1716 0
1717 0
1718 0
1719 0
1720 0
1721 0
1722 0
1723 0
1724 1
1725 0
1726 0
1727 0
1728 0
1729 1
1730 0
1731 0
1732 0
1733 0
1734 0
1735 0
1736 1
1737 0
1738 0
1739 1
1740 0
1741 0
1742 0
1743 0
1744 1
1745 0
1746 0
1747 1
1748 0
1749 0
1750 0
1751 0
1752 0
1753 1
1754 1
1755 0
1756 0
1757 0
1758 0
1759 0
1760 0
1761 0
1762 0
1763 0
1764 0
1765 0
1766 0
1767 0
1768 0
1769 0
1770 0
1771 0
1772 0
1773 0
1774 0
1775 0
1776 0
1777 0
1778 0
1779 0
1780 0
1781 0
1782 0
1783 0
1784 0
1785 0
1786 1
1787 0
1788 2
1789 0
1790 1
1791 0
1792 0
1793 1
1794 0
1795 0
1796 0
1797 0
1798 0
1799 0
1800 0
1801 0
1802 1
1803 0
1804 0
1805 1
1806 0
1807 1
1808 0
1809 0
1810 0
1811 0
1812 0
1813 0
1814 0
1815 0
1816 0
1817 0
1818 1
1819 1
1820 0
1821 0
1822 0
1823 0
1824 0
1825 0
1826 2
1827 0
1828 0
1829 0
1830 1
1831 0
1832 0
1833 1
1834 1
1835 0
1836 0
1837 0
1838 1
1839 0
1840 0
1841 0
1842 0
1843 0
1844 0
1845 0
1846 0
1847 0
1848 0
1849 1
1850 0
1851 0
1852 0
1853 0
1854 0
1855 0
1856 0
1857 0
1858 1
1859 0
1860 0
1861 0
1862 0
1863 0
1864 0
1865 0
1866 0
1867 0
1868 0
1869 0
1870 0
1871 0
1872 0
1873 0
1874 0
1875 0
1876 0
1877 1
1878 0
1879 0
1880 0
1881 0
1882 0
1883 0
1884 0
1885 0
1886 1
1887 0
1888 0
1889 0
1890 0
1891 0
1892 0
1893 0
1894 0
1895 1
1896 0
1897 0
1898 1
1899 0
1900 0
1901 0
1902 0
1903 0
1904 0
1905 0
1906 0
1907 1
1908 0
1909 1
1910 0
1911 0
1912 0
1913 0
1914 1
1915 0
1916 0
1917 0
1918 0
1919 0
1920 0
1921 0
1922 0
1923 0
1924 0
1925 0
1926 0
1927 0
1928 1
1929 0
1930 0
1931 1
1932 1
1933 0
1934 1
1935 0
1936 0
1937 0
1938 1
1939 0
1940 0
1941 0
1942 0
1943 0
1944 0
1945 0
1946 0
1947 1
1948 1
1949 0
1950 0
1951 0
1952 0
1953 0
1954 0
1955 0
1956 0
1957 0
1958 0
1959 0
1960 0
1961 0
1962 0
1963 0
1964 0
1965 1
1966 0
1967 0
1968 0
1969 1
1970 0
1971 0
1972 0
1973 0
1974 0
1975 0
1976 0
1977 0
1978 0
1979 0
1980 0
1981 0
1982 1
1983 0
1984 0
1985 0
1986 0
1987 0
1988 1
1989 0
1990 0
1991 1
1992 0
1993 1
1994 0
1995 0
1996 0
1997 0
1998 0
1999 0
2000 1
2001 0
2002 1
2003 0
2004 0
2005 0
2006 0
2007 0
2008 0
2009 0
2010 0
2011 0
2012 0
2013 0
2014 0
2015 0
2016 0
2017 0
2018 1
2019 0
2020 1
2021 0
2022 0
2023 0
2024 0
2025 0
2026 0
2027 0
2028 0
2029 0
2030 0
2031 0
2032 0
2033 0
2034 0
2035 0
2036 0
2037 0
2038 0
2039 0
2040 0
2041 0
2042 0
2043 0
2044 0
2045 0
2046 0
2047 0
