# Dead time factor = 1.00000
0 0
1 0
2 0
3 0
4 0
5 0
6 0
7 0
8 0
9 0
10 0
11 0
12 0
13 0
14 0
15 0
16 0
17 0
18 0
19 0
20 2
21 10
22 17
23 19
24 18
25 20
26 28
27 24
28 35
29 34
30 25
31 34
32 37
33 33
34 29
35 32
36 37
37 38
38 41
39 32
40 38
41 31
42 25
43 30
44 51
45 45
46 47
47 70
48 88
49 131
50 140
51 144
52 134
53 124
54 98
55 85
56 67
57 49
58 57
59 42
60 31
61 27
62 23
63 26
64 30
65 24
66 23
67 28
68 25
69 12
70 27
71 16
72 20
73 21
74 17
75 13
76 17
77 19
78 21
79 18
80 26
81 25
82 34
83 20
84 22
85 21
86 21
87 24
88 18
89 19
90 19
91 24
92 20
93 16
94 16
95 18
96 12
97 14
98 23
99 17
100 14
101 16
102 13
103 23
104 20
105 20
106 15
107 16
108 20
109 8
110 12
111 17
112 4
113 19
114 13
115 10
116 14
117 11
118 9
119 11
120 19
121 6
122 11
123 14
124 17
125 12
126 9
127 20
128 16
129 8
130 8
131 13
132 16
133 12
134 12
135 7
136 16
137 9
138 12
139 11
140 10
141 19
142 6
143 11
144 11
145 6
146 10
147 16
148 16
149 14
150 8
151 9
152 8
153 11
154 11
155 7
156 6
157 11
158 18
159 17
160 26
161 22
162 15
163 15
164 20
165 25
166 25
167 21
168 18
169 27
170 28
171 20
172 24
173 25
174 22
175 24
176 13
177 25
178 12
179 13
180 19
181 16
182 10
183 15
184 10
185 15
186 4
187 11
188 9
189 10
190 7
191 12
192 4
193 11
194 7
195 7
196 12
197 7
198 5
199 11
200 13
201 7
202 6
203 6
204 3
205 7
206 14
207 11
208 9
209 5
210 13
211 4
212 9
213 8
214 10
215 11
216 9
217 9
218 8
219 8
220 10
221 2
222 11
223 4
224 13
225 5
226 11
227 13
228 12
229 9
230 14
231 12
232 11
233 6
234 11
235 7
236 5
237 9
238 5
239 6
240 11
241 11
242 10
243 9
244 14
245 14
246 8
247 12
248 11
249 4
250 6
251 10
252 8
253 10
254 10
255 7
256 4
257 12
258 6
259 9
260 6
261 8
262 8
263 3
264 8
265 10
266 11
267 7
268 5
269 9
270 8
271 7
272 4
273 8
274 4
275 11
276 8
277 7
278 5
279 5
280 5
281 7
282 11
283 6
284 4
285 6
286 8
287 5
288 8
289 11
290 10
291 5
292 8
293 7
294 10
295 1
296 5
297 15
298 7
299 7
300 9
301 5
302 6
303 6
304 8
305 7
306 14
307 5
308 5
309 8
310 9
311 6
312 8
313 5
314 9
315 11
316 4
317 9
318 4
319 6
320 9
321 3
322 5
323 8
324 8
325 9
326 5
327 7
328 1
329 4
330 9
331 7
332 9
333 11
334 5
335 6
336 6
337 10
338 10
339 12
340 11
341 4
342 12
343 6
344 8
345 12
346 8
347 9
348 4
349 7
350 9
351 6
352 10
353 4
354 7
355 6
356 6
357 9
358 8
359 4
360 5
361 7
362 9
363 7
364 4
365 9
366 6
367 4
368 7
369 8
370 6
371 5
372 9
373 7
374 6
375 10
376 5
377 6
378 8
379 5
380 10
381 5
382 4
383 5
384 6
385 4
386 4
387 3
388 5
389 10
390 5
391 5
392 1
393 7
394 8
395 11
396 5
397 3
398 6
399 8
400 3
401 6
402 12
403 2
404 10
405 8
406 5
407 8
408 3
409 1
410 5
411 6
412 5
413 8
414 8
415 8
416 7
417 10
418 5
419 10
420 6
421 3
422 6
423 5
424 8
425 4
426 10
427 7
428 4
429 9
430 0
431 8
432 5
433 8
434 3
435 4
436 8
437 10
438 13
439 4
440 5
441 10
442 6
443 10
444 3
445 5
446 3
447 2
448 8
449 7
450 3
451 4
452 10
453 3
454 4
455 6
456 4
457 12
458 6
459 6
460 10
461 6
462 5
463 3
464 5
465 7
466 5
467 6
468 6
469 7
470 6
471 4
472 3
473 7
474 7
475 5
476 6
477 7
478 5
479 6
480 2
481 4
482 5
483 6
484 6
485 5
486 5
487 6
488 6
489 4
490 5
491 8
492 3
493 7
494 3
495 5
496 5
497 5
498 6
499 3
500 5
501 5
502 6
503 11
504 2
505 6
506 4
507 5
508 5
509 11
510 8
511 6
512 11
513 5
514 8
515 6
516 6
517 4
518 8
519 5
520 8
521 12
522 0
523 4
524 3
525 5
526 7
527 3
528 4
529 5
530 10
531 4
532 7
533 3
534 5
535 5
536 4
537 9
538 4
539 7
540 5
541 3
542 8
543 8
544 6
545 4
546 1
547 9
548 6
549 8
550 5
551 2
552 2
553 5
554 2
555 9
556 5
557 7
558 8
559 3
560 3
561 4
562 7
563 7
564 6
565 6
566 8
567 8
568 5
569 5
570 12
571 6
572 4
573 6
574 5
575 4
576 5
577 6
578 4
579 6
580 8
581 3
582 7
583 5
584 4
585 5
586 3
587 7
588 7
589 8
590 7
591 10
592 2
593 6
594 8
595 6
596 3
597 6
598 6
599 5
600 8
601 5
602 2
603 5
604 4
605 6
606 5
607 7
608 6
609 6
610 6
611 6
612 8
613 10
614 5
615 5
616 6
617 9
618 2
619 3
620 7
621 6
622 7
623 2
624 3
625 6
626 6
627 5
628 2
629 9
630 1
631 3
632 8
633 7
634 4
635 5
636 9
637 4
638 4
639 8
640 7
641 6
642 12
643 8
644 7
645 4
646 4
647 7
648 4
649 8
650 3
651 6
652 6
653 9
654 3
655 2
656 3
657 7
658 9
659 10
660 10
661 7
662 8
663 5
664 5
665 4
666 6
667 7
668 3
669 4
670 6
671 5
672 7
673 5
674 11
675 5
676 2
677 4
678 8
679 4
680 14
681 8
682 9
683 4
684 3
685 3
686 7
687 8
688 15
689 8
690 6
691 5
692 9
693 5
694 4
695 8
696 6
697 9
698 7
699 7
700 2
701 2
702 5
703 7
704 4
705 8
706 4
707 5
708 13
709 6
710 4
711 5
712 7
713 3
714 12
715 9
716 6
717 1
718 6
719 6
720 7
721 3
722 4
723 10
724 6
725 7
726 2
727 3
728 9
729 5
730 9
731 7
732 8
733 6
734 6
735 3
736 11
737 7
738 4
739 7
740 9
741 6
742 3
743 6
744 9
745 9
746 8
747 7
748 7
749 3
750 9
751 8
752 8
753 9
754 4
755 9
756 7
757 5
758 5
759 2
760 13
761 8
762 5
763 5
764 5
765 10
766 5
767 4
768 4
769 7
770 3
771 7
772 3
773 10
774 6
775 3
776 5
777 5
778 3
779 6
780 3
781 7
782 5
783 5
784 5
785 4
786 4
787 2
788 5
789 12
790 6
791 10
792 13
793 6
794 8
795 6
796 7
797 4
798 4
799 6
800 4
801 2
802 10
803 5
804 13
805 1
806 5
807 3
808 4
809 9
810 5
811 10
812 6
813 4
814 9
815 3
816 5
817 6
818 7
819 7
820 7
821 5
822 8
823 7
824 8
825 3
826 14
827 2
828 6
829 11
830 5
831 7
832 6
833 7
834 6
835 10
836 4
837 6
838 7
839 1
840 7
841 9
842 8
843 4
844 6
845 4
846 8
847 9
848 5
849 8
850 7
851 5
852 4
853 8
854 9
855 13
856 3
857 5
858 6
859 2
860 8
861 7
862 7
863 4
864 11
865 3
866 6
867 3
868 11
869 7
870 2
871 5
872 9
873 15
874 5
875 8
876 5
877 1
878 2
879 11
880 3
881 7
882 6
883 3
884 5
885 6
886 7
887 6
888 3
889 7
890 8
891 8
892 8
893 11
894 6
895 12
896 4
897 5
898 4
899 9
900 9
901 4
902 8
903 6
904 10
905 10
906 6
907 6
908 6
909 10
910 5
911 7
912 9
913 9
914 7
915 8
916 4
917 2
918 7
919 2
920 11
921 10
922 5
923 9
924 15
925 11
926 9
927 9
928 4
929 4
930 8
931 13
932 8
933 14
934 12
935 5
936 7
937 7
938 6
939 7
940 7
941 3
942 7
943 7
944 7
945 7
946 5
947 6
948 14
949 5
950 9
951 4
952 6
953 3
954 6
955 7
956 2
957 10
958 6
959 7
960 6
961 4
962 6
963 3
964 5
965 4
966 5
967 3
968 6
969 6
970 8
971 11
972 4
973 4
974 6
975 3
976 6
977 12
978 9
979 8
980 5
981 13
982 7
983 11
984 8
985 8
986 10
987 3
988 8
989 10
990 5
991 4
992 5
993 8
994 8
995 7
996 7
997 9
998 6
999 11
1000 7
1001 9
1002 7
1003 12
1004 6
1005 7
1006 7
1007 11
1008 7
1009 6
1010 8
1011 5
1012 7
1013 9
1014 4
1015 11
1016 8
1017 10
1018 7
1019 10
1020 8
1021 8
1022 10
1023 8
1024 7
1025 5
1026 7
1027 10
1028 4
1029 11
1030 8
1031 9
1032 5
1033 9
1034 9
1035 6
1036 12
1037 14
1038 3
1039 9
1040 5
1041 10
1042 8
1043 10
1044 9
1045 11
1046 12
1047 7
1048 11
1049 10
1050 9
1051 12
1052 9
1053 7
1054 4
1055 10
1056 12
1057 9
1058 9
1059 8
1060 6
1061 8
1062 12
1063 7
1064 11
1065 7
1066 6
1067 17
1068 5
1069 7
1070 14
1071 7
1072 6
1073 13
1074 8
1075 11
1076 18
1077 9
1078 14
1079 9
1080 11
1081 13
1082 5
1083 13
1084 15
1085 14
1086 7
1087 8
1088 10
1089 12
1090 14
1091 15
1092 13
1093 9
1094 16
1095 9
1096 8
1097 14
1098 7
1099 13
1100 18
1101 10
1102 8
1103 11
1104 13
1105 9
1106 17
1107 19
1108 9
1109 5
1110 12
1111 12
1112 18
1113 13
1114 15
1115 14
1116 14
1117 20
1118 7
1119 11
1120 17
1121 13
1122 13
1123 16
1124 16
1125 13
1126 8
1127 17
1128 13
1129 16
1130 12
1131 17
1132 21
1133 14
1134 15
1135 10
1136 12
1137 13
1138 13
1139 24
1140 8
1141 7
1142 19
1143 15
1144 11
1145 7
1146 17
1147 11
1148 21
1149 22
1150 15
1151 12
1152 16
1153 9
1154 9
1155 16
1156 19
1157 15
1158 8
1159 12
1160 20
1161 19
1162 16
1163 17
1164 11
1165 16
1166 12
1167 11
1168 12
1169 12
1170 12
1171 14
1172 7
1173 6
1174 14
1175 21
1176 15
1177 16
1178 13
1179 17
1180 9
1181 15
1182 15
1183 16
1184 7
1185 15
1186 14
1187 13
1188 10
1189 14
1190 18
1191 11
1192 13
1193 10
1194 16
1195 15
1196 5
1197 20
1198 6
1199 12
1200 12
1201 6
1202 16
1203 19
1204 12
1205 15
1206 15
1207 22
1208 13
1209 8
1210 12
1211 15
1212 8
1213 16
1214 8
1215 17
1216 12
1217 17
1218 10
1219 10
1220 10
1221 9
1222 15
1223 17
1224 17
1225 9
1226 10
1227 14
1228 14
1229 7
1230 18
1231 20
1232 9
1233 17
1234 16
1235 17
1236 17
1237 20
1238 16
1239 15
1240 22
1241 16
1242 15
1243 19
1244 21
1245 24
1246 19
1247 12
1248 19
1249 20
1250 20
1251 21
1252 18
1253 16
1254 17
1255 13
1256 17
1257 20
1258 23
1259 22
1260 21
1261 16
1262 24
1263 18
1264 17
1265 24
1266 21
1267 28
1268 22
1269 18
1270 15
1271 21
1272 20
1273 14
1274 23
1275 21
1276 15
1277 18
1278 14
1279 21
1280 27
1281 25
1282 20
1283 23
1284 25
1285 20
1286 23
1287 26
1288 16
1289 17
1290 20
1291 19
1292 32
1293 19
1294 29
1295 20
1296 26
1297 25
1298 24
1299 25
1300 26
1301 26
1302 19
1303 22
1304 15
1305 18
1306 26
1307 23
1308 29
1309 25
1310 12
1311 19
1312 15
1313 20
1314 16
1315 27
1316 23
1317 20
1318 14
1319 20
1320 15
1321 21
1322 15
1323 20
1324 22
1325 21
1326 23
1327 25
1328 21
1329 12
1330 11
1331 22
1332 18
1333 20
1334 17
1335 16
1336 14
1337 26
1338 22
1339 17
1340 18
1341 18
1342 16
1343 13
1344 17
1345 11
1346 13
1347 17
1348 19
1349 11
1350 16
1351 18
1352 10
1353 18
1354 18
1355 16
1356 9
1357 14
1358 12
1359 13
1360 12
1361 14
1362 15
1363 13
1364 8
1365 15
1366 13
1367 14
1368 15
1369 13
1370 14
1371 12
1372 13
1373 8
1374 10
1375 5
1376 8
1377 11
1378 14
1379 14
1380 16
1381 8
1382 9
1383 8
1384 17
1385 13
1386 13
1387 11
1388 8
1389 14
1390 10
1391 17
1392 15
1393 17
1394 21
1395 12
1396 18
1397 13
1398 11
1399 17
1400 16
1401 13
1402 13
1403 18
1404 19
1405 17
1406 11
1407 20
1408 22
1409 16
1410 24
1411 21
1412 16
1413 10
1414 29
1415 24
1416 20
1417 19
1418 17
1419 17
1420 17
1421 20
1422 29
1423 14
1424 19
1425 22
1426 19
1427 26
1428 28
1429 22
1430 17
1431 24
1432 21
1433 16
1434 18
1435 19
1436 22
1437 20
1438 23
1439 19
1440 26
1441 7
1442 21
1443 24
1444 11
1445 18
1446 20
1447 22
1448 18
1449 20
1450 30
1451 22
1452 16
1453 25
1454 26
1455 18
1456 26
1457 30
1458 16
1459 28
1460 18
1461 24
1462 12
1463 30
1464 21
1465 27
1466 18
1467 19
1468 13
1469 24
1470 18
1471 23
1472 11
1473 25
1474 18
1475 17
1476 30
1477 15
1478 20
1479 20
1480 28
1481 17
1482 13
1483 22
1484 23
1485 13
1486 17
1487 6
1488 17
1489 16
1490 13
1491 18
1492 16
1493 16
1494 17
1495 15
1496 22
1497 15
1498 11
1499 17
1500 5
1501 14
1502 13
1503 12
1504 16
1505 14
1506 11
1507 6
1508 9
1509 12
1510 8
1511 4
1512 9
1513 7
1514 8
1515 9
1516 7
1517 6
1518 10
1519 7
1520 12
1521 2
1522 5
1523 7
1524 5
1525 13
1526 7
1527 8
1528 7
1529 4
1530 4
1531 3
1532 4
1533 7
1534 4
1535 5
1536 9
1537 4
1538 8
1539 4
1540 5
1541 2
1542 6
1543 5
1544 3
1545 4
1546 4
1547 2
1548 3
1549 8
1550 6
1551 5
1552 5
1553 2
1554 6
1555 4
1556 2
1557 4
1558 6
1559 2
1560 4
1561 3
1562 5
1563 4
1564 3
1565 2
1566 4
1567 2
1568 5
1569 4
1570 9
1571 3
1572 5
1573 7
1574 7
1575 1
1576 6
1577 3
1578 7
1579 5
1580 4
1581 4
1582 6
1583 4
1584 10
1585 1
1586 7
1587 4
1588 3
1589 7
1590 5
1591 7
1592 6
1593 4
1594 9
1595 5
1596 7
1597 6
1598 7
1599 5
1600 2
1601 6
1602 7
1603 10
1604 8
1605 6
1606 3
1607 9
1608 9
1609 2
1610 7
1611 5
1612 4
1613 6
1614 6
1615 5
1616 5
1617 3
1618 5
1619 9
1620 5
1621 5
1622 4
1623 3
1624 7
1625 5
1626 3
1627 5
1628 5
1629 7
1630 10
1631 3
1632 4
1633 2
1634 4
1635 5
1636 4
1637 4
1638 5
1639 3
1640 3
1641 7
1642 8
1643 6
1644 4
1645 4
1646 6
1647 1
1648 7
1649 6
1650 3
1651 2
1652 4
1653 4
1654 0
1655 4
1656 2
1657 2
1658 7
1659 0
1660 4
1661 6
1662 1
1663 4
1664 1
1665 2
1666 0
1667 1
1668 2
1669 1
1670 0
1671 2
1672 4
1673 1
1674 1
1675 0
1676 0
1677 0
1678 0
1679 1
1680 2
1681 1
1682 3
1683 0
1684 1
1685 2
1686 3
1687 0
1688 0
1689 1
1690 1
1691 0
1692 1
1693 2
1694 1
1695 0
1696 0
1697 0
1698 0
1699 1
1700 0
1701 0
1702 1
1703 1
1704 0
1705 0
1706 1
1707 1
1708 0
1709 1
1710 0
1711 0
1712 0
1713 1
1714 0
1715 0
1716 0
1717 1
1718 0
1719 1
1720 0
1721 0
1722 0
1723 0
1724 0
1725 1
1726 1
1727 0
1728 1
1729 0
1730 0
1731 2
1732 1
1733 0
1734 0
1735 0
1736 0
1737 0
1738 0
1739 0
1740 0
1741 0
1742 0
1743 0
1744 0
1745 0
1746 0
1747 0
1748 0
1749 0
1750 0
1751 0
1752 0
1753 0
1754 0
1755 0
1756 0
1757 0
1758 0
1759 0
1760 0
1761 0
1762 1
1763 0
1764 0
1765 1
1766 0
1767 0
1768 0
1769 0
1770 0
1771 0
1772 0
1773 0
1774 0
1775 0
1776 0
1777 0
1778 0
1779 0
1780 0
1781 0
1782 0
1783 0
1784 1
1785 1
1786 0
1787 0
1788 0
1789 1
1790 0
1791 0
1792 0
1793 0
1794 0
1795 0
1796 0
1797 1
1798 1
1799 0
1800 0
1801 0
1802 0
1803 0
1804 0
1805 1
1806 0
1807 0
1808 0
1809 0
1810 0
1811 0
1812 0
1813 0
1814 0
1815 0
1816 0
1817 1
1818 0
1819 0
1820 0
1821 0
1822 0
1823 0
1824 0
1825 0
1826 0
1827 1
1828 0
1829 0
1830 0
1831 0
1832 0
1833 0
1834 0
1835 0
1836 1
1837 0
1838 1
1839 0
1840 0
1841 1
1842 0
1843 0
1844 0
1845 1
1846 0
1847 0
1848 0
1849 1
1850 0
1851 0
1852 1
1853 0
1854 0
1855 0
1856 0
1857 0
1858 2
1859 0
1860 1
1861 0
1862 0
1863 0
1864 0
1865 0
1866 0
1867 0
1868 0
1869 0
1870 1
1871 0
1872 0
1873 1
1874 0
1875 2
1876 0
1877 0
1878 0
1879 0
1880 0
1881 0
1882 0
1883 0
1884 0
1885 0
1886 0
1887 0
1888 2
1889 0
1890 0
1891 0
1892 0
1893 1
1894 0
1895 0
1896 1
1897 0
1898 1
1899 0
1900 0
1901 2
1902 2
1903 0
1904 1
1905 1
1906 0
1907 0
1908 0
1909 0
1910 1
1911 2
1912 0
1913 0
1914 0
1915 0
1916 0
1917 1
1918 0
1919 0
1920 1
1921 0
1922 2
1923 0
1924 0
1925 0
1926 0
1927 0
1928 0
1929 0
1930 0
1931 0
1932 0
1933 0
1934 1
1935 0
1936 1
1937 1
1938 1
1939 0
1940 1
1941 2
1942 0
1943 0
1944 1
1945 0
1946 1
1947 0
1948 1
1949 1
1950 0
1951 1
1952 0
1953 0
1954 1
1955 0
1956 0
1957 1
1958 0
1959 0
1960 0
1961 0
1962 0
1963 0
1964 0
1965 0
1966 0
1967 0
1968 0
1969 3
1970 0
1971 0
1972 0
1973 1
1974 0
1975 0
1976 0
1977 0
1978 0
1979 0
1980 0
1981 0
1982 0
1983 0
1984 0
1985 1
1986 0
1987 0
1988 1
1989 0
1990 0
1991 0
1992 0
1993 0
1994 0
1995 0
1996 1
1997 0
1998 0
1999 1
2000 0
2001 0
2002 0
2003 0
2004 0
2005 1
2006 0
2007 0
2008 0
2009 0
2010 0
2011 0
2012 0
2013 1
2014 0
2015 0
2016 0
2017 1
2018 0
2019 0
2020 0
2021 1
2022 1
2023 1
2024 1
2025 0
2026 0
2027 0
2028 0
2029 0
2030 0
2031 0
2032 0
2033 0
2034 0
2035 0
2036 0
2037 0
2038 0
2039 0
2040 0
2041 0
2042 0
2043 0
2044 0
2045 0
2046 0
2047 0
