# Dead time factor = 1.00000
0 0
1 0
2 0
3 0
4 0
5 0
6 0
7 0
8 0
9 0
10 0
11 0
12 0
13 0
14 0
15 0
16 0
17 0
18 0
19 0
20 0
21 7
22 6
23 9
24 10
25 13
26 16
27 5
28 9
29 14
30 8
31 10
32 12
33 19
34 17
35 16
36 21
37 28
38 28
39 24
40 27
41 28
42 19
43 22
44 23
45 30
46 31
47 45
48 87
49 94
50 134
51 123
52 124
53 117
54 85
55 71
56 53
57 39
58 34
59 13
60 11
61 7
62 7
63 9
64 2
65 6
66 7
67 9
68 7
69 5
70 3
71 4
72 4
73 1
74 3
75 6
76 5
77 1
78 2
79 4
80 6
81 2
82 2
83 6
84 1
85 3
86 1
87 2
88 2
89 0
90 3
91 6
92 1
93 3
94 2
95 4
96 2
97 2
98 4
99 7
100 3
101 2
102 1
103 2
104 2
105 3
106 2
107 2
108 3
109 3
110 1
111 0
112 0
113 2
114 1
115 2
116 0
117 1
118 2
119 1
120 2
121 2
122 1
123 3
124 1
125 1
126 2
127 2
128 4
129 0
130 1
131 0
132 2
133 1
134 2
135 1
136 1
137 0
138 0
139 1
140 2
141 3
142 4
143 3
144 1
145 1
146 0
147 0
148 2
149 2
150 2
151 2
152 2
153 0
154 0
155 2
156 0
157 2
158 0
159 0
160 0
161 1
162 2
163 1
164 1
165 2
166 0
167 3
168 3
169 0
170 5
171 1
172 0
173 3
174 4
175 1
176 2
177 3
178 1
179 0
180 0
181 2
182 0
183 1
184 0
185 0
186 1
187 0
188 0
189 0
190 0
191 0
192 0
193 1
194 4
195 0
196 2
197 1
198 1
199 1
200 0
201 0
202 2
203 1
204 1
205 1
206 2
207 2
208 2
209 2
210 0
211 2
212 3
213 0
214 0
215 0
216 1
217 1
218 0
219 1
220 2
221 2
222 1
223 1
224 1
225 2
226 0
227 2
228 0
229 2
230 1
231 1
232 0
233 0
234 1
235 3
236 0
237 1
238 0
239 0
240 0
241 2
242 0
243 0
244 1
245 0
246 0
247 1
248 0
249 1
250 1
251 0
252 1
253 0
254 0
255 0
256 3
257 2
258 1
259 1
260 0
261 1
262 0
263 0
264 2
265 1
266 2
267 1
268 0
269 0
270 0
271 0
272 1
273 0
274 0
275 1
276 1
277 0
278 1
279 1
280 0
281 1
282 0
283 1
284 3
285 0
286 0
287 0
288 0
289 0
290 1
291 0
292 0
293 1
294 1
295 1
296 0
297 1
298 0
299 1
300 0
301 1
302 3
303 0
304 0
305 1
306 0
307 0
308 2
309 1
310 1
311 1
312 0
313 0
314 2
315 1
316 0
317 0
318 0
319 0
320 0
321 0
322 1
323 0
324 1
325 1
326 0
327 1
328 1
329 1
330 2
331 1
332 0
333 0
334 1
335 0
336 0
337 0
338 0
339 0
340 1
341 0
342 0
343 0
344 0
345 0
346 1
347 0
348 1
349 0
350 0
351 1
352 0
353 1
354 0
355 0
356 1
357 2
358 0
359 0
360 1
361 0
362 2
363 2
364 0
365 0
366 2
367 0
368 2
369 1
370 0
371 0
372 1
373 3
374 0
375 0
376 1
377 0
378 0
379 0
380 0
381 2
382 0
383 0
384 0
385 0
386 1
387 0
388 0
389 0
390 0
391 0
392 2
393 1
394 1
395 2
396 0
397 0
398 0
399 1
400 1
401 1
402 0
403 0
404 0
405 1
406 2
407 1
408 0
409 0
410 1
411 0
412 1
413 0
414 1
415 1
416 2
417 0
418 0
419 2
420 1
421 1
422 0
423 0
424 1
425 0
426 0
427 0
428 0
429 0
430 0
431 0
432 2
433 0
434 0
435 0
436 1
437 0
438 0
439 0
440 0
441 0
442 0
443 0
444 0
445 0
446 0
447 0
448 0
449 0
450 0
451 1
452 0
453 0
454 1
455 0
456 0
457 0
458 0
459 0
460 0
461 1
462 2
463 1
464 1
465 0
466 1
467 0
468 1
469 0
470 0
471 0
472 0
473 0
474 0
475 0
476 1
477 0
478 0
479 0
480 0
481 0
482 0
483 0
484 1
485 0
486 3
487 1
488 2
489 2
490 0
491 0
492 0
493 0
494 1
495 2
496 0
497 1
498 1
499 0
500 0
501 0
502 0
503 0
504 0
505 1
506 0
507 1
508 0
509 0
510 1
511 1
512 0
513 1
514 1
515 0
516 0
517 0
518 1
519 2
520 0
521 0
522 0
523 0
524 0
525 0
526 0
527 0
528 0
529 0
530 0
531 0
532 0
533 0
534 1
535 0
536 0
537 0
538 0
539 1
540 0
541 1
542 1
543 0
544 1
545 0
546 0
547 0
548 0
549 1
550 0
551 1
552 0
553 0
554 0
555 0
556 1
557 0
558 0
559 0
560 0
561 1
562 0
563 0
564 0
565 0
566 1
567 0
568 0
569 1
570 2
571 1
572 0
573 2
574 0
575 0
576 1
577 0
578 0
579 1
580 2
581 0
582 0
583 0
584 1
585 0
586 0
587 1
588 0
589 0
590 0
591 2
592 0
593 0
594 0
595 1
596 0
597 2
598 1
599 1
600 1
601 0
602 0
603 0
604 0
605 0
606 0
607 0
608 0
609 0
610 1
611 0
612 0
613 0
614 1
615 0
616 0
617 0
618 0
619 0
620 1
621 0
622 1
623 0
624 0
625 0
626 0
627 0
628 2
629 0
630 0
631 1
632 1
633 0
634 0
635 1
636 0
637 0
638 0
639 1
640 0
641 1
642 0
643 0
644 0
645 0
646 0
647 0
648 0
649 1
650 0
651 0
652 2
653 0
654 2
655 0
656 0
657 0
658 1
659 1
660 1
661 0
662 0
663 1
664 1
665 0
666 0
667 1
668 1
669 0
670 0
671 0
672 0
673 0
674 0
675 0
676 2
677 1
678 0
679 0
680 0
681 0
682 0
683 1
684 0
685 0
686 0
687 0
688 0
689 0
690 0
691 0
692 0
693 0
694 0
695 0
696 0
697 0
698 2
699 2
700 0
701 0
702 0
703 0
704 1
705 0
706 0
707 0
708 1
709 0
710 0
711 0
712 0
713 0
714 0
715 1
716 1
717 0
718 2
719 0
720 1
721 1
722 1
723 0
724 1
725 1
726 0
727 0
728 0
729 0
730 0
731 2
732 1
733 0
734 0
735 1
736 0
737 0
738 1
739 0
740 0
741 0
742 0
743 0
744 0
745 0
746 1
747 0
748 1
749 1
750 0
751 0
752 0
753 1
754 0
755 0
756 0
757 0
758 0
759 0
760 0
761 0
762 0
763 0
764 0
765 0
766 1
767 0
768 1
769 0
770 0
771 0
772 0
773 0
774 1
775 0
776 0
777 0
778 0
779 1
780 0
781 2
782 0
783 0
784 1
785 2
786 0
787 0
788 0
789 1
790 0
791 0
792 0
793 1
794 0
795 0
796 0
797 0
798 1
799 0
800 0
801 0
802 0
803 0
804 0
805 0
806 2
807 0
808 0
809 0
810 0
811 0
812 1
813 0
814 0
815 1
816 1
817 1
818 0
819 0
820 0
821 1
822 1
823 0
824 0
825 0
826 0
827 1
828 0
829 1
830 1
831 0
832 0
833 1
834 0
835 0
836 0
837 0
838 0
839 0
840 0
841 0
842 0
843 1
844 0
845 0
846 1
847 0
848 1
849 1
850 0
851 1
852 0
853 0
854 0
855 0
856 0
857 0
858 0
859 0
860 0
861 1
862 0
863 2
864 0
865 0
866 0
867 0
868 0
869 0
870 0
871 1
872 0
873 0
874 1
875 1
876 0
877 0
878 0
879 1
880 1
881 1
882 0
883 0
884 1
885 0
886 0
887 0
888 0
889 1
890 1
891 0
892 0
893 0
894 0
895 0
896 2
897 0
898 1
899 1
900 0
901 0
902 1
903 0
904 0
905 0
906 0
907 0
908 0
909 1
910 0
911 0
912 1
913 0
914 0
915 1
916 0
917 0
918 0
919 1
920 0
921 0
922 0
923 0
924 0
925 0
926 1
927 0
928 0
929 0
930 0
931 0
932 0
933 0
934 1
935 0
936 1
937 1
938 0
939 0
940 0
941 0
942 0
943 0
944 0
945 0
946 1
947 0
948 0
949 0
950 0
951 0
952 0
953 0
954 0
955 0
956 0
957 0
958 0
959 0
960 1
961 0
962 0
963 0
964 2
965 0
966 1
967 0
968 2
969 1
970 1
971 0
972 1
973 0
974 0
975 1
976 0
977 0
978 1
979 1
980 0
981 0
982 0
983 0
984 0
985 0
986 0
987 0
988 0
989 0
990 0
991 1
992 1
993 0
994 0
995 1
996 1
997 0
998 0
999 0
1000 0
1001 1
1002 0
1003 0
1004 0
1005 1
1006 0
1007 0
1008 0
1009 1
1010 0
1011 0
1012 1
1013 0
1014 1
1015 0
1016 0
1017 1
1018 0
1019 1
1020 0
1021 0
1022 0
1023 0
1024 0
1025 1
1026 0
1027 0
1028 1
1029 0
1030 2
1031 1
1032 0
1033 0
1034 1
1035 1
1036 0
1037 1
1038 0
1039 4
1040 0
1041 0
1042 0
1043 0
1044 0
1045 0
1046 0
1047 0
1048 0
1049 1
1050 0
1051 0
1052 0
1053 1
1054 1
1055 0
1056 0
1057 2
1058 0
1059 0
1060 0
1061 2
1062 1
1063 2
1064 1
1065 0
1066 0
1067 0
1068 0
1069 0
1070 1
1071 0
1072 1
1073 0
1074 0
1075 0
1076 1
1077 0
1078 0
1079 2
1080 0
1081 0
1082 0
1083 1
1084 0
1085 0
1086 1
1087 0
1088 1
1089 0
1090 0
1091 0
1092 0
1093 1
1094 1
1095 1
1096 0
1097 0
1098 2
1099 1
1100 0
1101 1
1102 2
1103 0
1104 0
1105 1
1106 0
1107 0
1108 2
1109 1
1110 0
1111 0
1112 1
1113 0
1114 1
1115 0
1116 1
1117 0
1118 0
1119 1
1120 0
1121 0
1122 0
1123 1
1124 0
1125 2
1126 0
1127 1
1128 1
1129 1
1130 0
1131 2
1132 1
1133 1
1134 0
1135 0
1136 0
1137 2
1138 2
1139 0
1140 1
1141 2
1142 0
1143 1
1144 1
1145 1
1146 1
1147 1
1148 2
1149 2
1150 1
1151 0
1152 0
1153 0
1154 0
1155 1
1156 0
1157 0
1158 0
1159 1
1160 0
1161 0
1162 0
1163 1
1164 1
1165 0
1166 0
1167 0
1168 2
1169 0
1170 0
1171 0
1172 0
1173 1
1174 0
1175 0
1176 0
1177 1
1178 0
1179 0
1180 0
1181 0
1182 0
1183 0
1184 0
1185 1
1186 0
1187 0
1188 2
1189 1
1190 1
1191 0
1192 2
1193 0
1194 0
1195 0
1196 0
1197 2
1198 2
1199 3
1200 0
1201 1
1202 0
1203 1
1204 0
1205 0
1206 0
1207 0
1208 1
1209 2
1210 1
1211 1
1212 0
1213 0
1214 0
1215 0
1216 2
1217 2
1218 0
1219 3
1220 2
1221 0
1222 0
1223 1
1224 1
1225 0
1226 3
1227 0
1228 0
1229 1
1230 0
1231 0
1232 2
1233 1
1234 0
1235 0
1236 1
1237 2
1238 1
1239 0
1240 1
1241 0
1242 1
1243 1
1244 1
1245 0
1246 1
1247 1
1248 0
1249 2
1250 0
1251 1
1252 0
1253 0
1254 3
1255 1
1256 1
1257 1
1258 0
1259 0
1260 1
1261 2
1262 0
1263 3
1264 0
1265 0
1266 1
1267 2
1268 0
1269 1
1270 0
1271 0
1272 2
1273 1
1274 2
1275 1
1276 0
1277 2
1278 0
1279 0
1280 0
1281 0
1282 1
1283 1
1284 0
1285 1
1286 0
1287 1
1288 0
1289 3
1290 0
1291 0
1292 0
1293 0
1294 1
1295 0
1296 0
1297 0
1298 0
1299 1
1300 2
1301 0
1302 0
1303 2
1304 0
1305 0
1306 1
1307 0
1308 2
1309 0
1310 1
1311 2
1312 3
1313 0
1314 0
1315 2
1316 0
1317 1
1318 1
1319 2
1320 3
1321 1
1322 2
1323 1
1324 1
1325 2
1326 3
1327 0
1328 0
1329 1
1330 1
1331 0
1332 2
1333 1
1334 2
1335 0
1336 2
1337 1
1338 1
1339 1
1340 0
1341 0
1342 0
1343 0
1344 2
1345 1
1346 1
1347 1
1348 0
1349 1
1350 0
1351 0
1352 0
1353 1
1354 0
1355 1
1356 1
1357 0
1358 0
1359 1
1360 0
1361 0
1362 1
1363 1
1364 1
1365 1
1366 0
1367 0
1368 0
1369 0
1370 0
1371 0
1372 1
1373 0
1374 0
1375 0
1376 0
1377 0
1378 3
1379 0
1380 0
1381 0
1382 0
1383 0
1384 0
1385 4
1386 0
1387 0
1388 0
1389 2
1390 0
1391 0
1392 1
1393 0
1394 0
1395 1
1396 1
1397 0
1398 0
1399 0
1400 0
1401 0
1402 0
1403 1
1404 2
1405 0
1406 1
1407 0
1408 1
1409 0
1410 1
1411 1
1412 0
1413 0
1414 1
1415 1
1416 2
1417 0
1418 0
1419 0
1420 1
1421 0
1422 1
1423 1
1424 1
1425 1
1426 0
1427 2
1428 0
1429 1
1430 1
1431 0
1432 0
1433 0
1434 1
1435 2
1436 1
1437 1
1438 1
1439 0
1440 3
1441 0
1442 0
1443 0
1444 1
1445 1
1446 3
1447 0
1448 1
1449 0
1450 2
1451 1
1452 0
1453 1
1454 0
1455 0
1456 3
1457 1
1458 0
1459 1
1460 0
1461 2
1462 1
1463 0
1464 1
1465 0
1466 0
1467 1
1468 0
1469 2
1470 1
1471 0
1472 0
1473 1
1474 0
1475 1
1476 1
1477 1
1478 2
1479 0
1480 0
1481 0
1482 0
1483 0
1484 1
1485 0
1486 0
1487 0
1488 0
1489 2
1490 1
1491 0
1492 0
1493 1
1494 1
1495 0
1496 0
1497 0
1498 0
1499 0
1500 0
1501 0
1502 0
1503 0
1504 0
1505 0
1506 0
1507 0
1508 2
1509 0
1510 1
1511 0
1512 0
1513 0
1514 1
1515 1
1516 1
1517 0
1518 0
1519 0
1520 1
1521 0
1522 0
1523 0
1524 0
1525 1
1526 0
1527 0
1528 0
1529 0
1530 0
1531 0
1532 0
1533 2
1534 0
1535 2
1536 0
1537 0
1538 0
1539 0
1540 0
1541 0
1542 0
1543 2
1544 0
1545 1
1546 0
1547 1
1548 0
1549 0
1550 0
1551 0
1552 1
1553 0
1554 0
1555 0
1556 1
1557 0
1558 0
1559 0
1560 1
1561 0
1562 1
1563 0
1564 0
1565 0
1566 0
1567 0
1568 0
1569 0
1570 0
1571 1
1572 0
1573 0
1574 0
1575 0
1576 0
1577 0
1578 0
1579 1
1580 0
1581 0
1582 0
1583 1
1584 0
1585 1
1586 0
1587 0
1588 1
1589 0
1590 1
1591 0
1592 0
1593 0
1594 2
1595 0
1596 0
1597 0
1598 0
1599 0
1600 0
1601 0
1602 0
1603 0
1604 1
1605 2
1606 1
1607 0
1608 1
1609 1
1610 0
1611 0
1612 0
1613 0
1614 0
1615 1
1616 0
1617 0
1618 0
1619 0
1620 0
1621 0
1622 0
1623 0
1624 0
1625 0
1626 0
1627 0
1628 1
1629 0
1630 0
1631 0
1632 0
1633 0
1634 0
1635 1
1636 2
1637 0
1638 0
1639 0
1640 0
1641 0
1642 1
1643 0
1644 0
1645 0
1646 0
1647 0
1648 0
1649 1
1650 0
1651 0
1652 0
1653 1
1654 0
1655 0
1656 0
1657 0
1658 0
1659 0
1660 0
1661 0
1662 0
1663 0
1664 0
1665 0
1666 0
1667 0
1668 0
1669 0
1670 0
1671 1
1672 0
1673 0
1674 0
1675 0
1676 0
1677 0
1678 0
1679 0
1680 0
1681 0
1682 0
1683 0
1684 0
1685 1
1686 0
1687 0
1688 0
1689 0
1690 0
1691 0
1692 0
1693 0
1694 0
1695 0
1696 0
1697 0
1698 0
1699 0
1700 0
1701 0
1702 1
1703 0
1704 0
1705 0
1706 0
1707 0
1708 0
1709 0
1710 0
1711 0
1712 0
1713 0
1714 0
1715 1
1716 0
1717 0
1718 0
1719 0
1720 0
1721 0
1722 1
1723 0
1724 0
1725 0
1726 0
1727 0
1728 0
1729 0
1730 0
1731 0
1732 1
1733 0
1734 0
1735 0
1736 0
1737 1
1738 0
1739 1
1740 0
1741 0
1742 0
1743 0
1744 0
1745 0
1746 0
1747 0
1748 0
1749 0
1750 0
1751 0
1752 0
1753 0
1754 1
1755 1
1756 0
1757 0
1758 0
1759 0
1760 0
1761 0
1762 0
1763 0
1764 0
1765 0
1766 0
1767 0
1768 0
1769 0
1770 0
1771 0
1772 0
1773 1
1774 0
1775 0
1776 0
1777 0
1778 0
1779 0
1780 0
1781 1
1782 0
1783 0
1784 0
1785 0
1786 0
1787 0
1788 0
1789 0
1790 1
1791 0
1792 0
1793 0
1794 0
1795 0
1796 0
1797 0
1798 0
1799 0
1800 0
1801 0
1802 0
1803 0
1804 0
1805 0
1806 0
1807 0
1808 0
1809 0
1810 0
1811 0
1812 0
1813 0
1814 0
1815 0
1816 0
1817 0
1818 0
1819 0
1820 0
1821 0
1822 1
1823 0
1824 0
1825 0
1826 0
1827 0
1828 3
1829 0
1830 0
1831 0
1832 0
1833 0
1834 1
1835 0
1836 0
1837 0
1838 0
1839 0
1840 0
1841 1
1842 0
1843 0
1844 0
1845 0
1846 0
1847 1
1848 0
1849 0
1850 0
1851 0
1852 0
1853 0
1854 0
1855 0
1856 1
1857 0
1858 0
1859 0
1860 0
1861 0
1862 0
1863 0
1864 0
1865 0
1866 0
1867 0
1868 0
1869 0
1870 0
1871 0
1872 0
1873 0
1874 0
1875 0
1876 0
1877 0
1878 1
1879 0
1880 0
1881 0
1882 0
1883 1
1884 0
1885 0
1886 0
1887 0
1888 0
1889 0
1890 0
1891 0
1892 0
1893 0
1894 0
1895 0
1896 0
1897 0
1898 1
1899 0
1900 0
1901 0
1902 0
1903 0
1904 0
1905 0
1906 0
1907 0
1908 0
1909 0
1910 0
1911 0
1912 0
1913 1
1914 1
1915 0
1916 0
1917 1
1918 0
1919 0
1920 0
1921 0
1922 0
1923 0
1924 0
1925 0
1926 0
1927 0
1928 0
1929 0
1930 0
1931 2
1932 0
1933 1
1934 0
1935 0
1936 0
1937 0
1938 0
1939 0
1940 0
1941 0
1942 0
1943 0
1944 0
1945 0
1946 0
1947 0
1948 1
1949 0
1950 0
1951 0
1952 0
1953 0
1954 0
1955 0
1956 0
1957 0
1958 0
1959 0
1960 2
1961 0
1962 0
1963 0
1964 0
1965 0
1966 0
1967 0
1968 0
1969 0
1970 0
1971 0
1972 0
1973 1
1974 0
1975 0
1976 0
1977 0
1978 0
1979 0
1980 1
1981 0
1982 0
1983 0
1984 0
1985 0
1986 1
1987 0
1988 1
1989 1
1990 0
1991 0
1992 0
1993 0
1994 0
1995 0
1996 1
1997 1
1998 0
1999 0
2000 0
2001 0
2002 0
2003 0
2004 0
2005 0
2006 0
2007 0
2008 0
2009 0
2010 0
2011 1
2012 0
2013 0
2014 0
2015 0
2016 0
2017 0
2018 1
2019 0
2020 0
2021 0
2022 2
2023 1
2024 0
2025 1
2026 0
2027 0
2028 0
2029 0
2030 0
2031 0
2032 0
2033 0
2034 0
2035 0
2036 0
2037 0
2038 0
2039 0
2040 0
2041 0
2042 0
2043 0
2044 0
2045 0
2046 0
2047 0
