# Dead time factor = 1.00000
0 0
1 0
2 0
3 0
4 0
5 0
6 0
7 0
8 0
9 0
10 0
11 0
12 0
13 0
14 0
15 0
16 0
17 0
18 0
19 0
20 4
21 16
22 18
23 21
24 26
25 32
26 25
27 18
28 18
29 23
30 28
31 25
32 31
33 24
34 38
35 39
36 30
37 49
38 28
39 42
40 32
41 42
42 40
43 33
44 36
45 43
46 59
47 71
48 82
49 108
50 152
51 151
52 127
53 124
54 108
55 77
56 61
57 56
58 28
59 34
60 32
61 23
62 25
63 25
64 23
65 20
66 18
67 25
68 24
69 23
70 19
71 19
72 17
73 19
74 20
75 21
76 27
77 14
78 20
79 25
80 21
81 15
82 24
83 28
84 21
85 26
86 23
87 12
88 24
89 22
90 17
91 23
92 34
93 16
94 23
95 21
96 19
97 23
98 14
99 21
100 19
101 20
102 17
103 18
104 15
105 18
106 15
107 14
108 15
109 20
110 19
111 13
112 19
113 12
114 13
115 14
116 16
117 13
118 16
119 12
120 12
121 15
122 14
123 17
124 17
125 11
126 9
127 12
128 11
129 11
130 15
131 7
132 9
133 12
134 14
135 18
136 17
137 7
138 12
139 8
140 10
141 7
142 12
143 7
144 13
145 13
146 7
147 11
148 12
149 13
150 9
151 10
152 14
153 12
154 18
155 19
156 13
157 10
158 10
159 10
160 14
161 17
162 12
163 23
164 14
165 17
166 23
167 14
168 16
169 37
170 20
171 19
172 23
173 39
174 23
175 16
176 17
177 19
178 15
179 29
180 18
181 24
182 16
183 15
184 11
185 19
186 13
187 14
188 12
189 8
190 15
191 12
192 16
193 11
194 13
195 9
196 13
197 4
198 14
199 5
200 10
201 11
202 14
203 10
204 4
205 11
206 6
207 10
208 8
209 14
210 8
211 6
212 6
213 10
214 6
215 11
216 8
217 13
218 4
219 11
220 10
221 11
222 10
223 9
224 8
225 7
226 13
227 7
228 6
229 5
230 12
231 5
232 13
233 10
234 12
235 12
236 13
237 12
238 6
239 9
240 6
241 6
242 6
243 9
244 3
245 7
246 6
247 3
248 11
249 8
250 14
251 5
252 3
253 5
254 13
255 7
256 3
257 7
258 9
259 10
260 7
261 4
262 6
263 11
264 9
265 10
266 13
267 6
268 11
269 11
270 6
271 8
272 8
273 10
274 5
275 9
276 8
277 5
278 6
279 4
280 11
281 5
282 8
283 6
284 10
285 8
286 7
287 7
288 11
289 11
290 8
291 5
292 10
293 9
294 8
295 6
296 1
297 4
298 5
299 7
300 4
301 13
302 9
303 4
304 6
305 8
306 9
307 6
308 10
309 7
310 7
311 9
312 10
313 6
314 11
315 6
316 6
317 9
318 7
319 10
320 10
321 8
322 3
323 6
324 10
325 7
326 9
327 6
328 8
329 7
330 7
331 7
332 6
333 7
334 6
335 5
336 4
337 8
338 11
339 12
340 3
341 7
342 13
343 11
344 5
345 12
346 8
347 5
348 6
349 12
350 13
351 9
352 14
353 8
354 8
355 6
356 12
357 5
358 8
359 15
360 6
361 3
362 6
363 8
364 6
365 3
366 7
367 5
368 6
369 6
370 6
371 4
372 6
373 5
374 6
375 5
376 9
377 12
378 8
379 9
380 2
381 10
382 5
383 8
384 2
385 6
386 5
387 5
388 4
389 7
390 4
391 9
392 5
393 3
394 6
395 4
396 6
397 4
398 3
399 7
400 8
401 5
402 6
403 11
404 7
405 3
406 5
407 7
408 6
409 1
410 5
411 2
412 3
413 2
414 2
415 3
416 5
417 7
418 9
419 6
420 2
421 4
422 9
423 6
424 9
425 3
426 6
427 2
428 4
429 9
430 5
431 8
432 4
433 7
434 4
435 5
436 5
437 13
438 9
439 4
440 4
441 10
442 4
443 6
444 3
445 5
446 10
447 6
448 5
449 2
450 6
451 7
452 5
453 8
454 12
455 8
456 7
457 5
458 8
459 3
460 9
461 7
462 12
463 5
464 10
465 4
466 7
467 11
468 6
469 5
470 5
471 4
472 3
473 6
474 7
475 7
476 6
477 6
478 5
479 3
480 8
481 12
482 8
483 5
484 4
485 3
486 2
487 4
488 8
489 2
490 11
491 3
492 3
493 3
494 7
495 4
496 5
497 5
498 6
499 4
500 8
501 5
502 10
503 6
504 5
505 4
506 9
507 9
508 6
509 8
510 4
511 5
512 3
513 11
514 3
515 8
516 3
517 8
518 4
519 5
520 7
521 4
522 3
523 6
524 7
525 8
526 4
527 6
528 7
529 1
530 7
531 3
532 11
533 6
534 7
535 7
536 2
537 5
538 4
539 4
540 8
541 5
542 6
543 7
544 8
545 4
546 3
547 6
548 5
549 3
550 8
551 4
552 4
553 3
554 4
555 6
556 7
557 9
558 6
559 5
560 7
561 5
562 5
563 7
564 4
565 4
566 8
567 6
568 4
569 4
570 4
571 4
572 9
573 7
574 6
575 3
576 4
577 2
578 6
579 3
580 5
581 5
582 12
583 8
584 7
585 8
586 7
587 7
588 4
589 6
590 5
591 6
592 3
593 3
594 7
595 5
596 2
597 8
598 6
599 6
600 10
601 5
602 10
603 5
604 2
605 3
606 8
607 6
608 8
609 2
610 7
611 4
612 4
613 5
614 10
615 4
616 10
617 9
618 4
619 5
620 8
621 7
622 7
623 7
624 8
625 3
626 5
627 3
628 6
629 7
630 5
631 7
632 2
633 5
634 6
635 10
636 6
637 7
638 9
639 1
640 3
641 9
642 6
643 6
644 9
645 6
646 5
647 5
648 8
649 11
650 2
651 2
652 4
653 6
654 4
655 6
656 5
657 6
658 8
659 7
660 6
661 2
662 7
663 6
664 4
665 5
666 8
667 2
668 3
669 6
670 5
671 5
672 3
673 6
674 6
675 12
676 11
677 5
678 5
679 8
680 5
681 6
682 6
683 3
684 5
685 4
686 9
687 2
688 7
689 10
690 4
691 8
692 8
693 6
694 2
695 7
696 4
697 4
698 5
699 10
700 9
701 12
702 9
703 11
704 7
705 5
706 6
707 10
708 8
709 7
710 4
711 7
712 6
713 6
714 8
715 5
716 4
717 2
718 1
719 8
720 14
721 4
722 6
723 5
724 5
725 10
726 3
727 3
728 7
729 2
730 9
731 6
732 6
733 9
734 8
735 4
736 4
737 9
738 5
739 3
740 4
741 10
742 10
743 11
744 8
745 5
746 8
747 8
748 5
749 7
750 3
751 6
752 2
753 2
754 6
755 5
756 6
757 5
758 4
759 3
760 8
761 10
762 5
763 10
764 6
765 4
766 2
767 3
768 6
769 2
770 8
771 5
772 2
773 4
774 5
775 9
776 6
777 10
778 8
779 3
780 4
781 6
782 7
783 3
784 7
785 6
786 6
787 2
788 5
789 5
790 4
791 7
792 6
793 6
794 11
795 11
796 5
797 11
798 8
799 7
800 5
801 5
802 9
803 4
804 5
805 11
806 4
807 2
808 7
809 7
810 6
811 6
812 3
813 8
814 7
815 9
816 2
817 8
818 8
819 7
820 4
821 8
822 6
823 9
824 6
825 9
826 5
827 4
828 6
829 12
830 4
831 5
832 10
833 4
834 11
835 3
836 5
837 7
838 6
839 5
840 4
841 7
842 9
843 7
844 6
845 5
846 5
847 8
848 2
849 11
850 4
851 1
852 7
853 8
854 4
855 3
856 7
857 6
858 7
859 3
860 4
861 5
862 1
863 6
864 8
865 5
866 3
867 7
868 7
869 4
870 10
871 7
872 6
873 4
874 8
875 5
876 10
877 8
878 7
879 6
880 2
881 8
882 7
883 6
884 6
885 4
886 9
887 5
888 9
889 9
890 5
891 10
892 7
893 7
894 6
895 5
896 6
897 10
898 5
899 6
900 5
901 12
902 2
903 8
904 8
905 3
906 8
907 3
908 8
909 4
910 5
911 6
912 9
913 6
914 5
915 7
916 5
917 8
918 9
919 8
920 7
921 7
922 7
923 10
924 6
925 8
926 5
927 5
928 8
929 6
930 4
931 8
932 8
933 11
934 7
935 6
936 10
937 7
938 6
939 8
940 6
941 6
942 6
943 7
944 7
945 6
946 5
947 11
948 9
949 9
950 10
951 4
952 5
953 8
954 12
955 13
956 7
957 8
958 8
959 3
960 12
961 3
962 3
963 8
964 9
965 9
966 9
967 9
968 13
969 7
970 9
971 9
972 5
973 5
974 6
975 6
976 11
977 6
978 8
979 8
980 3
981 4
982 4
983 8
984 6
985 3
986 8
987 1
988 8
989 10
990 11
991 9
992 8
993 8
994 10
995 9
996 8
997 4
998 11
999 8
1000 10
1001 9
1002 4
1003 12
1004 6
1005 7
1006 5
1007 8
1008 5
1009 9
1010 4
1011 8
1012 8
1013 12
1014 8
1015 7
1016 9
1017 4
1018 5
1019 16
1020 9
1021 12
1022 8
1023 13
1024 7
1025 5
1026 11
1027 13
1028 9
1029 12
1030 7
1031 6
1032 12
1033 4
1034 8
1035 7
1036 10
1037 10
1038 10
1039 8
1040 13
1041 5
1042 14
1043 9
1044 11
1045 6
1046 8
1047 13
1048 7
1049 10
1050 11
1051 11
1052 12
1053 10
1054 10
1055 9
1056 12
1057 10
1058 12
1059 8
1060 7
1061 8
1062 10
1063 16
1064 8
1065 13
1066 8
1067 7
1068 7
1069 7
1070 13
1071 10
1072 10
1073 7
1074 4
1075 10
1076 17
1077 13
1078 11
1079 13
1080 15
1081 12
1082 9
1083 15
1084 8
1085 13
1086 13
1087 8
1088 9
1089 7
1090 13
1091 4
1092 10
1093 12
1094 14
1095 11
1096 17
1097 16
1098 9
1099 11
1100 14
1101 13
1102 11
1103 17
1104 9
1105 11
1106 11
1107 14
1108 16
1109 10
1110 7
1111 9
1112 19
1113 11
1114 13
1115 12
1116 9
1117 15
1118 7
1119 9
1120 16
1121 6
1122 16
1123 17
1124 16
1125 14
1126 27
1127 9
1128 20
1129 15
1130 20
1131 17
1132 8
1133 13
1134 16
1135 11
1136 14
1137 11
1138 20
1139 8
1140 17
1141 10
1142 11
1143 11
1144 18
1145 12
1146 19
1147 16
1148 14
1149 18
1150 15
1151 14
1152 12
1153 17
1154 14
1155 14
1156 9
1157 14
1158 8
1159 18
1160 16
1161 14
1162 15
1163 7
1164 11
1165 9
1166 16
1167 14
1168 20
1169 16
1170 13
1171 11
1172 16
1173 12
1174 16
1175 19
1176 13
1177 19
1178 17
1179 16
1180 9
1181 12
1182 15
1183 19
1184 14
1185 9
1186 10
1187 11
1188 18
1189 10
1190 16
1191 9
1192 16
1193 17
1194 15
1195 12
1196 12
1197 10
1198 14
1199 16
1200 11
1201 12
1202 16
1203 12
1204 6
1205 16
1206 23
1207 13
1208 11
1209 10
1210 16
1211 18
1212 17
1213 12
1214 15
1215 12
1216 11
1217 19
1218 22
1219 8
1220 6
1221 14
1222 14
1223 11
1224 19
1225 15
1226 14
1227 13
1228 18
1229 12
1230 14
1231 17
1232 11
1233 21
1234 12
1235 10
1236 13
1237 22
1238 21
1239 15
1240 21
1241 10
1242 20
1243 19
1244 17
1245 9
1246 14
1247 15
1248 13
1249 16
1250 11
1251 26
1252 16
1253 15
1254 19
1255 17
1256 24
1257 19
1258 26
1259 15
1260 13
1261 23
1262 16
1263 25
1264 21
1265 17
1266 20
1267 20
1268 20
1269 21
1270 21
1271 19
1272 17
1273 17
1274 28
1275 23
1276 25
1277 24
1278 30
1279 21
1280 17
1281 19
1282 19
1283 25
1284 26
1285 26
1286 19
1287 16
1288 24
1289 31
1290 20
1291 16
1292 17
1293 20
1294 32
1295 20
1296 19
1297 28
1298 26
1299 15
1300 17
1301 19
1302 23
1303 16
1304 26
1305 23
1306 22
1307 22
1308 24
1309 19
1310 26
1311 29
1312 27
1313 16
1314 23
1315 17
1316 29
1317 28
1318 25
1319 27
1320 19
1321 24
1322 19
1323 23
1324 19
1325 26
1326 12
1327 25
1328 21
1329 24
1330 19
1331 25
1332 22
1333 19
1334 13
1335 14
1336 19
1337 15
1338 15
1339 22
1340 23
1341 11
1342 14
1343 15
1344 21
1345 12
1346 14
1347 17
1348 17
1349 16
1350 21
1351 19
1352 21
1353 20
1354 7
1355 9
1356 10
1357 9
1358 12
1359 19
1360 10
1361 11
1362 21
1363 14
1364 20
1365 21
1366 14
1367 22
1368 13
1369 14
1370 6
1371 2
1372 8
1373 19
1374 10
1375 11
1376 8
1377 22
1378 14
1379 13
1380 12
1381 10
1382 12
1383 13
1384 12
1385 13
1386 12
1387 19
1388 12
1389 13
1390 13
1391 17
1392 12
1393 18
1394 18
1395 10
1396 9
1397 19
1398 15
1399 8
1400 24
1401 13
1402 13
1403 15
1404 19
1405 18
1406 14
1407 13
1408 16
1409 13
1410 16
1411 19
1412 19
1413 13
1414 29
1415 24
1416 21
1417 20
1418 20
1419 19
1420 24
1421 13
1422 20
1423 12
1424 20
1425 21
1426 22
1427 22
1428 18
1429 17
1430 20
1431 20
1432 22
1433 22
1434 17
1435 15
1436 19
1437 18
1438 34
1439 22
1440 10
1441 23
1442 19
1443 17
1444 16
1445 20
1446 29
1447 25
1448 16
1449 21
1450 25
1451 19
1452 13
1453 29
1454 21
1455 18
1456 31
1457 29
1458 21
1459 34
1460 24
1461 25
1462 22
1463 21
1464 20
1465 16
1466 21
1467 21
1468 24
1469 16
1470 27
1471 29
1472 25
1473 26
1474 24
1475 19
1476 25
1477 15
1478 20
1479 17
1480 13
1481 13
1482 18
1483 14
1484 23
1485 22
1486 15
1487 20
1488 18
1489 29
1490 17
1491 18
1492 17
1493 18
1494 19
1495 15
1496 11
1497 16
1498 14
1499 18
1500 12
1501 25
1502 16
1503 14
1504 14
1505 10
1506 12
1507 10
1508 10
1509 12
1510 17
1511 9
1512 9
1513 6
1514 12
1515 9
1516 15
1517 5
1518 7
1519 10
1520 11
1521 10
1522 12
1523 8
1524 7
1525 7
1526 8
1527 9
1528 6
1529 7
1530 6
1531 8
1532 8
1533 6
1534 4
1535 9
1536 10
1537 5
1538 7
1539 6
1540 3
1541 6
1542 5
1543 7
1544 7
1545 5
1546 5
1547 4
1548 9
1549 5
1550 5
1551 8
1552 3
1553 8
1554 5
1555 4
1556 6
1557 5
1558 3
1559 5
1560 5
1561 4
1562 3
1563 6
1564 5
1565 7
1566 3
1567 8
1568 0
1569 2
1570 3
1571 7
1572 3
1573 6
1574 5
1575 5
1576 2
1577 5
1578 7
1579 6
1580 2
1581 7
1582 4
1583 4
1584 8
1585 6
1586 2
1587 4
1588 6
1589 4
1590 9
1591 1
1592 5
1593 3
1594 5
1595 4
1596 5
1597 6
1598 10
1599 5
1600 5
1601 6
1602 8
1603 1
1604 8
1605 4
1606 8
1607 1
1608 8
1609 11
1610 6
1611 4
1612 8
1613 3
1614 8
1615 2
1616 8
1617 9
1618 3
1619 3
1620 1
1621 8
1622 7
1623 8
1624 2
1625 8
1626 7
1627 8
1628 7
1629 2
1630 8
1631 5
1632 3
1633 10
1634 12
1635 7
1636 6
1637 4
1638 5
1639 11
1640 3
1641 5
1642 3
1643 3
1644 1
1645 1
1646 11
1647 7
1648 5
1649 3
1650 1
1651 2
1652 2
1653 6
1654 2
1655 1
1656 2
1657 2
1658 3
1659 1
1660 5
1661 6
1662 1
1663 2
1664 1
1665 1
1666 10
1667 4
1668 3
1669 2
1670 0
1671 1
1672 3
1673 4
1674 4
1675 3
1676 0
1677 2
1678 0
1679 1
1680 1
1681 1
1682 1
1683 1
1684 0
1685 3
1686 3
1687 5
1688 2
1689 1
1690 0
1691 1
1692 1
1693 0
1694 1
1695 1
1696 2
1697 2
1698 1
1699 1
1700 0
1701 0
1702 0
1703 0
1704 0
1705 0
1706 0
1707 0
1708 1
1709 0
1710 1
1711 0
1712 0
1713 0
1714 0
1715 0
1716 0
1717 1
1718 0
1719 0
1720 1
1721 0
1722 0
1723 0
1724 0
1725 0
1726 1
1727 1
1728 1
1729 0
1730 0
1731 1
1732 0
1733 1
1734 0
1735 0
1736 0
1737 1
1738 0
1739 0
1740 1
1741 0
1742 0
1743 0
1744 0
1745 1
1746 0
1747 0
1748 0
1749 0
1750 0
1751 0
1752 0
1753 0
1754 0
1755 0
1756 0
1757 1
1758 1
1759 0
1760 0
1761 3
1762 0
1763 0
1764 0
1765 0
1766 0
1767 0
1768 0
1769 0
1770 0
1771 0
1772 1
1773 0
1774 0
1775 1
1776 1
1777 0
1778 0
1779 0
1780 0
1781 0
1782 0
1783 0
1784 0
1785 0
1786 0
1787 0
1788 0
1789 0
1790 0
1791 0
1792 0
1793 0
1794 0
1795 0
1796 0
1797 0
1798 1
1799 1
1800 1
1801 0
1802 1
1803 0
1804 0
1805 0
1806 1
1807 1
1808 0
1809 0
1810 0
1811 0
1812 0
1813 0
1814 0
1815 0
1816 1
1817 0
1818 0
1819 0
1820 0
1821 0
1822 0
1823 0
1824 0
1825 0
1826 0
1827 0
1828 0
1829 0
1830 1
1831 0
1832 0
1833 0
1834 0
1835 0
1836 0
1837 0
1838 0
1839 1
1840 0
1841 1
1842 0
1843 2
1844 0
1845 0
1846 0
1847 0
1848 0
1849 1
1850 0
1851 0
1852 0
1853 0
1854 0
1855 1
1856 0
1857 0
1858 0
1859 0
1860 0
1861 1
1862 2
1863 0
1864 0
1865 0
1866 0
1867 0
1868 0
1869 0
1870 0
1871 0
1872 0
1873 0
1874 0
1875 0
1876 0
1877 0
1878 0
1879 0
1880 1
1881 1
1882 0
1883 0
1884 0
1885 1
1886 0
1887 0
1888 0
1889 0
1890 0
1891 0
1892 0
1893 0
1894 0
1895 0
1896 0
1897 1
1898 0
1899 0
1900 0
1901 0
1902 1
1903 1
1904 1
1905 0
1906 0
1907 1
1908 0
1909 0
1910 0
1911 0
1912 0
1913 0
1914 0
1915 1
1916 0
1917 0
1918 0
1919 0
1920 1
1921 0
1922 0
1923 1
1924 0
1925 0
1926 0
1927 0
1928 0
1929 1
1930 1
1931 0
1932 0
1933 0
1934 0
1935 0
1936 0
1937 0
1938 0
1939 0
1940 0
1941 0
1942 0
1943 0
1944 0
1945 0
1946 0
1947 0
1948 0
1949 0
1950 0
1951 1
1952 0
1953 0
1954 0
1955 0
1956 1
1957 0
1958 0
1959 0
1960 0
1961 0
1962 0
1963 1
1964 0
1965 0
1966 0
1967 0
1968 0
1969 0
1970 0
1971 0
1972 0
1973 0
1974 0
1975 0
1976 0
1977 2
1978 0
1979 0
1980 0
1981 0
1982 0
1983 1
1984 0
1985 1
1986 0
1987 0
1988 0
1989 0
1990 1
1991 0
1992 1
1993 1
1994 0
1995 0
1996 0
1997 0
1998 0
1999 0
2000 0
2001 0
2002 1
2003 1
2004 1
2005 0
2006 0
2007 0
2008 0
2009 0
2010 1
2011 0
2012 0
2013 1
2014 0
2015 0
2016 1
2017 0
2018 0
2019 0
2020 0
2021 0
2022 0
2023 0
2024 0
2025 0
2026 0
2027 0
2028 0
2029 0
2030 0
2031 0
2032 0
2033 0
2034 0
2035 0
2036 0
2037 0
2038 0
2039 0
2040 0
2041 0
2042 0
2043 0
2044 0
2045 0
2046 0
2047 0
