# Dead time factor = 1.00000
0 0
1 0
2 0
3 0
4 0
5 0
6 0
7 0
8 0
9 0
10 0
11 0
12 0
13 0
14 0
15 0
16 0
17 0
18 0
19 0
20 2
21 26
22 30
23 25
24 27
25 34
26 31
27 25
28 43
29 34
30 36
31 41
32 39
33 31
34 47
35 50
36 33
37 43
38 54
39 58
40 48
41 51
42 55
43 58
44 72
45 60
46 68
47 87
48 102
49 137
50 162
51 183
52 158
53 138
54 146
55 108
56 85
57 58
58 61
59 58
60 49
61 34
62 38
63 42
64 36
65 34
66 24
67 38
68 33
69 37
70 31
71 32
72 28
73 29
74 28
75 43
76 34
77 38
78 27
79 32
80 30
81 36
82 32
83 41
84 36
85 29
86 43
87 35
88 34
89 36
90 31
91 31
92 41
93 33
94 27
95 28
96 22
97 34
98 32
99 29
100 34
101 28
102 22
103 31
104 18
105 26
106 30
107 32
108 23
109 25
110 33
111 32
112 31
113 18
114 24
115 17
116 19
117 22
118 22
119 34
120 20
121 19
122 18
123 27
124 21
125 22
126 28
127 20
128 9
129 18
130 23
131 16
132 25
133 17
134 29
135 19
136 26
137 20
138 15
139 19
140 21
141 19
142 16
143 18
144 22
145 22
146 19
147 17
148 23
149 15
150 27
151 18
152 19
153 20
154 14
155 22
156 23
157 22
158 20
159 21
160 32
161 22
162 33
163 25
164 35
165 34
166 38
167 41
168 46
169 42
170 37
171 43
172 41
173 46
174 43
175 41
176 43
177 24
178 32
179 33
180 34
181 22
182 24
183 29
184 15
185 19
186 19
187 22
188 15
189 23
190 20
191 26
192 13
193 19
194 13
195 20
196 15
197 17
198 14
199 13
200 28
201 15
202 15
203 24
204 15
205 14
206 15
207 15
208 20
209 16
210 9
211 12
212 17
213 13
214 12
215 18
216 10
217 23
218 15
219 11
220 12
221 24
222 19
223 16
224 14
225 15
226 23
227 17
228 17
229 13
230 15
231 17
232 18
233 25
234 18
235 18
236 7
237 15
238 18
239 17
240 8
241 21
242 20
243 20
244 19
245 12
246 20
247 18
248 12
249 20
250 13
251 14
252 20
253 12
254 17
255 16
256 7
257 14
258 17
259 14
260 17
261 11
262 14
263 15
264 19
265 17
266 14
267 9
268 9
269 16
270 9
271 15
272 6
273 15
274 19
275 18
276 9
277 15
278 16
279 12
280 15
281 12
282 10
283 14
284 16
285 12
286 16
287 16
288 16
289 10
290 18
291 13
292 5
293 8
294 12
295 16
296 12
297 10
298 18
299 7
300 14
301 8
302 14
303 15
304 17
305 18
306 11
307 15
308 15
309 8
310 19
311 10
312 12
313 16
314 14
315 8
316 11
317 18
318 11
319 15
320 9
321 12
322 15
323 13
324 19
325 5
326 15
327 13
328 7
329 16
330 12
331 7
332 14
333 15
334 14
335 10
336 10
337 11
338 11
339 18
340 13
341 10
342 9
343 16
344 14
345 11
346 20
347 19
348 17
349 16
350 15
351 17
352 13
353 16
354 14
355 9
356 14
357 10
358 6
359 20
360 7
361 9
362 14
363 9
364 10
365 9
366 15
367 11
368 11
369 11
370 7
371 9
372 11
373 13
374 14
375 19
376 11
377 10
378 8
379 15
380 15
381 13
382 11
383 19
384 8
385 7
386 14
387 14
388 9
389 11
390 15
391 8
392 11
393 14
394 9
395 10
396 8
397 10
398 20
399 14
400 10
401 5
402 14
403 6
404 13
405 4
406 9
407 7
408 12
409 10
410 12
411 13
412 12
413 15
414 7
415 11
416 15
417 10
418 9
419 4
420 7
421 15
422 5
423 12
424 10
425 12
426 9
427 8
428 9
429 12
430 10
431 11
432 4
433 12
434 10
435 15
436 6
437 14
438 5
439 13
440 12
441 6
442 11
443 13
444 6
445 12
446 10
447 7
448 13
449 6
450 9
451 18
452 4
453 12
454 15
455 5
456 11
457 13
458 4
459 20
460 12
461 15
462 7
463 14
464 6
465 10
466 13
467 9
468 9
469 10
470 11
471 10
472 15
473 11
474 8
475 8
476 17
477 10
478 8
479 9
480 10
481 14
482 7
483 16
484 12
485 13
486 3
487 15
488 19
489 13
490 8
491 5
492 9
493 17
494 10
495 12
496 14
497 10
498 14
499 8
500 10
501 9
502 10
503 10
504 9
505 10
506 5
507 9
508 9
509 6
510 4
511 10
512 12
513 8
514 8
515 7
516 14
517 9
518 13
519 12
520 10
521 13
522 13
523 9
524 9
525 11
526 12
527 8
528 9
529 5
530 11
531 6
532 7
533 8
534 8
535 11
536 14
537 6
538 11
539 15
540 4
541 10
542 11
543 7
544 10
545 10
546 7
547 16
548 7
549 10
550 8
551 11
552 9
553 11
554 10
555 15
556 11
557 9
558 6
559 8
560 11
561 6
562 10
563 12
564 15
565 6
566 9
567 9
568 11
569 16
570 8
571 8
572 7
573 10
574 12
575 10
576 10
577 11
578 20
579 12
580 13
581 8
582 10
583 4
584 7
585 12
586 12
587 12
588 13
589 13
590 14
591 8
592 8
593 11
594 11
595 10
596 10
597 5
598 17
599 8
600 10
601 7
602 9
603 11
604 12
605 3
606 8
607 13
608 8
609 14
610 14
611 15
612 11
613 14
614 13
615 13
616 7
617 11
618 6
619 15
620 13
621 17
622 12
623 10
624 12
625 13
626 14
627 9
628 18
629 15
630 7
631 15
632 7
633 7
634 10
635 11
636 14
637 4
638 10
639 10
640 8
641 13
642 11
643 11
644 6
645 7
646 7
647 7
648 12
649 11
650 14
651 10
652 12
653 12
654 15
655 14
656 12
657 10
658 7
659 8
660 12
661 12
662 8
663 11
664 6
665 13
666 14
667 8
668 10
669 11
670 12
671 17
672 9
673 8
674 13
675 5
676 10
677 8
678 12
679 9
680 6
681 11
682 10
683 9
684 11
685 20
686 10
687 11
688 9
689 8
690 11
691 11
692 13
693 6
694 13
695 7
696 12
697 9
698 6
699 14
700 10
701 10
702 6
703 14
704 10
705 12
706 18
707 8
708 10
709 8
710 12
711 14
712 15
713 9
714 8
715 12
716 11
717 8
718 12
719 10
720 11
721 11
722 12
723 7
724 13
725 19
726 11
727 8
728 12
729 12
730 11
731 13
732 10
733 7
734 9
735 17
736 13
737 15
738 9
739 9
740 7
741 9
742 11
743 9
744 9
745 13
746 9
747 20
748 8
749 7
750 14
751 7
752 9
753 14
754 9
755 13
756 8
757 5
758 10
759 14
760 16
761 13
762 11
763 10
764 11
765 14
766 9
767 11
768 10
769 16
770 8
771 11
772 13
773 6
774 13
775 11
776 8
777 8
778 14
779 6
780 11
781 15
782 16
783 15
784 13
785 11
786 12
787 12
788 10
789 9
790 12
791 13
792 11
793 2
794 12
795 11
796 13
797 13
798 8
799 10
800 7
801 15
802 14
803 14
804 15
805 17
806 14
807 14
808 10
809 11
810 13
811 11
812 15
813 9
814 4
815 12
816 9
817 15
818 15
819 9
820 8
821 10
822 10
823 12
824 8
825 10
826 10
827 17
828 9
829 10
830 11
831 7
832 6
833 4
834 14
835 7
836 14
837 16
838 9
839 12
840 9
841 13
842 11
843 5
844 10
845 16
846 11
847 9
848 7
849 9
850 15
851 13
852 12
853 13
854 15
855 11
856 13
857 15
858 15
859 14
860 10
861 13
862 9
863 21
864 7
865 17
866 7
867 14
868 10
869 8
870 11
871 14
872 10
873 9
874 8
875 10
876 11
877 12
878 6
879 13
880 12
881 13
882 13
883 10
884 7
885 8
886 7
887 13
888 6
889 4
890 8
891 18
892 9
893 19
894 8
895 14
896 10
897 9
898 11
899 8
900 10
901 11
902 11
903 17
904 12
905 5
906 8
907 7
908 13
909 13
910 10
911 10
912 9
913 19
914 7
915 14
916 9
917 14
918 13
919 8
920 13
921 23
922 15
923 7
924 11
925 9
926 14
927 16
928 10
929 14
930 11
931 9
932 13
933 10
934 14
935 10
936 14
937 12
938 13
939 17
940 15
941 14
942 17
943 16
944 15
945 14
946 12
947 10
948 10
949 23
950 18
951 13
952 9
953 8
954 14
955 15
956 15
957 11
958 10
959 17
960 13
961 11
962 10
963 9
964 25
965 16
966 14
967 13
968 14
969 21
970 10
971 10
972 13
973 7
974 13
975 12
976 9
977 11
978 18
979 17
980 15
981 13
982 12
983 13
984 16
985 8
986 11
987 12
988 18
989 14
990 12
991 16
992 13
993 12
994 9
995 13
996 11
997 11
998 10
999 13
1000 21
1001 14
1002 18
1003 8
1004 14
1005 13
1006 18
1007 8
1008 9
1009 19
1010 13
1011 9
1012 10
1013 7
1014 9
1015 10
1016 20
1017 17
1018 19
1019 17
1020 15
1021 15
1022 16
1023 16
1024 10
1025 13
1026 14
1027 5
1028 19
1029 16
1030 14
1031 13
1032 9
1033 22
1034 18
1035 14
1036 21
1037 8
1038 17
1039 8
1040 10
1041 11
1042 19
1043 12
1044 9
1045 28
1046 14
1047 18
1048 12
1049 11
1050 14
1051 20
1052 17
1053 16
1054 16
1055 19
1056 19
1057 11
1058 10
1059 13
1060 16
1061 16
1062 12
1063 15
1064 19
1065 17
1066 19
1067 17
1068 16
1069 15
1070 24
1071 18
1072 19
1073 19
1074 15
1075 23
1076 19
1077 15
1078 21
1079 19
1080 18
1081 19
1082 18
1083 11
1084 16
1085 19
1086 18
1087 30
1088 29
1089 13
1090 17
1091 24
1092 26
1093 24
1094 26
1095 23
1096 19
1097 21
1098 24
1099 30
1100 25
1101 25
1102 28
1103 15
1104 22
1105 27
1106 27
1107 13
1108 22
1109 32
1110 22
1111 19
1112 17
1113 27
1114 20
1115 22
1116 25
1117 19
1118 19
1119 19
1120 27
1121 22
1122 23
1123 19
1124 32
1125 23
1126 17
1127 19
1128 20
1129 26
1130 17
1131 20
1132 24
1133 18
1134 26
1135 27
1136 31
1137 23
1138 26
1139 28
1140 28
1141 23
1142 26
1143 25
1144 24
1145 20
1146 33
1147 27
1148 33
1149 28
1150 29
1151 18
1152 34
1153 28
1154 26
1155 20
1156 20
1157 32
1158 21
1159 24
1160 28
1161 17
1162 24
1163 19
1164 25
1165 27
1166 24
1167 18
1168 21
1169 20
1170 31
1171 28
1172 19
1173 28
1174 19
1175 15
1176 21
1177 30
1178 26
1179 17
1180 27
1181 31
1182 22
1183 28
1184 24
1185 18
1186 23
1187 21
1188 28
1189 23
1190 18
1191 27
1192 23
1193 22
1194 19
1195 29
1196 30
1197 16
1198 20
1199 18
1200 20
1201 23
1202 26
1203 38
1204 24
1205 22
1206 29
1207 28
1208 21
1209 30
1210 18
1211 19
1212 29
1213 22
1214 24
1215 30
1216 15
1217 32
1218 18
1219 24
1220 18
1221 30
1222 20
1223 18
1224 21
1225 24
1226 24
1227 21
1228 25
1229 27
1230 26
1231 34
1232 33
1233 24
1234 29
1235 24
1236 25
1237 28
1238 33
1239 27
1240 30
1241 26
1242 29
1243 25
1244 28
1245 39
1246 41
1247 36
1248 30
1249 23
1250 26
1251 30
1252 31
1253 29
1254 30
1255 27
1256 38
1257 33
1258 31
1259 29
1260 25
1261 39
1262 35
1263 26
1264 33
1265 35
1266 28
1267 39
1268 30
1269 49
1270 44
1271 31
1272 24
1273 39
1274 34
1275 34
1276 42
1277 42
1278 36
1279 33
1280 37
1281 34
1282 43
1283 40
1284 44
1285 34
1286 35
1287 51
1288 35
1289 30
1290 47
1291 42
1292 35
1293 39
1294 36
1295 41
1296 34
1297 37
1298 37
1299 42
1300 39
1301 43
1302 46
1303 33
1304 38
1305 32
1306 33
1307 49
1308 36
1309 38
1310 37
1311 30
1312 41
1313 49
1314 38
1315 43
1316 38
1317 38
1318 43
1319 30
1320 43
1321 42
1322 46
1323 40
1324 43
1325 34
1326 36
1327 43
1328 35
1329 32
1330 33
1331 38
1332 35
1333 30
1334 29
1335 34
1336 38
1337 35
1338 34
1339 23
1340 28
1341 28
1342 37
1343 23
1344 31
1345 43
1346 33
1347 26
1348 33
1349 30
1350 21
1351 29
1352 39
1353 21
1354 36
1355 31
1356 21
1357 27
1358 25
1359 22
1360 33
1361 18
1362 36
1363 31
1364 29
1365 27
1366 28
1367 22
1368 32
1369 24
1370 25
1371 22
1372 24
1373 31
1374 26
1375 27
1376 34
1377 29
1378 29
1379 15
1380 17
1381 30
1382 30
1383 12
1384 19
1385 21
1386 27
1387 26
1388 32
1389 27
1390 25
1391 34
1392 25
1393 34
1394 35
1395 30
1396 31
1397 25
1398 32
1399 21
1400 31
1401 24
1402 30
1403 23
1404 30
1405 29
1406 27
1407 22
1408 25
1409 29
1410 38
1411 38
1412 23
1413 24
1414 35
1415 34
1416 33
1417 25
1418 29
1419 32
1420 36
1421 42
1422 34
1423 33
1424 42
1425 33
1426 38
1427 40
1428 29
1429 38
1430 39
1431 40
1432 33
1433 32
1434 38
1435 43
1436 58
1437 49
1438 27
1439 35
1440 43
1441 47
1442 27
1443 45
1444 36
1445 44
1446 43
1447 42
1448 29
1449 38
1450 45
1451 37
1452 35
1453 42
1454 45
1455 43
1456 54
1457 36
1458 48
1459 42
1460 47
1461 36
1462 35
1463 37
1464 42
1465 34
1466 41
1467 41
1468 50
1469 38
1470 50
1471 41
1472 37
1473 35
1474 39
1475 44
1476 39
1477 36
1478 31
1479 38
1480 32
1481 41
1482 37
1483 35
1484 28
1485 26
1486 39
1487 34
1488 27
1489 37
1490 27
1491 27
1492 20
1493 32
1494 37
1495 41
1496 25
1497 32
1498 25
1499 30
1500 22
1501 28
1502 22
1503 31
1504 21
1505 21
1506 25
1507 24
1508 30
1509 29
1510 16
1511 22
1512 18
1513 15
1514 18
1515 27
1516 23
1517 25
1518 19
1519 13
1520 18
1521 16
1522 18
1523 11
1524 14
1525 8
1526 15
1527 13
1528 19
1529 18
1530 11
1531 12
1532 14
1533 16
1534 3
1535 8
1536 12
1537 16
1538 10
1539 8
1540 8
1541 11
1542 11
1543 10
1544 4
1545 5
1546 7
1547 14
1548 13
1549 11
1550 6
1551 6
1552 5
1553 6
1554 10
1555 8
1556 4
1557 8
1558 14
1559 10
1560 8
1561 6
1562 7
1563 7
1564 9
1565 15
1566 7
1567 12
1568 6
1569 6
1570 6
1571 4
1572 6
1573 9
1574 11
1575 5
1576 4
1577 8
1578 10
1579 7
1580 5
1581 12
1582 11
1583 9
1584 6
1585 6
1586 10
1587 7
1588 9
1589 9
1590 7
1591 6
1592 4
1593 5
1594 5
1595 9
1596 5
1597 7
1598 16
1599 11
1600 11
1601 10
1602 13
1603 5
1604 10
1605 8
1606 11
1607 14
1608 11
1609 13
1610 10
1611 15
1612 7
1613 10
1614 14
1615 16
1616 12
1617 9
1618 9
1619 15
1620 15
1621 9
1622 6
1623 13
1624 6
1625 12
1626 8
1627 7
1628 9
1629 11
1630 9
1631 9
1632 9
1633 12
1634 7
1635 12
1636 8
1637 13
1638 8
1639 8
1640 9
1641 7
1642 10
1643 12
1644 5
1645 7
1646 8
1647 5
1648 7
1649 7
1650 11
1651 4
1652 7
1653 4
1654 5
1655 6
1656 2
1657 7
1658 2
1659 4
1660 2
1661 5
1662 1
1663 3
1664 5
1665 5
1666 3
1667 4
1668 6
1669 1
1670 5
1671 3
1672 5
1673 2
1674 2
1675 2
1676 0
1677 2
1678 3
1679 3
1680 2
1681 0
1682 2
1683 4
1684 3
1685 0
1686 3
1687 5
1688 2
1689 0
1690 2
1691 4
1692 3
1693 2
1694 2
1695 3
1696 1
1697 1
1698 0
1699 1
1700 3
1701 1
1702 0
1703 2
1704 2
1705 0
1706 1
1707 1
1708 2
1709 0
1710 2
1711 0
1712 1
1713 3
1714 0
1715 2
1716 3
1717 0
1718 0
1719 0
1720 0
1721 0
1722 0
1723 1
1724 0
1725 0
1726 0
1727 0
1728 0
1729 0
1730 0
1731 1
1732 0
1733 0
1734 1
1735 1
1736 0
1737 1
1738 1
1739 3
1740 1
1741 0
1742 1
1743 0
1744 0
1745 0
1746 0
1747 0
1748 1
1749 0
1750 0
1751 0
1752 1
1753 1
1754 0
1755 0
1756 0
1757 0
1758 0
1759 0
1760 0
1761 0
1762 0
1763 0
1764 0
1765 0
1766 0
1767 1
1768 0
1769 0
1770 0
1771 1
1772 0
1773 1
1774 1
1775 0
1776 0
1777 0
1778 1
1779 0
1780 1
1781 0
1782 0
1783 1
1784 0
1785 0
1786 2
1787 0
1788 0
1789 0
1790 0
1791 0
1792 0
1793 0
1794 0
1795 0
1796 1
1797 0
1798 1
1799 1
1800 0
1801 0
1802 0
1803 0
1804 0
1805 0
1806 1
1807 0
1808 0
1809 0
1810 0
1811 0
1812 1
1813 0
1814 0
1815 0
1816 1
1817 0
1818 0
1819 0
1820 1
1821 0
1822 0
1823 0
1824 1
1825 0
1826 0
1827 0
1828 2
1829 0
1830 0
1831 2
1832 0
1833 0
1834 0
1835 0
1836 0
1837 1
1838 0
1839 0
1840 0
1841 0
1842 1
1843 0
1844 1
1845 0
1846 0
1847 1
1848 1
1849 0
1850 1
1851 0
1852 0
1853 0
1854 0
1855 0
1856 0
1857 0
1858 0
1859 1
1860 0
1861 1
1862 0
1863 0
1864 1
1865 2
1866 0
1867 0
1868 0
1869 1
1870 1
1871 1
1872 1
1873 1
1874 1
1875 0
1876 0
1877 0
1878 0
1879 1
1880 0
1881 0
1882 0
1883 0
1884 0
1885 1
1886 0
1887 0
1888 0
1889 0
1890 0
1891 0
1892 0
1893 0
1894 0
1895 0
1896 1
1897 0
1898 1
1899 1
1900 0
1901 0
1902 1
1903 2
1904 0
1905 2
1906 0
1907 0
1908 0
1909 1
1910 0
1911 0
1912 0
1913 0
1914 0
1915 0
1916 0
1917 0
1918 0
1919 1
1920 0
1921 1
1922 0
1923 0
1924 0
1925 1
1926 0
1927 0
1928 0
1929 0
1930 1
1931 0
1932 1
1933 0
1934 0
1935 3
1936 0
1937 2
1938 0
1939 1
1940 0
1941 0
1942 0
1943 1
1944 0
1945 1
1946 0
1947 0
1948 0
1949 0
1950 1
1951 0
1952 0
1953 0
1954 0
1955 1
1956 0
1957 0
1958 1
1959 0
1960 0
1961 0
1962 0
1963 1
1964 0
1965 0
1966 0
1967 1
1968 1
1969 1
1970 1
1971 0
1972 0
1973 1
1974 0
1975 0
1976 0
1977 1
1978 0
1979 0
1980 0
1981 0
1982 0
1983 0
1984 0
1985 1
1986 1
1987 0
1988 0
1989 0
1990 0
1991 0
1992 1
1993 0
1994 1
1995 0
1996 0
1997 2
1998 0
1999 1
2000 0
2001 0
2002 0
2003 0
2004 0
2005 1
2006 0
2007 0
2008 1
2009 2
2010 1
2011 0
2012 0
2013 1
2014 0
2015 0
2016 1
2017 0
2018 0
2019 0
2020 0
2021 0
2022 0
2023 0
2024 0
2025 2
2026 0
2027 0
2028 0
2029 0
2030 0
2031 0
2032 0
2033 0
2034 0
2035 0
2036 0
2037 0
2038 0
2039 0
2040 0
2041 0
2042 0
2043 0
2044 0
2045 0
2046 0
2047 0
