# Dead time factor = 1.00000
0 0
1 0
2 0
3 0
4 0
5 0
6 0
7 0
8 0
9 0
10 0
11 0
12 0
13 0
14 0
15 0
16 0
17 0
18 0
19 0
20 9
21 83
22 112
23 121
24 121
25 106
26 95
27 91
28 113
29 104
30 115
31 109
32 83
33 96
34 107
35 130
36 133
37 139
38 134
39 107
40 119
41 126
42 113
43 105
44 90
45 93
46 90
47 94
48 102
49 99
50 90
51 90
52 100
53 106
54 111
55 90
56 107
57 80
58 105
59 104
60 103
61 91
62 82
63 77
64 94
65 101
66 97
67 95
68 87
69 88
70 100
71 81
72 98
73 69
74 103
75 117
76 91
77 101
78 103
79 106
80 115
81 129
82 104
83 104
84 111
85 123
86 121
87 97
88 105
89 107
90 101
91 96
92 121
93 101
94 101
95 110
96 96
97 95
98 100
99 109
100 91
101 83
102 97
103 76
104 87
105 87
106 69
107 80
108 73
109 95
110 68
111 64
112 70
113 78
114 74
115 83
116 83
117 79
118 85
119 67
120 56
121 63
122 62
123 67
124 65
125 63
126 60
127 81
128 79
129 67
130 75
131 74
132 68
133 83
134 66
135 67
136 52
137 65
138 74
139 68
140 61
141 76
142 63
143 63
144 76
145 62
146 58
147 59
148 58
149 72
150 58
151 64
152 59
153 48
154 42
155 47
156 57
157 76
158 87
159 91
160 73
161 79
162 84
163 76
164 94
165 116
166 122
167 109
168 125
169 120
170 123
171 125
172 118
173 145
174 126
175 104
176 90
177 105
178 104
179 111
180 75
181 84
182 90
183 63
184 69
185 59
186 66
187 52
188 69
189 61
190 70
191 54
192 61
193 60
194 49
195 47
196 66
197 54
198 49
199 59
200 57
201 53
202 52
203 59
204 61
205 57
206 47
207 64
208 52
209 58
210 43
211 58
212 53
213 54
214 45
215 48
216 59
217 58
218 46
219 48
220 54
221 41
222 53
223 50
224 52
225 49
226 38
227 58
228 54
229 43
230 47
231 46
232 60
233 52
234 46
235 51
236 50
237 56
238 54
239 55
240 58
241 39
242 59
243 49
244 57
245 54
246 51
247 48
248 43
249 42
250 49
251 43
252 54
253 45
254 48
255 54
256 54
257 50
258 39
259 47
260 56
261 49
262 55
263 57
264 46
265 47
266 42
267 46
268 48
269 37
270 42
271 61
272 45
273 45
274 47
275 47
276 52
277 48
278 45
279 60
280 37
281 42
282 36
283 38
284 31
285 41
286 54
287 36
288 44
289 48
290 36
291 49
292 41
293 46
294 59
295 37
296 43
297 43
298 45
299 57
300 45
301 36
302 61
303 41
304 37
305 45
306 40
307 43
308 41
309 43
310 45
311 44
312 43
313 45
314 40
315 41
316 44
317 32
318 41
319 31
320 40
321 34
322 41
323 51
324 36
325 42
326 40
327 38
328 46
329 38
330 40
331 45
332 35
333 35
334 46
335 40
336 50
337 40
338 47
339 31
340 47
341 36
342 59
343 41
344 51
345 50
346 48
347 44
348 47
349 51
350 52
351 50
352 50
353 40
354 55
355 58
356 41
357 62
358 39
359 35
360 40
361 54
362 44
363 40
364 34
365 37
366 39
367 35
368 39
369 46
370 44
371 39
372 38
373 45
374 47
375 29
376 32
377 44
378 32
379 38
380 41
381 35
382 29
383 52
384 41
385 45
386 43
387 44
388 43
389 34
390 32
391 37
392 52
393 45
394 41
395 39
396 51
397 38
398 39
399 39
400 34
401 29
402 30
403 34
404 27
405 49
406 36
407 35
408 26
409 42
410 28
411 26
412 42
413 36
414 46
415 27
416 36
417 42
418 29
419 21
420 35
421 35
422 41
423 42
424 44
425 43
426 32
427 31
428 38
429 35
430 31
431 34
432 33
433 27
434 36
435 32
436 29
437 32
438 26
439 31
440 31
441 40
442 36
443 35
444 32
445 36
446 35
447 41
448 34
449 29
450 32
451 29
452 35
453 34
454 36
455 32
456 29
457 32
458 23
459 27
460 25
461 45
462 33
463 34
464 38
465 32
466 24
467 42
468 33
469 29
470 28
471 32
472 29
473 31
474 35
475 32
476 27
477 35
478 33
479 18
480 33
481 31
482 37
483 37
484 32
485 31
486 36
487 32
488 29
489 31
490 33
491 35
492 45
493 33
494 29
495 35
496 50
497 35
498 38
499 40
500 32
501 33
502 27
503 33
504 31
505 39
506 22
507 30
508 23
509 28
510 24
511 34
512 30
513 37
514 26
515 31
516 39
517 35
518 41
519 34
520 27
521 37
522 33
523 31
524 32
525 32
526 23
527 21
528 32
529 42
530 27
531 29
532 26
533 35
534 26
535 29
536 31
537 33
538 36
539 35
540 29
541 36
542 36
543 33
544 33
545 35
546 32
547 45
548 44
549 36
550 31
551 33
552 26
553 27
554 43
555 31
556 37
557 35
558 28
559 39
560 28
561 37
562 39
563 33
564 28
565 30
566 36
567 28
568 26
569 41
570 34
571 34
572 46
573 32
574 40
575 24
576 28
577 36
578 35
579 33
580 39
581 33
582 33
583 24
584 37
585 33
586 22
587 43
588 25
589 29
590 31
591 28
592 31
593 36
594 34
595 24
596 29
597 31
598 25
599 42
600 29
601 22
602 26
603 33
604 21
605 17
606 29
607 31
608 36
609 30
610 27
611 26
612 29
613 31
614 22
615 25
616 39
617 36
618 33
619 24
620 35
621 32
622 32
623 27
624 28
625 26
626 37
627 34
628 23
629 36
630 29
631 30
632 27
633 28
634 40
635 15
636 26
637 34
638 42
639 38
640 30
641 28
642 30
643 29
644 33
645 30
646 34
647 34
648 27
649 33
650 37
651 37
652 28
653 36
654 25
655 31
656 37
657 32
658 27
659 27
660 38
661 30
662 31
663 27
664 21
665 21
666 30
667 40
668 39
669 31
670 35
671 32
672 32
673 22
674 36
675 26
676 34
677 35
678 29
679 30
680 29
681 32
682 26
683 22
684 32
685 28
686 31
687 28
688 32
689 29
690 25
691 42
692 35
693 37
694 26
695 29
696 29
697 34
698 34
699 24
700 33
701 29
702 21
703 24
704 34
705 30
706 35
707 30
708 33
709 24
710 44
711 43
712 36
713 28
714 24
715 29
716 38
717 38
718 21
719 30
720 33
721 35
722 29
723 34
724 27
725 22
726 21
727 30
728 23
729 25
730 27
731 23
732 34
733 34
734 29
735 40
736 37
737 30
738 26
739 36
740 28
741 37
742 35
743 34
744 34
745 30
746 24
747 42
748 31
749 24
750 29
751 28
752 33
753 28
754 30
755 40
756 39
757 30
758 28
759 31
760 31
761 44
762 29
763 34
764 23
765 37
766 30
767 31
768 42
769 35
770 34
771 39
772 29
773 39
774 31
775 25
776 26
777 30
778 36
779 35
780 35
781 29
782 31
783 38
784 34
785 28
786 34
787 36
788 31
789 29
790 33
791 42
792 32
793 29
794 41
795 29
796 29
797 21
798 37
799 34
800 27
801 30
802 36
803 33
804 46
805 35
806 30
807 26
808 27
809 46
810 34
811 34
812 32
813 24
814 33
815 36
816 45
817 32
818 24
819 40
820 36
821 39
822 30
823 29
824 26
825 41
826 35
827 35
828 27
829 35
830 43
831 35
832 32
833 39
834 35
835 39
836 36
837 35
838 33
839 38
840 25
841 27
842 29
843 31
844 28
845 33
846 30
847 27
848 36
849 40
850 26
851 40
852 30
853 26
854 36
855 28
856 40
857 33
858 41
859 30
860 33
861 32
862 45
863 34
864 35
865 49
866 36
867 36
868 43
869 29
870 32
871 36
872 35
873 38
874 34
875 39
876 45
877 47
878 48
879 39
880 40
881 37
882 27
883 34
884 19
885 24
886 31
887 37
888 23
889 29
890 26
891 31
892 40
893 23
894 33
895 32
896 34
897 34
898 40
899 39
900 34
901 28
902 38
903 38
904 31
905 49
906 36
907 34
908 33
909 30
910 30
911 39
912 36
913 41
914 35
915 31
916 37
917 47
918 42
919 20
920 42
921 39
922 32
923 27
924 32
925 47
926 37
927 34
928 34
929 37
930 29
931 47
932 45
933 50
934 40
935 39
936 30
937 32
938 23
939 41
940 34
941 28
942 37
943 40
944 40
945 44
946 33
947 50
948 43
949 46
950 39
951 32
952 43
953 51
954 32
955 37
956 45
957 39
958 43
959 36
960 43
961 39
962 29
963 43
964 26
965 43
966 34
967 45
968 24
969 35
970 31
971 41
972 27
973 29
974 35
975 49
976 54
977 35
978 46
979 44
980 43
981 45
982 40
983 52
984 37
985 44
986 43
987 40
988 43
989 53
990 47
991 40
992 40
993 40
994 50
995 39
996 43
997 34
998 35
999 44
1000 39
1001 29
1002 41
1003 31
1004 44
1005 43
1006 42
1007 39
1008 44
1009 47
1010 46
1011 42
1012 27
1013 40
1014 33
1015 40
1016 43
1017 37
1018 41
1019 45
1020 63
1021 46
1022 49
1023 34
1024 36
1025 40
1026 36
1027 29
1028 45
1029 44
1030 47
1031 38
1032 43
1033 33
1034 34
1035 46
1036 31
1037 55
1038 35
1039 41
1040 49
1041 31
1042 34
1043 39
1044 38
1045 44
1046 46
1047 53
1048 49
1049 46
1050 57
1051 50
1052 52
1053 47
1054 53
1055 42
1056 54
1057 55
1058 32
1059 48
1060 54
1061 55
1062 61
1063 36
1064 52
1065 41
1066 57
1067 52
1068 53
1069 51
1070 58
1071 48
1072 63
1073 55
1074 39
1075 63
1076 49
1077 49
1078 56
1079 42
1080 65
1081 62
1082 53
1083 60
1084 56
1085 56
1086 53
1087 54
1088 51
1089 62
1090 57
1091 58
1092 71
1093 65
1094 48
1095 56
1096 59
1097 76
1098 67
1099 65
1100 73
1101 93
1102 62
1103 54
1104 59
1105 52
1106 58
1107 62
1108 60
1109 54
1110 55
1111 67
1112 66
1113 50
1114 68
1115 70
1116 81
1117 78
1118 62
1119 75
1120 59
1121 73
1122 72
1123 85
1124 76
1125 76
1126 74
1127 69
1128 74
1129 69
1130 69
1131 72
1132 75
1133 64
1134 67
1135 65
1136 82
1137 72
1138 93
1139 69
1140 77
1141 75
1142 70
1143 66
1144 61
1145 91
1146 60
1147 73
1148 69
1149 67
1150 78
1151 77
1152 61
1153 74
1154 84
1155 82
1156 75
1157 85
1158 73
1159 73
1160 79
1161 69
1162 88
1163 85
1164 67
1165 65
1166 73
1167 64
1168 67
1169 81
1170 79
1171 79
1172 83
1173 64
1174 63
1175 64
1176 63
1177 67
1178 88
1179 71
1180 81
1181 65
1182 51
1183 75
1184 83
1185 79
1186 66
1187 82
1188 65
1189 75
1190 72
1191 76
1192 67
1193 70
1194 79
1195 66
1196 78
1197 85
1198 54
1199 70
1200 63
1201 60
1202 74
1203 76
1204 56
1205 70
1206 70
1207 61
1208 73
1209 76
1210 82
1211 67
1212 71
1213 69
1214 72
1215 74
1216 85
1217 50
1218 60
1219 71
1220 67
1221 70
1222 71
1223 66
1224 74
1225 85
1226 80
1227 80
1228 83
1229 92
1230 82
1231 72
1232 72
1233 81
1234 72
1235 90
1236 91
1237 88
1238 102
1239 79
1240 74
1241 101
1242 84
1243 96
1244 88
1245 104
1246 94
1247 105
1248 98
1249 71
1250 90
1251 94
1252 91
1253 100
1254 90
1255 96
1256 111
1257 98
1258 98
1259 110
1260 81
1261 115
1262 101
1263 112
1264 94
1265 104
1266 108
1267 107
1268 110
1269 115
1270 107
1271 102
1272 106
1273 117
1274 115
1275 110
1276 133
1277 97
1278 106
1279 113
1280 101
1281 115
1282 122
1283 124
1284 113
1285 99
1286 117
1287 123
1288 120
1289 126
1290 110
1291 125
1292 116
1293 96
1294 104
1295 109
1296 124
1297 105
1298 125
1299 103
1300 90
1301 100
1302 111
1303 122
1304 89
1305 106
1306 108
1307 128
1308 117
1309 120
1310 107
1311 109
1312 97
1313 96
1314 104
1315 118
1316 101
1317 89
1318 114
1319 112
1320 108
1321 115
1322 100
1323 110
1324 117
1325 106
1326 120
1327 103
1328 88
1329 103
1330 109
1331 115
1332 110
1333 116
1334 84
1335 101
1336 99
1337 108
1338 120
1339 90
1340 97
1341 106
1342 94
1343 93
1344 76
1345 89
1346 77
1347 89
1348 91
1349 89
1350 96
1351 93
1352 83
1353 83
1354 78
1355 89
1356 75
1357 81
1358 83
1359 66
1360 83
1361 78
1362 81
1363 68
1364 81
1365 70
1366 78
1367 80
1368 63
1369 87
1370 69
1371 63
1372 77
1373 68
1374 65
1375 68
1376 66
1377 60
1378 75
1379 66
1380 75
1381 70
1382 60
1383 91
1384 73
1385 65
1386 70
1387 89
1388 80
1389 66
1390 72
1391 61
1392 75
1393 79
1394 82
1395 67
1396 81
1397 70
1398 62
1399 81
1400 79
1401 70
1402 86
1403 102
1404 69
1405 108
1406 82
1407 94
1408 95
1409 88
1410 104
1411 85
1412 90
1413 87
1414 98
1415 93
1416 90
1417 97
1418 95
1419 104
1420 103
1421 92
1422 97
1423 94
1424 106
1425 97
1426 92
1427 93
1428 110
1429 108
1430 91
1431 120
1432 103
1433 104
1434 116
1435 109
1436 112
1437 121
1438 110
1439 98
1440 100
1441 95
1442 104
1443 114
1444 124
1445 116
1446 126
1447 125
1448 104
1449 130
1450 114
1451 122
1452 119
1453 118
1454 122
1455 125
1456 126
1457 134
1458 131
1459 129
1460 117
1461 110
1462 112
1463 110
1464 110
1465 124
1466 126
1467 121
1468 132
1469 125
1470 105
1471 100
1472 137
1473 135
1474 116
1475 120
1476 139
1477 116
1478 107
1479 115
1480 100
1481 103
1482 118
1483 104
1484 134
1485 98
1486 121
1487 100
1488 104
1489 97
1490 105
1491 122
1492 89
1493 86
1494 88
1495 89
1496 91
1497 96
1498 99
1499 90
1500 91
1501 70
1502 69
1503 91
1504 82
1505 79
1506 73
1507 79
1508 74
1509 86
1510 64
1511 72
1512 61
1513 55
1514 72
1515 67
1516 53
1517 55
1518 67
1519 59
1520 54
1521 53
1522 47
1523 50
1524 46
1525 57
1526 52
1527 44
1528 50
1529 48
1530 45
1531 32
1532 38
1533 36
1534 39
1535 29
1536 39
1537 35
1538 36
1539 45
1540 36
1541 29
1542 27
1543 26
1544 26
1545 30
1546 36
1547 25
1548 27
1549 30
1550 20
1551 17
1552 24
1553 15
1554 23
1555 19
1556 30
1557 23
1558 27
1559 20
1560 21
1561 15
1562 16
1563 27
1564 30
1565 27
1566 22
1567 31
1568 23
1569 32
1570 15
1571 23
1572 21
1573 32
1574 26
1575 26
1576 19
1577 19
1578 23
1579 22
1580 22
1581 18
1582 33
1583 16
1584 24
1585 29
1586 35
1587 18
1588 32
1589 21
1590 25
1591 27
1592 24
1593 22
1594 23
1595 19
1596 21
1597 33
1598 24
1599 24
1600 31
1601 23
1602 28
1603 31
1604 33
1605 27
1606 30
1607 25
1608 27
1609 39
1610 22
1611 38
1612 46
1613 31
1614 28
1615 32
1616 26
1617 29
1618 34
1619 31
1620 31
1621 33
1622 31
1623 30
1624 35
1625 37
1626 32
1627 33
1628 28
1629 36
1630 32
1631 33
1632 34
1633 31
1634 34
1635 30
1636 31
1637 26
1638 35
1639 28
1640 20
1641 29
1642 37
1643 34
1644 30
1645 31
1646 21
1647 31
1648 34
1649 21
1650 27
1651 25
1652 20
1653 23
1654 29
1655 25
1656 17
1657 12
1658 14
1659 24
1660 18
1661 22
1662 17
1663 8
1664 18
1665 18
1666 17
1667 13
1668 12
1669 16
1670 12
1671 15
1672 15
1673 21
1674 10
1675 8
1676 12
1677 11
1678 10
1679 9
1680 14
1681 8
1682 7
1683 9
1684 10
1685 13
1686 8
1687 11
1688 3
1689 9
1690 4
1691 3
1692 5
1693 1
1694 7
1695 4
1696 7
1697 2
1698 3
1699 3
1700 4
1701 3
1702 5
1703 5
1704 3
1705 5
1706 7
1707 3
1708 6
1709 7
1710 4
1711 3
1712 6
1713 5
1714 3
1715 1
1716 2
1717 1
1718 1
1719 2
1720 2
1721 1
1722 0
1723 1
1724 0
1725 2
1726 3
1727 1
1728 2
1729 4
1730 0
1731 2
1732 2
1733 2
1734 0
1735 2
1736 1
1737 0
1738 0
1739 0
1740 0
1741 0
1742 1
1743 1
1744 0
1745 2
1746 0
1747 1
1748 0
1749 2
1750 1
1751 2
1752 1
1753 0
1754 1
1755 0
1756 0
1757 1
1758 2
1759 0
1760 1
1761 1
1762 0
1763 0
1764 0
1765 0
1766 0
1767 0
1768 0
1769 2
1770 3
1771 1
1772 0
1773 3
1774 0
1775 0
1776 2
1777 1
1778 0
1779 1
1780 0
1781 0
1782 0
1783 2
1784 2
1785 2
1786 2
1787 0
1788 0
1789 0
1790 0
1791 1
1792 4
1793 3
1794 1
1795 1
1796 1
1797 0
1798 1
1799 3
1800 0
1801 2
1802 2
1803 1
1804 1
1805 2
1806 0
1807 1
1808 0
1809 1
1810 1
1811 1
1812 0
1813 0
1814 1
1815 1
1816 0
1817 0
1818 1
1819 1
1820 0
1821 3
1822 1
1823 2
1824 2
1825 1
1826 0
1827 0
1828 1
1829 0
1830 0
1831 1
1832 1
1833 3
1834 0
1835 2
1836 0
1837 3
1838 1
1839 1
1840 1
1841 0
1842 1
1843 1
1844 1
1845 0
1846 0
1847 1
1848 1
1849 1
1850 2
1851 1
1852 0
1853 0
1854 1
1855 0
1856 0
1857 1
1858 1
1859 3
1860 2
1861 2
1862 1
1863 1
1864 0
1865 2
1866 0
1867 3
1868 0
1869 1
1870 2
1871 0
1872 1
1873 1
1874 0
1875 2
1876 1
1877 0
1878 0
1879 2
1880 2
1881 3
1882 0
1883 0
1884 0
1885 0
1886 3
1887 1
1888 2
1889 1
1890 1
1891 2
1892 1
1893 3
1894 1
1895 1
1896 0
1897 0
1898 1
1899 2
1900 1
1901 0
1902 0
1903 3
1904 2
1905 4
1906 1
1907 2
1908 0
1909 2
1910 1
1911 3
1912 1
1913 2
1914 0
1915 1
1916 2
1917 3
1918 2
1919 0
1920 2
1921 2
1922 1
1923 1
1924 1
1925 0
1926 1
1927 1
1928 1
1929 0
1930 2
1931 0
1932 0
1933 0
1934 1
1935 2
1936 1
1937 1
1938 1
1939 1
1940 0
1941 1
1942 0
1943 0
1944 3
1945 1
1946 0
1947 3
1948 0
1949 1
1950 1
1951 1
1952 1
1953 0
1954 2
1955 0
1956 1
1957 0
1958 1
1959 1
1960 1
1961 0
1962 1
1963 4
1964 1
1965 1
1966 1
1967 2
1968 0
1969 0
1970 1
1971 0
1972 2
1973 1
1974 0
1975 1
1976 1
1977 1
1978 0
1979 0
1980 1
1981 1
1982 0
1983 0
1984 1
1985 1
1986 0
1987 1
1988 1
1989 0
1990 1
1991 1
1992 4
1993 2
1994 1
1995 0
1996 2
1997 2
1998 1
1999 0
2000 2
2001 0
2002 0
2003 1
2004 0
2005 0
2006 1
2007 0
2008 2
2009 2
2010 0
2011 0
2012 0
2013 1
2014 0
2015 1
2016 3
2017 0
2018 0
2019 1
2020 2
2021 1
2022 1
2023 2
2024 2
2025 0
2026 3
2027 1
2028 0
2029 1
2030 1
2031 0
2032 1
2033 0
2034 0
2035 0
2036 0
2037 0
2038 0
2039 0
2040 0
2041 0
2042 0
2043 0
2044 0
2045 0
2046 0
2047 0
