# Dead time factor = 1.00000
0 0
1 0
2 0
3 0
4 0
5 0
6 0
7 0
8 0
9 0
10 0
11 0
12 0
13 0
14 0
15 0
16 0
17 0
18 0
19 0
20 0
21 6
22 7
23 11
24 16
25 14
26 17
27 7
28 11
29 12
30 17
31 16
32 15
33 16
34 22
35 24
36 19
37 34
38 26
39 27
40 23
41 18
42 20
43 24
44 22
45 26
46 41
47 62
48 83
49 92
50 126
51 146
52 113
53 100
54 78
55 66
56 43
57 40
58 23
59 21
60 13
61 9
62 9
63 5
64 14
65 3
66 9
67 9
68 11
69 11
70 10
71 12
72 2
73 4
74 6
75 8
76 2
77 5
78 7
79 4
80 5
81 5
82 6
83 11
84 5
85 7
86 4
87 3
88 6
89 7
90 4
91 7
92 8
93 10
94 4
95 4
96 4
97 8
98 3
99 3
100 5
101 4
102 6
103 0
104 4
105 1
106 6
107 4
108 7
109 4
110 2
111 2
112 4
113 6
114 3
115 4
116 5
117 3
118 5
119 6
120 6
121 2
122 3
123 4
124 5
125 4
126 0
127 3
128 3
129 0
130 3
131 2
132 4
133 4
134 2
135 5
136 4
137 5
138 1
139 1
140 3
141 6
142 5
143 2
144 4
145 1
146 2
147 2
148 2
149 3
150 3
151 3
152 4
153 5
154 4
155 3
156 5
157 2
158 1
159 7
160 2
161 6
162 5
163 2
164 4
165 2
166 6
167 5
168 4
169 3
170 2
171 2
172 5
173 6
174 12
175 3
176 5
177 2
178 3
179 5
180 3
181 5
182 4
183 2
184 5
185 2
186 4
187 2
188 3
189 1
190 1
191 3
192 4
193 2
194 3
195 3
196 1
197 1
198 1
199 1
200 1
201 3
202 0
203 2
204 1
205 0
206 0
207 2
208 3
209 1
210 3
211 1
212 1
213 3
214 2
215 0
216 1
217 3
218 2
219 1
220 1
221 1
222 1
223 2
224 2
225 3
226 1
227 1
228 2
229 2
230 0
231 2
232 3
233 1
234 4
235 0
236 3
237 1
238 2
239 0
240 4
241 2
242 3
243 2
244 1
245 1
246 2
247 2
248 4
249 3
250 3
251 2
252 4
253 3
254 3
255 5
256 3
257 0
258 0
259 3
260 2
261 2
262 4
263 2
264 0
265 3
266 1
267 0
268 2
269 6
270 2
271 2
272 1
273 2
274 1
275 0
276 1
277 1
278 2
279 2
280 2
281 1
282 2
283 3
284 4
285 2
286 1
287 0
288 0
289 1
290 4
291 1
292 2
293 1
294 3
295 1
296 2
297 3
298 3
299 0
300 1
301 1
302 0
303 0
304 0
305 0
306 1
307 1
308 1
309 2
310 2
311 0
312 1
313 5
314 1
315 4
316 2
317 3
318 2
319 5
320 1
321 3
322 4
323 2
324 3
325 4
326 2
327 0
328 3
329 2
330 2
331 3
332 1
333 2
334 1
335 3
336 2
337 2
338 2
339 1
340 4
341 1
342 2
343 1
344 0
345 0
346 3
347 2
348 2
349 1
350 1
351 4
352 2
353 0
354 2
355 1
356 2
357 2
358 2
359 1
360 0
361 3
362 2
363 2
364 1
365 1
366 0
367 1
368 0
369 0
370 2
371 2
372 3
373 1
374 1
375 1
376 3
377 2
378 3
379 2
380 0
381 2
382 2
383 2
384 2
385 2
386 1
387 0
388 1
389 1
390 0
391 0
392 2
393 1
394 4
395 1
396 0
397 1
398 0
399 0
400 1
401 1
402 1
403 1
404 1
405 4
406 0
407 1
408 4
409 2
410 0
411 0
412 1
413 3
414 0
415 3
416 3
417 2
418 1
419 2
420 0
421 1
422 2
423 2
424 2
425 1
426 0
427 1
428 1
429 2
430 1
431 1
432 1
433 1
434 4
435 0
436 3
437 0
438 2
439 1
440 3
441 1
442 0
443 1
444 0
445 2
446 1
447 0
448 0
449 1
450 3
451 2
452 2
453 2
454 2
455 1
456 1
457 1
458 2
459 1
460 4
461 2
462 0
463 2
464 2
465 2
466 1
467 1
468 1
469 0
470 1
471 0
472 0
473 3
474 2
475 0
476 2
477 2
478 2
479 0
480 1
481 1
482 0
483 0
484 0
485 2
486 0
487 1
488 1
489 1
490 0
491 0
492 0
493 2
494 1
495 0
496 1
497 0
498 1
499 2
500 2
501 2
502 1
503 1
504 1
505 1
506 0
507 0
508 5
509 3
510 3
511 2
512 0
513 0
514 4
515 3
516 0
517 0
518 2
519 1
520 0
521 3
522 0
523 1
524 0
525 2
526 2
527 0
528 2
529 2
530 0
531 1
532 3
533 1
534 0
535 1
536 1
537 0
538 0
539 0
540 2
541 1
542 1
543 2
544 0
545 6
546 3
547 1
548 3
549 0
550 0
551 2
552 2
553 5
554 1
555 0
556 1
557 2
558 1
559 1
560 1
561 2
562 1
563 2
564 0
565 1
566 1
567 0
568 1
569 0
570 3
571 2
572 0
573 1
574 0
575 1
576 2
577 2
578 1
579 2
580 2
581 2
582 0
583 1
584 1
585 1
586 1
587 2
588 1
589 0
590 0
591 1
592 0
593 1
594 3
595 1
596 1
597 2
598 2
599 1
600 0
601 2
602 1
603 0
604 1
605 3
606 1
607 1
608 3
609 0
610 3
611 3
612 0
613 1
614 4
615 2
616 1
617 0
618 0
619 4
620 0
621 3
622 1
623 2
624 2
625 1
626 1
627 1
628 0
629 5
630 0
631 1
632 1
633 2
634 0
635 3
636 1
637 0
638 1
639 2
640 2
641 1
642 0
643 1
644 1
645 1
646 1
647 1
648 1
649 2
650 3
651 1
652 1
653 0
654 2
655 2
656 1
657 1
658 1
659 7
660 1
661 1
662 2
663 3
664 4
665 2
666 1
667 1
668 3
669 0
670 0
671 1
672 1
673 1
674 0
675 2
676 1
677 2
678 0
679 0
680 4
681 0
682 2
683 0
684 0
685 2
686 0
687 3
688 3
689 3
690 0
691 2
692 0
693 1
694 1
695 2
696 2
697 0
698 2
699 1
700 1
701 2
702 2
703 2
704 1
705 0
706 0
707 1
708 4
709 1
710 2
711 3
712 1
713 3
714 3
715 2
716 3
717 2
718 3
719 2
720 1
721 1
722 1
723 2
724 2
725 2
726 1
727 2
728 2
729 3
730 0
731 4
732 4
733 0
734 2
735 1
736 2
737 2
738 1
739 4
740 0
741 0
742 0
743 1
744 0
745 1
746 0
747 2
748 2
749 0
750 2
751 2
752 3
753 1
754 0
755 0
756 1
757 1
758 2
759 1
760 1
761 2
762 1
763 2
764 1
765 1
766 1
767 1
768 3
769 3
770 2
771 2
772 1
773 3
774 1
775 2
776 1
777 0
778 2
779 0
780 0
781 0
782 0
783 0
784 1
785 1
786 0
787 1
788 1
789 2
790 2
791 5
792 1
793 0
794 1
795 2
796 0
797 2
798 0
799 0
800 0
801 0
802 1
803 3
804 1
805 0
806 3
807 0
808 0
809 0
810 0
811 2
812 1
813 0
814 3
815 1
816 1
817 3
818 2
819 1
820 2
821 1
822 1
823 1
824 1
825 2
826 0
827 1
828 0
829 3
830 1
831 2
832 0
833 4
834 1
835 0
836 3
837 1
838 0
839 0
840 0
841 1
842 1
843 2
844 4
845 0
846 0
847 1
848 0
849 0
850 1
851 0
852 0
853 0
854 0
855 3
856 0
857 0
858 0
859 1
860 3
861 3
862 1
863 0
864 2
865 0
866 1
867 4
868 2
869 0
870 0
871 1
872 1
873 0
874 0
875 0
876 0
877 1
878 2
879 2
880 1
881 2
882 0
883 1
884 3
885 1
886 2
887 2
888 3
889 3
890 1
891 3
892 0
893 0
894 2
895 1
896 2
897 1
898 1
899 3
900 0
901 1
902 1
903 1
904 3
905 1
906 1
907 3
908 1
909 1
910 2
911 0
912 0
913 1
914 1
915 3
916 1
917 1
918 2
919 2
920 1
921 1
922 1
923 2
924 0
925 1
926 0
927 1
928 1
929 1
930 0
931 3
932 0
933 1
934 2
935 1
936 3
937 1
938 2
939 2
940 1
941 3
942 1
943 1
944 0
945 0
946 2
947 0
948 2
949 1
950 0
951 2
952 2
953 2
954 2
955 0
956 0
957 0
958 1
959 2
960 2
961 0
962 2
963 2
964 1
965 1
966 0
967 0
968 4
969 1
970 0
971 0
972 1
973 4
974 2
975 2
976 1
977 2
978 2
979 2
980 1
981 2
982 1
983 2
984 2
985 0
986 2
987 1
988 5
989 0
990 1
991 4
992 0
993 1
994 1
995 1
996 1
997 1
998 1
999 0
1000 3
1001 2
1002 3
1003 1
1004 0
1005 2
1006 3
1007 3
1008 1
1009 1
1010 0
1011 1
1012 3
1013 2
1014 1
1015 4
1016 0
1017 1
1018 0
1019 4
1020 2
1021 0
1022 2
1023 0
1024 1
1025 1
1026 4
1027 2
1028 2
1029 3
1030 0
1031 1
1032 1
1033 1
1034 1
1035 3
1036 1
1037 1
1038 0
1039 7
1040 1
1041 0
1042 4
1043 1
1044 1
1045 3
1046 1
1047 1
1048 2
1049 3
1050 0
1051 4
1052 2
1053 1
1054 2
1055 2
1056 1
1057 0
1058 2
1059 3
1060 2
1061 3
1062 1
1063 2
1064 5
1065 0
1066 2
1067 3
1068 2
1069 4
1070 1
1071 4
1072 1
1073 2
1074 1
1075 3
1076 2
1077 4
1078 1
1079 3
1080 7
1081 3
1082 3
1083 1
1084 4
1085 4
1086 3
1087 1
1088 0
1089 1
1090 3
1091 2
1092 3
1093 3
1094 1
1095 3
1096 2
1097 5
1098 3
1099 4
1100 1
1101 3
1102 1
1103 5
1104 4
1105 0
1106 6
1107 1
1108 7
1109 4
1110 1
1111 1
1112 4
1113 2
1114 3
1115 2
1116 2
1117 1
1118 1
1119 0
1120 4
1121 5
1122 2
1123 2
1124 2
1125 3
1126 2
1127 5
1128 2
1129 7
1130 0
1131 0
1132 5
1133 5
1134 1
1135 3
1136 2
1137 5
1138 2
1139 2
1140 1
1141 0
1142 4
1143 4
1144 3
1145 2
1146 2
1147 2
1148 5
1149 2
1150 2
1151 2
1152 2
1153 2
1154 3
1155 3
1156 1
1157 5
1158 1
1159 2
1160 2
1161 5
1162 1
1163 1
1164 3
1165 1
1166 8
1167 2
1168 3
1169 6
1170 4
1171 5
1172 3
1173 5
1174 0
1175 6
1176 3
1177 2
1178 1
1179 2
1180 1
1181 6
1182 4
1183 2
1184 3
1185 4
1186 1
1187 4
1188 2
1189 1
1190 1
1191 2
1192 3
1193 2
1194 3
1195 5
1196 4
1197 5
1198 3
1199 2
1200 3
1201 6
1202 2
1203 0
1204 1
1205 2
1206 2
1207 5
1208 0
1209 4
1210 2
1211 2
1212 1
1213 4
1214 2
1215 5
1216 3
1217 2
1218 4
1219 3
1220 3
1221 3
1222 4
1223 4
1224 7
1225 3
1226 2
1227 4
1228 4
1229 7
1230 2
1231 3
1232 4
1233 4
1234 4
1235 4
1236 5
1237 2
1238 3
1239 2
1240 3
1241 1
1242 9
1243 2
1244 3
1245 6
1246 9
1247 3
1248 3
1249 3
1250 0
1251 6
1252 5
1253 5
1254 3
1255 4
1256 8
1257 5
1258 2
1259 6
1260 5
1261 3
1262 3
1263 5
1264 3
1265 5
1266 5
1267 6
1268 5
1269 4
1270 3
1271 4
1272 8
1273 3
1274 3
1275 5
1276 4
1277 9
1278 3
1279 3
1280 6
1281 4
1282 6
1283 1
1284 3
1285 2
1286 5
1287 5
1288 6
1289 7
1290 4
1291 7
1292 9
1293 3
1294 3
1295 4
1296 5
1297 8
1298 6
1299 5
1300 3
1301 4
1302 5
1303 4
1304 7
1305 0
1306 4
1307 3
1308 3
1309 3
1310 5
1311 6
1312 7
1313 5
1314 5
1315 5
1316 6
1317 6
1318 6
1319 4
1320 4
1321 4
1322 5
1323 4
1324 4
1325 5
1326 6
1327 3
1328 4
1329 5
1330 1
1331 4
1332 5
1333 0
1334 3
1335 2
1336 5
1337 5
1338 2
1339 1
1340 0
1341 3
1342 3
1343 3
1344 3
1345 5
1346 4
1347 3
1348 5
1349 4
1350 3
1351 4
1352 2
1353 1
1354 1
1355 2
1356 6
1357 5
1358 5
1359 3
1360 3
1361 4
1362 4
1363 1
1364 3
1365 2
1366 3
1367 2
1368 0
1369 3
1370 1
1371 3
1372 3
1373 4
1374 0
1375 2
1376 3
1377 2
1378 1
1379 1
1380 3
1381 6
1382 5
1383 4
1384 1
1385 3
1386 1
1387 2
1388 2
1389 3
1390 2
1391 3
1392 4
1393 0
1394 5
1395 2
1396 2
1397 4
1398 2
1399 5
1400 1
1401 1
1402 2
1403 3
1404 7
1405 10
1406 3
1407 6
1408 5
1409 2
1410 2
1411 2
1412 4
1413 3
1414 3
1415 3
1416 5
1417 2
1418 2
1419 8
1420 5
1421 3
1422 5
1423 5
1424 6
1425 6
1426 3
1427 1
1428 4
1429 6
1430 4
1431 4
1432 6
1433 5
1434 7
1435 5
1436 2
1437 5
1438 3
1439 0
1440 5
1441 2
1442 5
1443 3
1444 8
1445 8
1446 6
1447 5
1448 1
1449 10
1450 3
1451 1
1452 6
1453 8
1454 5
1455 4
1456 3
1457 5
1458 1
1459 6
1460 4
1461 5
1462 0
1463 6
1464 5
1465 10
1466 5
1467 2
1468 3
1469 6
1470 1
1471 2
1472 4
1473 2
1474 1
1475 6
1476 3
1477 4
1478 3
1479 3
1480 3
1481 3
1482 2
1483 2
1484 3
1485 4
1486 3
1487 5
1488 7
1489 6
1490 5
1491 6
1492 5
1493 1
1494 2
1495 3
1496 4
1497 6
1498 1
1499 2
1500 2
1501 0
1502 2
1503 1
1504 0
1505 2
1506 1
1507 2
1508 1
1509 3
1510 2
1511 1
1512 3
1513 1
1514 2
1515 2
1516 0
1517 1
1518 3
1519 2
1520 2
1521 2
1522 2
1523 3
1524 0
1525 2
1526 0
1527 1
1528 2
1529 1
1530 0
1531 1
1532 1
1533 0
1534 0
1535 2
1536 1
1537 0
1538 1
1539 1
1540 0
1541 0
1542 3
1543 1
1544 2
1545 2
1546 2
1547 2
1548 1
1549 0
1550 0
1551 1
1552 1
1553 1
1554 0
1555 0
1556 1
1557 0
1558 3
1559 0
1560 0
1561 4
1562 1
1563 0
1564 0
1565 1
1566 0
1567 0
1568 1
1569 0
1570 1
1571 1
1572 1
1573 1
1574 1
1575 0
1576 0
1577 3
1578 1
1579 0
1580 1
1581 0
1582 0
1583 1
1584 3
1585 0
1586 4
1587 1
1588 1
1589 0
1590 2
1591 1
1592 1
1593 1
1594 3
1595 0
1596 0
1597 1
1598 1
1599 2
1600 0
1601 1
1602 1
1603 0
1604 1
1605 0
1606 1
1607 1
1608 0
1609 1
1610 1
1611 0
1612 2
1613 0
1614 1
1615 0
1616 0
1617 4
1618 1
1619 1
1620 1
1621 3
1622 1
1623 1
1624 1
1625 1
1626 3
1627 1
1628 0
1629 2
1630 2
1631 0
1632 1
1633 1
1634 0
1635 1
1636 1
1637 2
1638 0
1639 1
1640 1
1641 1
1642 1
1643 0
1644 0
1645 0
1646 0
1647 1
1648 1
1649 3
1650 0
1651 0
1652 0
1653 1
1654 0
1655 0
1656 0
1657 0
1658 1
1659 0
1660 1
1661 0
1662 0
1663 0
1664 0
1665 0
1666 0
1667 0
1668 0
1669 0
1670 0
1671 0
1672 1
1673 0
1674 0
1675 1
1676 1
1677 1
1678 0
1679 2
1680 0
1681 0
1682 1
1683 0
1684 0
1685 0
1686 0
1687 0
1688 0
1689 0
1690 1
1691 0
1692 0
1693 0
1694 0
1695 0
1696 0
1697 0
1698 0
1699 0
1700 0
1701 0
1702 0
1703 0
1704 0
1705 0
1706 1
1707 0
1708 0
1709 1
1710 0
1711 1
1712 0
1713 0
1714 0
1715 0
1716 0
1717 0
1718 0
1719 0
1720 0
1721 0
1722 0
1723 0
1724 0
1725 0
1726 0
1727 0
1728 0
1729 0
1730 0
1731 0
1732 0
1733 1
1734 1
1735 0
1736 0
1737 0
1738 0
1739 0
1740 0
1741 0
1742 0
1743 0
1744 0
1745 1
1746 0
1747 0
1748 0
1749 0
1750 0
1751 0
1752 0
1753 1
1754 0
1755 0
1756 0
1757 0
1758 0
1759 1
1760 0
1761 0
1762 0
1763 1
1764 1
1765 0
1766 0
1767 0
1768 0
1769 0
1770 0
1771 0
1772 0
1773 0
1774 0
1775 0
1776 0
1777 0
1778 0
1779 0
1780 0
1781 0
1782 0
1783 0
1784 0
1785 0
1786 1
1787 0
1788 0
1789 1
1790 0
1791 0
1792 1
1793 0
1794 0
1795 0
1796 0
1797 0
1798 0
1799 0
1800 0
1801 0
1802 0
1803 0
1804 0
1805 0
1806 0
1807 1
1808 0
1809 0
1810 0
1811 0
1812 0
1813 0
1814 0
1815 0
1816 0
1817 0
1818 1
1819 0
1820 0
1821 0
1822 0
1823 0
1824 1
1825 0
1826 0
1827 0
1828 0
1829 0
1830 0
1831 1
1832 0
1833 0
1834 0
1835 1
1836 0
1837 0
1838 0
1839 0
1840 0
1841 0
1842 0
1843 1
1844 0
1845 1
1846 1
1847 0
1848 0
1849 1
1850 0
1851 0
1852 0
1853 0
1854 0
1855 0
1856 0
1857 0
1858 0
1859 0
1860 0
1861 0
1862 0
1863 0
1864 0
1865 0
1866 0
1867 0
1868 0
1869 0
1870 1
1871 0
1872 0
1873 0
1874 0
1875 1
1876 0
1877 0
1878 0
1879 0
1880 1
1881 0
1882 0
1883 0
1884 1
1885 1
1886 0
1887 0
1888 0
1889 1
1890 0
1891 0
1892 0
1893 0
1894 0
1895 1
1896 0
1897 0
1898 0
1899 0
1900 0
1901 1
1902 0
1903 0
1904 0
1905 0
1906 0
1907 0
1908 0
1909 0
1910 0
1911 0
1912 0
1913 0
1914 0
1915 0
1916 0
1917 0
1918 0
1919 0
1920 1
1921 0
1922 0
1923 0
1924 0
1925 0
1926 0
1927 0
1928 0
1929 0
1930 0
1931 0
1932 0
1933 0
1934 0
1935 0
1936 0
1937 0
1938 0
1939 0
1940 0
1941 0
1942 0
1943 1
1944 0
1945 0
1946 1
1947 0
1948 0
1949 0
1950 0
1951 0
1952 0
1953 0
1954 0
1955 0
1956 0
1957 0
1958 0
1959 0
1960 0
1961 1
1962 0
1963 0
1964 0
1965 0
1966 0
1967 1
1968 0
1969 0
1970 1
1971 0
1972 0
1973 0
1974 0
1975 0
1976 0
1977 0
1978 0
1979 0
1980 0
1981 0
1982 0
1983 0
1984 0
1985 0
1986 0
1987 1
1988 0
1989 0
1990 0
1991 0
1992 0
1993 0
1994 1
1995 0
1996 0
1997 1
1998 0
1999 0
2000 1
2001 0
2002 0
2003 0
2004 1
2005 0
2006 0
2007 0
2008 0
2009 0
2010 0
2011 0
2012 0
2013 0
2014 0
2015 1
2016 0
2017 0
2018 0
2019 0
2020 0
2021 0
2022 0
2023 0
2024 0
2025 0
2026 0
2027 0
2028 0
2029 0
2030 0
2031 0
2032 0
2033 0
2034 0
2035 0
2036 0
2037 0
2038 0
2039 0
2040 0
2041 0
2042 0
2043 0
2044 0
2045 0
2046 0
2047 0
