# Dead time factor = 1.00000
0 0
1 0
2 0
3 0
4 0
5 0
6 0
7 0
8 0
9 0
10 0
11 0
12 0
13 0
14 0
15 0
16 0
17 0
18 0
19 0
20 0
21 4
22 9
23 10
24 4
25 12
26 10
27 11
28 8
29 10
30 10
31 14
32 21
33 13
34 19
35 19
36 14
37 32
38 15
39 20
40 22
41 28
42 19
43 17
44 19
45 35
46 39
47 46
48 64
49 107
50 113
51 133
52 113
53 104
54 81
55 46
56 47
57 40
58 40
59 19
60 14
61 15
62 8
63 11
64 9
65 4
66 11
67 5
68 7
69 4
70 5
71 6
72 4
73 2
74 2
75 4
76 2
77 2
78 1
79 3
80 4
81 1
82 2
83 3
84 4
85 3
86 7
87 0
88 4
89 2
90 1
91 4
92 5
93 4
94 5
95 0
96 2
97 5
98 1
99 7
100 2
101 3
102 3
103 2
104 2
105 2
106 0
107 3
108 0
109 0
110 2
111 4
112 1
113 1
114 3
115 2
116 0
117 1
118 2
119 0
120 3
121 2
122 0
123 1
124 4
125 1
126 1
127 3
128 2
129 2
130 0
131 1
132 3
133 2
134 1
135 2
136 1
137 3
138 1
139 0
140 3
141 1
142 0
143 1
144 2
145 1
146 1
147 1
148 1
149 2
150 1
151 1
152 4
153 1
154 1
155 2
156 0
157 0
158 0
159 0
160 1
161 4
162 5
163 2
164 1
165 1
166 3
167 1
168 3
169 0
170 1
171 2
172 4
173 1
174 3
175 2
176 1
177 2
178 8
179 1
180 1
181 1
182 2
183 3
184 1
185 0
186 0
187 6
188 2
189 0
190 3
191 0
192 2
193 2
194 3
195 2
196 2
197 1
198 1
199 1
200 2
201 1
202 0
203 2
204 0
205 1
206 3
207 0
208 1
209 0
210 0
211 0
212 1
213 2
214 0
215 1
216 3
217 0
218 1
219 0
220 2
221 1
222 2
223 1
224 1
225 1
226 1
227 0
228 0
229 2
230 1
231 1
232 0
233 0
234 1
235 0
236 0
237 2
238 0
239 1
240 0
241 2
242 0
243 2
244 1
245 0
246 0
247 4
248 1
249 2
250 1
251 0
252 3
253 2
254 4
255 0
256 1
257 1
258 1
259 1
260 0
261 1
262 1
263 0
264 1
265 1
266 0
267 0
268 0
269 1
270 0
271 0
272 0
273 1
274 1
275 0
276 2
277 4
278 1
279 1
280 2
281 0
282 1
283 1
284 3
285 0
286 2
287 0
288 0
289 1
290 1
291 2
292 0
293 0
294 2
295 0
296 0
297 2
298 0
299 0
300 1
301 0
302 0
303 1
304 0
305 0
306 0
307 2
308 1
309 1
310 0
311 0
312 0
313 0
314 1
315 1
316 0
317 0
318 0
319 1
320 1
321 0
322 0
323 0
324 1
325 1
326 2
327 0
328 1
329 1
330 1
331 0
332 0
333 1
334 1
335 0
336 0
337 1
338 1
339 1
340 0
341 3
342 0
343 3
344 0
345 0
346 2
347 0
348 1
349 3
350 1
351 1
352 3
353 0
354 0
355 3
356 2
357 0
358 0
359 1
360 0
361 0
362 0
363 1
364 3
365 1
366 0
367 0
368 0
369 0
370 2
371 0
372 0
373 0
374 1
375 0
376 1
377 1
378 1
379 1
380 0
381 1
382 0
383 0
384 0
385 1
386 1
387 0
388 1
389 1
390 0
391 0
392 1
393 0
394 0
395 0
396 0
397 0
398 3
399 0
400 0
401 2
402 1
403 0
404 1
405 0
406 1
407 0
408 1
409 3
410 0
411 1
412 2
413 1
414 0
415 1
416 0
417 0
418 0
419 1
420 0
421 1
422 3
423 1
424 2
425 0
426 0
427 1
428 0
429 0
430 0
431 2
432 1
433 0
434 2
435 0
436 0
437 0
438 1
439 0
440 0
441 0
442 0
443 0
444 4
445 0
446 1
447 0
448 0
449 0
450 1
451 0
452 0
453 0
454 0
455 2
456 0
457 0
458 1
459 0
460 0
461 2
462 0
463 1
464 0
465 0
466 1
467 0
468 2
469 1
470 0
471 0
472 0
473 0
474 1
475 0
476 1
477 1
478 3
479 2
480 0
481 1
482 0
483 0
484 0
485 1
486 1
487 0
488 2
489 2
490 3
491 1
492 0
493 0
494 0
495 0
496 1
497 2
498 1
499 1
500 0
501 1
502 0
503 1
504 0
505 1
506 1
507 0
508 2
509 0
510 0
511 0
512 0
513 1
514 2
515 1
516 1
517 0
518 1
519 0
520 0
521 0
522 0
523 0
524 0
525 0
526 0
527 0
528 2
529 1
530 0
531 0
532 0
533 1
534 0
535 1
536 1
537 1
538 2
539 2
540 0
541 0
542 0
543 0
544 1
545 0
546 0
547 1
548 1
549 1
550 0
551 0
552 0
553 0
554 1
555 1
556 0
557 0
558 2
559 0
560 0
561 2
562 1
563 2
564 1
565 2
566 0
567 1
568 0
569 0
570 1
571 0
572 0
573 2
574 0
575 1
576 1
577 0
578 3
579 0
580 0
581 0
582 0
583 0
584 1
585 1
586 1
587 1
588 1
589 0
590 0
591 0
592 0
593 0
594 2
595 0
596 0
597 0
598 0
599 0
600 0
601 1
602 1
603 2
604 0
605 0
606 0
607 0
608 0
609 0
610 1
611 0
612 1
613 0
614 2
615 0
616 1
617 1
618 0
619 2
620 0
621 1
622 0
623 1
624 0
625 1
626 2
627 2
628 1
629 0
630 0
631 0
632 0
633 1
634 1
635 1
636 2
637 1
638 1
639 1
640 1
641 0
642 0
643 0
644 0
645 0
646 0
647 0
648 0
649 0
650 0
651 0
652 0
653 0
654 0
655 1
656 0
657 0
658 0
659 1
660 0
661 1
662 0
663 1
664 1
665 0
666 0
667 1
668 2
669 0
670 1
671 0
672 1
673 1
674 0
675 2
676 0
677 2
678 0
679 0
680 2
681 0
682 1
683 0
684 1
685 2
686 1
687 1
688 1
689 0
690 0
691 0
692 0
693 0
694 0
695 1
696 1
697 1
698 0
699 0
700 0
701 0
702 0
703 0
704 0
705 0
706 1
707 0
708 0
709 0
710 1
711 0
712 0
713 2
714 0
715 1
716 0
717 0
718 0
719 1
720 2
721 0
722 2
723 1
724 1
725 0
726 1
727 1
728 1
729 0
730 0
731 0
732 0
733 0
734 1
735 0
736 0
737 1
738 0
739 0
740 0
741 0
742 0
743 1
744 0
745 2
746 0
747 1
748 1
749 1
750 1
751 1
752 0
753 0
754 0
755 1
756 0
757 0
758 0
759 0
760 0
761 0
762 1
763 0
764 1
765 0
766 0
767 1
768 0
769 1
770 0
771 0
772 0
773 0
774 0
775 0
776 0
777 0
778 1
779 1
780 0
781 0
782 0
783 0
784 1
785 0
786 0
787 1
788 0
789 1
790 0
791 2
792 0
793 0
794 1
795 1
796 0
797 3
798 1
799 0
800 1
801 0
802 2
803 1
804 0
805 0
806 0
807 0
808 0
809 0
810 1
811 0
812 2
813 1
814 1
815 2
816 1
817 1
818 0
819 1
820 0
821 0
822 0
823 0
824 2
825 0
826 0
827 0
828 1
829 1
830 1
831 1
832 1
833 1
834 0
835 0
836 0
837 0
838 1
839 1
840 2
841 0
842 0
843 0
844 0
845 0
846 1
847 1
848 1
849 0
850 0
851 0
852 0
853 0
854 0
855 1
856 0
857 0
858 0
859 0
860 0
861 1
862 0
863 0
864 0
865 1
866 1
867 0
868 0
869 0
870 1
871 1
872 0
873 0
874 0
875 0
876 0
877 1
878 0
879 0
880 1
881 1
882 0
883 0
884 0
885 0
886 0
887 1
888 0
889 1
890 0
891 0
892 0
893 1
894 0
895 0
896 1
897 1
898 1
899 2
900 0
901 1
902 0
903 0
904 0
905 0
906 0
907 1
908 0
909 0
910 0
911 0
912 2
913 0
914 1
915 0
916 1
917 0
918 0
919 0
920 0
921 2
922 2
923 0
924 0
925 1
926 0
927 0
928 2
929 1
930 2
931 0
932 1
933 0
934 0
935 0
936 0
937 1
938 0
939 0
940 1
941 1
942 1
943 1
944 0
945 0
946 1
947 0
948 0
949 0
950 1
951 2
952 1
953 0
954 0
955 2
956 0
957 0
958 0
959 0
960 0
961 0
962 1
963 2
964 0
965 0
966 1
967 0
968 0
969 0
970 1
971 1
972 0
973 1
974 1
975 0
976 0
977 1
978 0
979 2
980 0
981 1
982 2
983 1
984 0
985 0
986 0
987 0
988 0
989 2
990 0
991 1
992 0
993 0
994 0
995 1
996 1
997 1
998 1
999 1
1000 2
1001 0
1002 0
1003 0
1004 0
1005 1
1006 0
1007 2
1008 2
1009 0
1010 1
1011 1
1012 0
1013 1
1014 0
1015 0
1016 0
1017 1
1018 0
1019 0
1020 0
1021 0
1022 0
1023 0
1024 1
1025 2
1026 1
1027 1
1028 0
1029 1
1030 1
1031 0
1032 1
1033 1
1034 0
1035 0
1036 0
1037 2
1038 2
1039 0
1040 0
1041 0
1042 0
1043 0
1044 0
1045 0
1046 0
1047 1
1048 0
1049 0
1050 0
1051 1
1052 1
1053 1
1054 1
1055 0
1056 0
1057 2
1058 1
1059 0
1060 2
1061 0
1062 1
1063 0
1064 0
1065 0
1066 1
1067 2
1068 0
1069 2
1070 2
1071 0
1072 1
1073 0
1074 0
1075 3
1076 1
1077 0
1078 0
1079 1
1080 0
1081 1
1082 1
1083 0
1084 0
1085 0
1086 0
1087 1
1088 1
1089 0
1090 0
1091 1
1092 1
1093 1
1094 1
1095 2
1096 1
1097 2
1098 1
1099 0
1100 0
1101 0
1102 1
1103 0
1104 1
1105 1
1106 2
1107 0
1108 3
1109 1
1110 1
1111 1
1112 2
1113 0
1114 0
1115 1
1116 2
1117 1
1118 1
1119 0
1120 0
1121 0
1122 0
1123 2
1124 0
1125 1
1126 0
1127 1
1128 1
1129 1
1130 0
1131 2
1132 2
1133 2
1134 1
1135 0
1136 0
1137 1
1138 0
1139 0
1140 1
1141 1
1142 0
1143 1
1144 2
1145 1
1146 1
1147 2
1148 2
1149 1
1150 1
1151 1
1152 0
1153 0
1154 0
1155 4
1156 2
1157 0
1158 1
1159 1
1160 1
1161 0
1162 1
1163 2
1164 1
1165 0
1166 0
1167 0
1168 1
1169 3
1170 2
1171 2
1172 0
1173 1
1174 1
1175 0
1176 1
1177 0
1178 0
1179 1
1180 0
1181 0
1182 2
1183 0
1184 1
1185 1
1186 1
1187 0
1188 0
1189 0
1190 1
1191 1
1192 1
1193 2
1194 1
1195 2
1196 2
1197 2
1198 1
1199 1
1200 0
1201 3
1202 0
1203 1
1204 2
1205 1
1206 1
1207 0
1208 1
1209 1
1210 2
1211 1
1212 0
1213 1
1214 2
1215 0
1216 1
1217 2
1218 1
1219 2
1220 0
1221 0
1222 0
1223 2
1224 0
1225 0
1226 2
1227 1
1228 0
1229 1
1230 1
1231 0
1232 0
1233 2
1234 0
1235 1
1236 2
1237 1
1238 0
1239 2
1240 0
1241 1
1242 0
1243 4
1244 1
1245 0
1246 1
1247 2
1248 0
1249 1
1250 1
1251 1
1252 3
1253 3
1254 2
1255 1
1256 1
1257 1
1258 1
1259 2
1260 1
1261 0
1262 2
1263 1
1264 1
1265 1
1266 2
1267 1
1268 1
1269 3
1270 1
1271 2
1272 2
1273 1
1274 3
1275 3
1276 1
1277 4
1278 2
1279 3
1280 3
1281 0
1282 4
1283 1
1284 0
1285 2
1286 1
1287 0
1288 1
1289 1
1290 1
1291 1
1292 0
1293 1
1294 1
1295 1
1296 0
1297 0
1298 0
1299 2
1300 0
1301 0
1302 0
1303 0
1304 1
1305 0
1306 1
1307 0
1308 1
1309 1
1310 1
1311 3
1312 2
1313 3
1314 1
1315 2
1316 0
1317 2
1318 0
1319 1
1320 1
1321 2
1322 0
1323 2
1324 3
1325 3
1326 0
1327 1
1328 1
1329 0
1330 4
1331 0
1332 0
1333 3
1334 1
1335 1
1336 0
1337 1
1338 2
1339 3
1340 0
1341 3
1342 1
1343 1
1344 1
1345 1
1346 0
1347 1
1348 1
1349 2
1350 0
1351 0
1352 2
1353 0
1354 2
1355 2
1356 0
1357 0
1358 1
1359 2
1360 0
1361 1
1362 0
1363 1
1364 0
1365 0
1366 1
1367 1
1368 0
1369 2
1370 0
1371 0
1372 0
1373 2
1374 2
1375 2
1376 0
1377 2
1378 0
1379 1
1380 1
1381 0
1382 0
1383 0
1384 0
1385 0
1386 2
1387 1
1388 0
1389 1
1390 1
1391 2
1392 1
1393 0
1394 0
1395 1
1396 1
1397 3
1398 1
1399 1
1400 2
1401 0
1402 1
1403 1
1404 0
1405 0
1406 0
1407 2
1408 2
1409 2
1410 2
1411 1
1412 1
1413 4
1414 1
1415 1
1416 1
1417 0
1418 1
1419 0
1420 1
1421 1
1422 0
1423 0
1424 0
1425 0
1426 1
1427 2
1428 3
1429 0
1430 0
1431 0
1432 1
1433 1
1434 2
1435 2
1436 1
1437 1
1438 1
1439 3
1440 1
1441 0
1442 0
1443 1
1444 3
1445 2
1446 1
1447 0
1448 0
1449 0
1450 2
1451 1
1452 3
1453 1
1454 1
1455 2
1456 1
1457 2
1458 2
1459 1
1460 3
1461 1
1462 0
1463 1
1464 3
1465 1
1466 0
1467 1
1468 1
1469 0
1470 1
1471 1
1472 1
1473 0
1474 2
1475 1
1476 0
1477 0
1478 5
1479 0
1480 0
1481 0
1482 0
1483 0
1484 0
1485 3
1486 1
1487 1
1488 6
1489 0
1490 1
1491 0
1492 1
1493 0
1494 0
1495 0
1496 0
1497 0
1498 1
1499 0
1500 1
1501 1
1502 2
1503 1
1504 2
1505 2
1506 0
1507 1
1508 3
1509 1
1510 1
1511 0
1512 0
1513 0
1514 0
1515 0
1516 2
1517 1
1518 0
1519 0
1520 1
1521 1
1522 1
1523 0
1524 1
1525 0
1526 0
1527 1
1528 1
1529 1
1530 0
1531 0
1532 0
1533 0
1534 1
1535 1
1536 1
1537 0
1538 1
1539 1
1540 0
1541 0
1542 0
1543 0
1544 1
1545 0
1546 0
1547 0
1548 1
1549 0
1550 1
1551 0
1552 0
1553 0
1554 0
1555 0
1556 0
1557 1
1558 0
1559 0
1560 0
1561 0
1562 0
1563 1
1564 0
1565 0
1566 0
1567 2
1568 0
1569 0
1570 1
1571 0
1572 1
1573 0
1574 0
1575 1
1576 1
1577 1
1578 0
1579 0
1580 1
1581 1
1582 0
1583 0
1584 0
1585 0
1586 0
1587 0
1588 1
1589 0
1590 0
1591 0
1592 0
1593 0
1594 1
1595 1
1596 0
1597 0
1598 0
1599 0
1600 0
1601 0
1602 2
1603 0
1604 0
1605 0
1606 0
1607 1
1608 0
1609 0
1610 0
1611 0
1612 0
1613 0
1614 0
1615 0
1616 0
1617 0
1618 1
1619 0
1620 1
1621 0
1622 1
1623 0
1624 0
1625 0
1626 0
1627 1
1628 0
1629 1
1630 0
1631 0
1632 2
1633 0
1634 0
1635 0
1636 0
1637 0
1638 2
1639 2
1640 1
1641 0
1642 0
1643 1
1644 0
1645 0
1646 2
1647 0
1648 0
1649 1
1650 0
1651 0
1652 0
1653 1
1654 1
1655 0
1656 0
1657 0
1658 0
1659 0
1660 0
1661 0
1662 0
1663 1
1664 1
1665 0
1666 0
1667 1
1668 0
1669 0
1670 0
1671 0
1672 0
1673 0
1674 0
1675 0
1676 1
1677 0
1678 0
1679 0
1680 0
1681 0
1682 0
1683 0
1684 0
1685 0
1686 0
1687 0
1688 0
1689 0
1690 0
1691 1
1692 0
1693 0
1694 0
1695 0
1696 0
1697 0
1698 0
1699 0
1700 0
1701 0
1702 0
1703 0
1704 0
1705 0
1706 0
1707 0
1708 0
1709 0
1710 0
1711 1
1712 0
1713 0
1714 0
1715 0
1716 0
1717 0
1718 0
1719 0
1720 0
1721 0
1722 0
1723 0
1724 0
1725 0
1726 1
1727 0
1728 0
1729 1
1730 0
1731 0
1732 0
1733 0
1734 0
1735 0
1736 1
1737 0
1738 0
1739 0
1740 0
1741 0
1742 1
1743 0
1744 0
1745 0
1746 0
1747 0
1748 0
1749 0
1750 0
1751 0
1752 0
1753 0
1754 0
1755 0
1756 0
1757 0
1758 0
1759 0
1760 0
1761 0
1762 0
1763 0
1764 0
1765 0
1766 0
1767 0
1768 0
1769 0
1770 1
1771 0
1772 1
1773 0
1774 1
1775 1
1776 0
1777 0
1778 1
1779 0
1780 0
1781 0
1782 0
1783 0
1784 0
1785 0
1786 0
1787 0
1788 0
1789 0
1790 0
1791 0
1792 0
1793 0
1794 0
1795 0
1796 0
1797 0
1798 1
1799 0
1800 0
1801 0
1802 1
1803 0
1804 0
1805 0
1806 0
1807 0
1808 0
1809 1
1810 0
1811 0
1812 0
1813 0
1814 0
1815 0
1816 0
1817 0
1818 0
1819 0
1820 0
1821 0
1822 0
1823 0
1824 0
1825 0
1826 0
1827 0
1828 1
1829 0
1830 0
1831 0
1832 1
1833 0
1834 0
1835 1
1836 0
1837 0
1838 0
1839 1
1840 0
1841 0
1842 1
1843 2
1844 0
1845 0
1846 0
1847 0
1848 1
1849 0
1850 0
1851 0
1852 0
1853 0
1854 0
1855 2
1856 0
1857 0
1858 0
1859 0
1860 0
1861 0
1862 0
1863 0
1864 0
1865 0
1866 0
1867 0
1868 1
1869 0
1870 0
1871 0
1872 0
1873 0
1874 0
1875 0
1876 1
1877 1
1878 0
1879 0
1880 0
1881 0
1882 0
1883 0
1884 0
1885 0
1886 0
1887 1
1888 0
1889 1
1890 0
1891 0
1892 0
1893 0
1894 0
1895 0
1896 0
1897 0
1898 0
1899 0
1900 0
1901 0
1902 0
1903 0
1904 0
1905 0
1906 0
1907 0
1908 0
1909 0
1910 0
1911 0
1912 0
1913 0
1914 0
1915 1
1916 0
1917 0
1918 0
1919 0
1920 0
1921 0
1922 0
1923 0
1924 0
1925 0
1926 0
1927 0
1928 0
1929 0
1930 0
1931 0
1932 0
1933 0
1934 0
1935 0
1936 0
1937 0
1938 0
1939 0
1940 0
1941 0
1942 0
1943 0
1944 0
1945 0
1946 0
1947 0
1948 0
1949 0
1950 0
1951 1
1952 0
1953 1
1954 0
1955 0
1956 0
1957 0
1958 0
1959 0
1960 0
1961 0
1962 0
1963 0
1964 0
1965 0
1966 0
1967 0
1968 0
1969 0
1970 1
1971 0
1972 0
1973 0
1974 0
1975 0
1976 0
1977 0
1978 0
1979 0
1980 0
1981 0
1982 0
1983 0
1984 0
1985 0
1986 0
1987 1
1988 0
1989 0
1990 0
1991 0
1992 0
1993 0
1994 0
1995 0
1996 0
1997 0
1998 0
1999 0
2000 0
2001 0
2002 0
2003 1
2004 0
2005 0
2006 0
2007 0
2008 1
2009 0
2010 0
2011 0
2012 0
2013 0
2014 0
2015 0
2016 0
2017 0
2018 0
2019 0
2020 1
2021 0
2022 0
2023 0
2024 0
2025 0
2026 0
2027 2
2028 1
2029 0
2030 0
2031 0
2032 0
2033 0
2034 0
2035 0
2036 0
2037 0
2038 0
2039 0
2040 0
2041 0
2042 0
2043 0
2044 0
2045 0
2046 0
2047 0
