# Dead time factor = 1.00000
0 0
1 0
2 0
3 0
4 0
5 0
6 0
7 0
8 0
9 0
10 0
11 0
12 0
13 0
14 0
15 0
16 0
17 0
18 0
19 0
20 0
21 10
22 28
23 18
24 20
25 20
26 26
27 22
28 26
29 31
30 18
31 24
32 28
33 30
34 25
35 30
36 38
37 52
38 29
39 47
40 31
41 44
42 30
43 41
44 40
45 41
46 60
47 59
48 102
49 119
50 150
51 148
52 130
53 125
54 114
55 75
56 69
57 48
58 53
59 45
60 26
61 31
62 32
63 32
64 23
65 33
66 26
67 21
68 18
69 13
70 25
71 18
72 20
73 18
74 18
75 24
76 20
77 12
78 34
79 26
80 20
81 30
82 23
83 19
84 28
85 29
86 21
87 25
88 19
89 20
90 27
91 13
92 25
93 21
94 21
95 20
96 12
97 20
98 26
99 19
100 23
101 27
102 12
103 16
104 13
105 29
106 18
107 17
108 22
109 18
110 21
111 14
112 18
113 13
114 20
115 22
116 13
117 12
118 11
119 13
120 11
121 19
122 15
123 14
124 17
125 13
126 11
127 23
128 12
129 12
130 12
131 19
132 14
133 12
134 15
135 15
136 7
137 19
138 15
139 22
140 18
141 13
142 13
143 13
144 10
145 8
146 12
147 9
148 13
149 13
150 10
151 11
152 12
153 11
154 13
155 13
156 16
157 15
158 13
159 12
160 17
161 14
162 18
163 22
164 22
165 30
166 25
167 25
168 28
169 30
170 25
171 34
172 30
173 31
174 26
175 23
176 27
177 19
178 22
179 14
180 23
181 20
182 12
183 11
184 14
185 10
186 18
187 11
188 16
189 13
190 11
191 12
192 2
193 7
194 14
195 3
196 9
197 10
198 9
199 12
200 11
201 9
202 9
203 15
204 6
205 12
206 8
207 17
208 13
209 14
210 9
211 13
212 15
213 6
214 11
215 12
216 5
217 7
218 7
219 9
220 11
221 5
222 5
223 6
224 8
225 12
226 7
227 13
228 8
229 6
230 11
231 12
232 6
233 8
234 14
235 14
236 11
237 7
238 7
239 6
240 8
241 9
242 14
243 11
244 6
245 10
246 12
247 14
248 16
249 12
250 11
251 11
252 11
253 6
254 10
255 9
256 14
257 6
258 11
259 9
260 12
261 11
262 9
263 6
264 8
265 3
266 9
267 4
268 11
269 11
270 6
271 11
272 8
273 9
274 8
275 6
276 4
277 11
278 9
279 8
280 12
281 9
282 12
283 16
284 6
285 7
286 6
287 7
288 9
289 6
290 6
291 9
292 12
293 7
294 5
295 4
296 18
297 3
298 14
299 9
300 5
301 12
302 4
303 10
304 8
305 15
306 4
307 4
308 13
309 7
310 4
311 2
312 6
313 10
314 7
315 15
316 8
317 9
318 9
319 7
320 7
321 10
322 9
323 9
324 8
325 6
326 5
327 10
328 6
329 4
330 7
331 11
332 5
333 9
334 10
335 4
336 9
337 6
338 8
339 13
340 5
341 9
342 7
343 7
344 13
345 6
346 10
347 13
348 5
349 12
350 8
351 11
352 3
353 3
354 6
355 11
356 12
357 9
358 8
359 7
360 14
361 14
362 11
363 8
364 7
365 5
366 7
367 9
368 6
369 8
370 6
371 11
372 7
373 10
374 7
375 6
376 6
377 10
378 4
379 9
380 8
381 4
382 8
383 8
384 8
385 8
386 6
387 5
388 6
389 6
390 5
391 4
392 5
393 8
394 8
395 8
396 8
397 5
398 4
399 4
400 11
401 7
402 8
403 3
404 4
405 7
406 3
407 12
408 8
409 5
410 8
411 4
412 8
413 1
414 6
415 6
416 3
417 5
418 9
419 5
420 5
421 10
422 8
423 5
424 5
425 10
426 4
427 6
428 7
429 9
430 3
431 8
432 7
433 5
434 7
435 4
436 8
437 7
438 12
439 7
440 10
441 0
442 10
443 9
444 6
445 8
446 6
447 5
448 7
449 10
450 5
451 7
452 5
453 7
454 6
455 1
456 7
457 6
458 8
459 7
460 7
461 5
462 6
463 6
464 5
465 4
466 5
467 6
468 7
469 8
470 2
471 7
472 2
473 8
474 6
475 8
476 1
477 6
478 4
479 8
480 14
481 5
482 7
483 3
484 5
485 4
486 3
487 7
488 3
489 4
490 6
491 7
492 7
493 4
494 5
495 7
496 7
497 4
498 7
499 11
500 6
501 9
502 12
503 5
504 7
505 4
506 6
507 7
508 6
509 1
510 10
511 3
512 5
513 9
514 7
515 7
516 11
517 9
518 5
519 9
520 10
521 9
522 5
523 7
524 12
525 5
526 6
527 5
528 6
529 4
530 5
531 10
532 11
533 5
534 8
535 9
536 6
537 11
538 8
539 7
540 7
541 3
542 9
543 8
544 7
545 6
546 3
547 7
548 7
549 11
550 11
551 5
552 3
553 4
554 4
555 12
556 6
557 9
558 5
559 7
560 7
561 7
562 9
563 7
564 4
565 5
566 1
567 3
568 8
569 4
570 5
571 5
572 2
573 4
574 6
575 5
576 4
577 8
578 7
579 5
580 9
581 6
582 5
583 5
584 5
585 8
586 4
587 6
588 8
589 9
590 8
591 10
592 3
593 9
594 11
595 11
596 10
597 7
598 6
599 6
600 4
601 5
602 7
603 6
604 5
605 6
606 7
607 5
608 7
609 5
610 7
611 9
612 4
613 7
614 4
615 6
616 7
617 11
618 6
619 9
620 6
621 11
622 8
623 10
624 10
625 2
626 7
627 9
628 9
629 3
630 5
631 5
632 2
633 8
634 3
635 6
636 3
637 5
638 7
639 11
640 3
641 8
642 9
643 5
644 10
645 7
646 5
647 10
648 4
649 8
650 7
651 1
652 5
653 7
654 11
655 8
656 8
657 9
658 6
659 8
660 3
661 4
662 10
663 4
664 9
665 7
666 5
667 7
668 13
669 3
670 6
671 7
672 9
673 14
674 3
675 6
676 11
677 6
678 4
679 7
680 5
681 8
682 1
683 8
684 15
685 5
686 6
687 7
688 9
689 5
690 6
691 1
692 9
693 5
694 11
695 4
696 10
697 6
698 9
699 7
700 11
701 7
702 4
703 7
704 3
705 6
706 10
707 8
708 10
709 7
710 5
711 7
712 11
713 10
714 7
715 6
716 5
717 4
718 7
719 5
720 6
721 7
722 8
723 8
724 5
725 5
726 12
727 5
728 4
729 3
730 7
731 9
732 3
733 5
734 6
735 1
736 3
737 5
738 9
739 7
740 5
741 6
742 11
743 12
744 4
745 11
746 6
747 2
748 7
749 9
750 8
751 2
752 8
753 5
754 8
755 8
756 14
757 8
758 7
759 11
760 9
761 8
762 8
763 2
764 15
765 11
766 8
767 7
768 5
769 7
770 5
771 2
772 6
773 6
774 9
775 8
776 5
777 5
778 5
779 6
780 11
781 5
782 5
783 9
784 7
785 12
786 5
787 3
788 6
789 10
790 11
791 5
792 4
793 5
794 9
795 6
796 8
797 12
798 7
799 8
800 3
801 7
802 6
803 5
804 7
805 6
806 9
807 10
808 8
809 5
810 5
811 6
812 10
813 3
814 8
815 7
816 9
817 7
818 8
819 6
820 9
821 3
822 7
823 9
824 7
825 7
826 8
827 5
828 9
829 11
830 5
831 11
832 6
833 7
834 5
835 9
836 5
837 8
838 7
839 10
840 8
841 6
842 7
843 5
844 5
845 8
846 9
847 11
848 9
849 6
850 11
851 5
852 6
853 11
854 7
855 6
856 5
857 6
858 15
859 8
860 14
861 11
862 7
863 3
864 5
865 6
866 6
867 10
868 4
869 10
870 4
871 7
872 8
873 10
874 9
875 2
876 5
877 10
878 6
879 7
880 4
881 7
882 9
883 8
884 2
885 8
886 6
887 6
888 7
889 7
890 10
891 8
892 16
893 7
894 13
895 10
896 6
897 11
898 4
899 4
900 9
901 12
902 6
903 6
904 7
905 7
906 12
907 9
908 4
909 13
910 7
911 10
912 10
913 9
914 6
915 9
916 6
917 6
918 18
919 6
920 5
921 9
922 5
923 5
924 6
925 13
926 8
927 7
928 10
929 9
930 12
931 11
932 9
933 8
934 11
935 8
936 5
937 8
938 9
939 5
940 9
941 3
942 3
943 10
944 8
945 13
946 14
947 7
948 5
949 10
950 9
951 8
952 6
953 6
954 3
955 4
956 12
957 5
958 17
959 9
960 10
961 10
962 2
963 3
964 7
965 5
966 5
967 10
968 12
969 10
970 9
971 6
972 12
973 8
974 2
975 9
976 7
977 7
978 9
979 7
980 4
981 6
982 5
983 9
984 6
985 10
986 5
987 8
988 9
989 8
990 9
991 11
992 7
993 12
994 2
995 12
996 14
997 9
998 11
999 5
1000 10
1001 6
1002 9
1003 14
1004 9
1005 8
1006 8
1007 6
1008 3
1009 10
1010 11
1011 17
1012 9
1013 7
1014 14
1015 9
1016 10
1017 4
1018 10
1019 10
1020 8
1021 5
1022 8
1023 12
1024 6
1025 5
1026 8
1027 8
1028 7
1029 10
1030 7
1031 11
1032 8
1033 10
1034 10
1035 5
1036 12
1037 8
1038 10
1039 7
1040 3
1041 5
1042 12
1043 7
1044 11
1045 13
1046 13
1047 11
1048 7
1049 4
1050 9
1051 15
1052 12
1053 12
1054 13
1055 10
1056 15
1057 7
1058 11
1059 9
1060 10
1061 13
1062 8
1063 5
1064 11
1065 10
1066 12
1067 7
1068 10
1069 7
1070 21
1071 13
1072 10
1073 10
1074 8
1075 11
1076 12
1077 17
1078 6
1079 12
1080 12
1081 15
1082 15
1083 10
1084 9
1085 18
1086 13
1087 14
1088 13
1089 17
1090 13
1091 14
1092 12
1093 8
1094 8
1095 12
1096 10
1097 9
1098 13
1099 13
1100 18
1101 19
1102 8
1103 15
1104 20
1105 17
1106 11
1107 12
1108 10
1109 21
1110 21
1111 17
1112 13
1113 14
1114 12
1115 11
1116 13
1117 18
1118 12
1119 9
1120 12
1121 16
1122 17
1123 12
1124 17
1125 15
1126 18
1127 20
1128 9
1129 15
1130 15
1131 11
1132 19
1133 16
1134 16
1135 13
1136 12
1137 10
1138 12
1139 10
1140 16
1141 13
1142 19
1143 18
1144 14
1145 13
1146 15
1147 30
1148 15
1149 19
1150 19
1151 13
1152 12
1153 20
1154 7
1155 16
1156 14
1157 21
1158 16
1159 9
1160 23
1161 7
1162 16
1163 13
1164 16
1165 27
1166 17
1167 14
1168 14
1169 13
1170 16
1171 23
1172 18
1173 15
1174 21
1175 6
1176 20
1177 16
1178 16
1179 22
1180 18
1181 13
1182 13
1183 14
1184 12
1185 17
1186 15
1187 13
1188 12
1189 9
1190 16
1191 18
1192 12
1193 8
1194 20
1195 20
1196 13
1197 16
1198 21
1199 19
1200 13
1201 8
1202 17
1203 19
1204 18
1205 12
1206 19
1207 14
1208 18
1209 22
1210 14
1211 19
1212 14
1213 17
1214 12
1215 16
1216 9
1217 12
1218 15
1219 18
1220 12
1221 15
1222 18
1223 14
1224 16
1225 12
1226 15
1227 13
1228 15
1229 22
1230 15
1231 19
1232 12
1233 21
1234 22
1235 23
1236 18
1237 22
1238 13
1239 17
1240 22
1241 20
1242 20
1243 14
1244 24
1245 27
1246 13
1247 17
1248 18
1249 30
1250 26
1251 29
1252 22
1253 27
1254 16
1255 29
1256 19
1257 19
1258 18
1259 24
1260 30
1261 20
1262 23
1263 19
1264 25
1265 18
1266 20
1267 19
1268 14
1269 22
1270 19
1271 24
1272 20
1273 20
1274 25
1275 25
1276 28
1277 17
1278 20
1279 31
1280 21
1281 17
1282 19
1283 22
1284 22
1285 27
1286 16
1287 18
1288 32
1289 32
1290 36
1291 22
1292 27
1293 16
1294 30
1295 21
1296 27
1297 25
1298 23
1299 19
1300 23
1301 22
1302 23
1303 30
1304 20
1305 29
1306 30
1307 25
1308 24
1309 20
1310 26
1311 29
1312 27
1313 43
1314 30
1315 29
1316 21
1317 26
1318 11
1319 23
1320 17
1321 18
1322 26
1323 24
1324 26
1325 23
1326 24
1327 29
1328 19
1329 25
1330 31
1331 20
1332 28
1333 22
1334 16
1335 21
1336 24
1337 25
1338 20
1339 17
1340 14
1341 19
1342 19
1343 20
1344 19
1345 27
1346 14
1347 13
1348 18
1349 18
1350 20
1351 19
1352 26
1353 19
1354 16
1355 22
1356 21
1357 11
1358 11
1359 16
1360 14
1361 17
1362 13
1363 16
1364 13
1365 15
1366 12
1367 14
1368 20
1369 12
1370 14
1371 14
1372 15
1373 17
1374 12
1375 15
1376 28
1377 12
1378 20
1379 13
1380 5
1381 14
1382 18
1383 14
1384 15
1385 24
1386 17
1387 26
1388 13
1389 15
1390 19
1391 16
1392 11
1393 15
1394 13
1395 16
1396 14
1397 16
1398 16
1399 15
1400 14
1401 15
1402 19
1403 19
1404 14
1405 19
1406 14
1407 24
1408 24
1409 19
1410 8
1411 29
1412 16
1413 18
1414 19
1415 16
1416 26
1417 21
1418 16
1419 17
1420 17
1421 20
1422 28
1423 21
1424 32
1425 29
1426 33
1427 25
1428 28
1429 22
1430 21
1431 16
1432 16
1433 16
1434 31
1435 29
1436 33
1437 28
1438 39
1439 20
1440 26
1441 25
1442 26
1443 26
1444 26
1445 36
1446 26
1447 38
1448 23
1449 20
1450 34
1451 24
1452 19
1453 32
1454 21
1455 29
1456 26
1457 32
1458 24
1459 18
1460 30
1461 32
1462 31
1463 33
1464 28
1465 43
1466 26
1467 21
1468 15
1469 21
1470 22
1471 19
1472 21
1473 28
1474 34
1475 23
1476 23
1477 19
1478 23
1479 21
1480 25
1481 16
1482 18
1483 29
1484 21
1485 29
1486 21
1487 16
1488 34
1489 22
1490 12
1491 29
1492 18
1493 19
1494 25
1495 18
1496 13
1497 17
1498 12
1499 8
1500 10
1501 9
1502 18
1503 17
1504 11
1505 14
1506 16
1507 8
1508 17
1509 21
1510 11
1511 17
1512 7
1513 15
1514 16
1515 10
1516 12
1517 10
1518 15
1519 9
1520 6
1521 14
1522 13
1523 10
1524 12
1525 12
1526 9
1527 4
1528 7
1529 7
1530 5
1531 5
1532 6
1533 7
1534 7
1535 8
1536 6
1537 3
1538 8
1539 1
1540 4
1541 4
1542 8
1543 3
1544 2
1545 5
1546 6
1547 3
1548 5
1549 6
1550 5
1551 3
1552 9
1553 5
1554 6
1555 3
1556 3
1557 10
1558 6
1559 3
1560 3
1561 3
1562 3
1563 2
1564 6
1565 1
1566 5
1567 4
1568 7
1569 3
1570 3
1571 4
1572 5
1573 4
1574 7
1575 4
1576 2
1577 7
1578 5
1579 7
1580 3
1581 6
1582 5
1583 6
1584 3
1585 11
1586 3
1587 5
1588 1
1589 4
1590 4
1591 3
1592 5
1593 3
1594 4
1595 3
1596 6
1597 9
1598 12
1599 8
1600 7
1601 10
1602 5
1603 6
1604 7
1605 5
1606 7
1607 12
1608 8
1609 6
1610 6
1611 5
1612 5
1613 3
1614 7
1615 9
1616 4
1617 7
1618 12
1619 2
1620 8
1621 6
1622 3
1623 6
1624 10
1625 8
1626 3
1627 8
1628 10
1629 9
1630 8
1631 6
1632 8
1633 6
1634 6
1635 2
1636 7
1637 10
1638 6
1639 3
1640 2
1641 7
1642 5
1643 5
1644 4
1645 1
1646 2
1647 3
1648 1
1649 3
1650 5
1651 5
1652 3
1653 2
1654 2
1655 4
1656 5
1657 6
1658 1
1659 2
1660 4
1661 3
1662 4
1663 1
1664 3
1665 4
1666 3
1667 1
1668 3
1669 2
1670 1
1671 3
1672 2
1673 3
1674 3
1675 2
1676 1
1677 1
1678 1
1679 2
1680 3
1681 1
1682 2
1683 0
1684 2
1685 1
1686 1
1687 0
1688 0
1689 1
1690 0
1691 0
1692 2
1693 2
1694 1
1695 0
1696 1
1697 1
1698 1
1699 0
1700 1
1701 0
1702 0
1703 0
1704 0
1705 0
1706 0
1707 0
1708 1
1709 0
1710 1
1711 0
1712 1
1713 0
1714 0
1715 0
1716 1
1717 0
1718 0
1719 0
1720 0
1721 0
1722 1
1723 0
1724 0
1725 1
1726 1
1727 0
1728 0
1729 1
1730 0
1731 1
1732 0
1733 1
1734 0
1735 0
1736 0
1737 1
1738 0
1739 1
1740 0
1741 0
1742 0
1743 0
1744 0
1745 0
1746 0
1747 0
1748 0
1749 0
1750 1
1751 0
1752 2
1753 0
1754 1
1755 1
1756 0
1757 0
1758 1
1759 0
1760 1
1761 1
1762 0
1763 0
1764 1
1765 0
1766 0
1767 0
1768 0
1769 0
1770 0
1771 0
1772 0
1773 0
1774 0
1775 0
1776 1
1777 0
1778 0
1779 0
1780 0
1781 2
1782 0
1783 1
1784 0
1785 1
1786 0
1787 0
1788 0
1789 0
1790 0
1791 0
1792 0
1793 0
1794 0
1795 0
1796 0
1797 0
1798 0
1799 0
1800 1
1801 0
1802 0
1803 1
1804 0
1805 0
1806 0
1807 0
1808 0
1809 0
1810 0
1811 1
1812 0
1813 1
1814 0
1815 1
1816 1
1817 0
1818 1
1819 0
1820 0
1821 0
1822 1
1823 0
1824 1
1825 0
1826 1
1827 1
1828 0
1829 0
1830 0
1831 0
1832 1
1833 1
1834 0
1835 0
1836 1
1837 1
1838 0
1839 1
1840 0
1841 1
1842 0
1843 0
1844 1
1845 0
1846 0
1847 0
1848 1
1849 0
1850 0
1851 1
1852 1
1853 0
1854 0
1855 0
1856 0
1857 0
1858 1
1859 0
1860 1
1861 0
1862 0
1863 0
1864 0
1865 0
1866 0
1867 0
1868 0
1869 0
1870 0
1871 1
1872 1
1873 1
1874 0
1875 0
1876 0
1877 2
1878 0
1879 0
1880 0
1881 0
1882 0
1883 0
1884 0
1885 1
1886 0
1887 0
1888 0
1889 0
1890 0
1891 0
1892 0
1893 0
1894 0
1895 0
1896 0
1897 0
1898 1
1899 0
1900 0
1901 1
1902 0
1903 0
1904 1
1905 0
1906 0
1907 0
1908 0
1909 0
1910 0
1911 0
1912 0
1913 0
1914 0
1915 0
1916 0
1917 0
1918 0
1919 0
1920 0
1921 0
1922 0
1923 0
1924 0
1925 0
1926 0
1927 0
1928 1
1929 0
1930 0
1931 0
1932 0
1933 0
1934 0
1935 0
1936 1
1937 0
1938 0
1939 0
1940 2
1941 0
1942 0
1943 0
1944 0
1945 0
1946 0
1947 1
1948 0
1949 0
1950 0
1951 1
1952 0
1953 0
1954 0
1955 0
1956 0
1957 0
1958 0
1959 0
1960 0
1961 0
1962 0
1963 1
1964 1
1965 0
1966 0
1967 0
1968 0
1969 1
1970 0
1971 0
1972 1
1973 0
1974 0
1975 0
1976 1
1977 0
1978 0
1979 0
1980 0
1981 0
1982 0
1983 2
1984 0
1985 0
1986 0
1987 0
1988 0
1989 0
1990 0
1991 0
1992 0
1993 0
1994 0
1995 0
1996 0
1997 0
1998 0
1999 0
2000 0
2001 0
2002 0
2003 0
2004 0
2005 0
2006 0
2007 1
2008 0
2009 0
2010 0
2011 0
2012 0
2013 0
2014 0
2015 0
2016 0
2017 0
2018 0
2019 0
2020 0
2021 0
2022 0
2023 0
2024 0
2025 0
2026 0
2027 0
2028 1
2029 1
2030 0
2031 0
2032 0
2033 0
2034 0
2035 0
2036 0
2037 0
2038 0
2039 0
2040 0
2041 0
2042 0
2043 0
2044 0
2045 0
2046 0
2047 0
