# Dead time factor = 1.00000
0 0
1 0
2 0
3 0
4 0
5 0
6 0
7 0
8 0
9 0
10 0
11 0
12 0
13 0
14 0
15 0
16 0
17 0
18 0
19 0
20 1
21 45
22 34
23 25
24 43
25 36
26 32
27 35
28 24
29 30
30 26
31 39
32 34
33 36
34 45
35 40
36 53
37 44
38 26
39 47
40 40
41 53
42 36
43 50
44 52
45 50
46 73
47 84
48 111
49 142
50 166
51 171
52 148
53 107
54 117
55 119
56 73
57 68
58 46
59 63
60 35
61 31
62 30
63 34
64 28
65 21
66 42
67 34
68 32
69 27
70 40
71 33
72 27
73 28
74 30
75 36
76 29
77 29
78 38
79 50
80 41
81 26
82 35
83 43
84 42
85 45
86 22
87 36
88 45
89 26
90 28
91 30
92 35
93 28
94 31
95 28
96 29
97 32
98 33
99 17
100 28
101 23
102 22
103 21
104 21
105 28
106 25
107 31
108 25
109 17
110 22
111 36
112 22
113 24
114 26
115 28
116 18
117 21
118 24
119 30
120 23
121 24
122 24
123 25
124 17
125 14
126 12
127 20
128 24
129 10
130 24
131 26
132 24
133 22
134 19
135 24
136 25
137 21
138 27
139 13
140 21
141 15
142 21
143 12
144 22
145 19
146 16
147 17
148 15
149 7
150 24
151 15
152 16
153 23
154 20
155 22
156 23
157 22
158 21
159 25
160 28
161 23
162 26
163 28
164 32
165 40
166 33
167 37
168 55
169 39
170 48
171 41
172 41
173 42
174 43
175 35
176 44
177 32
178 28
179 29
180 14
181 26
182 19
183 21
184 16
185 15
186 23
187 24
188 25
189 17
190 19
191 14
192 25
193 17
194 12
195 16
196 8
197 18
198 20
199 20
200 19
201 14
202 22
203 16
204 23
205 23
206 20
207 17
208 19
209 20
210 9
211 16
212 17
213 18
214 7
215 24
216 17
217 15
218 14
219 13
220 18
221 10
222 11
223 12
224 11
225 17
226 18
227 24
228 15
229 7
230 16
231 21
232 15
233 16
234 15
235 13
236 13
237 18
238 19
239 18
240 9
241 12
242 17
243 13
244 15
245 14
246 9
247 16
248 17
249 13
250 8
251 14
252 17
253 15
254 18
255 16
256 16
257 11
258 10
259 14
260 17
261 20
262 12
263 14
264 17
265 17
266 14
267 15
268 13
269 11
270 12
271 13
272 12
273 8
274 11
275 12
276 13
277 13
278 10
279 14
280 7
281 14
282 16
283 15
284 11
285 10
286 10
287 13
288 13
289 11
290 15
291 15
292 11
293 12
294 16
295 10
296 5
297 15
298 15
299 15
300 12
301 12
302 7
303 14
304 10
305 9
306 12
307 9
308 15
309 14
310 11
311 9
312 7
313 15
314 18
315 13
316 14
317 10
318 16
319 13
320 5
321 12
322 9
323 10
324 9
325 10
326 13
327 15
328 11
329 9
330 12
331 8
332 8
333 11
334 7
335 12
336 8
337 15
338 16
339 14
340 13
341 20
342 19
343 12
344 21
345 18
346 17
347 9
348 19
349 14
350 13
351 17
352 16
353 8
354 5
355 16
356 12
357 11
358 18
359 14
360 14
361 16
362 8
363 10
364 12
365 6
366 14
367 13
368 12
369 7
370 10
371 9
372 15
373 7
374 9
375 9
376 9
377 7
378 9
379 12
380 10
381 9
382 9
383 15
384 9
385 11
386 11
387 10
388 15
389 7
390 16
391 8
392 13
393 11
394 7
395 16
396 16
397 8
398 11
399 7
400 10
401 9
402 13
403 7
404 7
405 10
406 12
407 9
408 5
409 10
410 4
411 10
412 6
413 11
414 5
415 9
416 9
417 7
418 12
419 6
420 8
421 11
422 15
423 5
424 9
425 8
426 9
427 4
428 5
429 9
430 10
431 12
432 6
433 9
434 8
435 9
436 6
437 10
438 10
439 9
440 8
441 13
442 11
443 7
444 10
445 13
446 10
447 12
448 8
449 8
450 9
451 12
452 10
453 22
454 11
455 12
456 4
457 6
458 3
459 12
460 9
461 9
462 5
463 10
464 6
465 3
466 8
467 6
468 7
469 10
470 9
471 13
472 12
473 4
474 9
475 12
476 9
477 11
478 10
479 4
480 6
481 9
482 13
483 4
484 8
485 8
486 9
487 22
488 14
489 18
490 6
491 12
492 10
493 12
494 4
495 10
496 11
497 16
498 15
499 6
500 9
501 7
502 4
503 12
504 14
505 15
506 14
507 9
508 7
509 13
510 6
511 13
512 9
513 12
514 11
515 5
516 12
517 11
518 13
519 8
520 7
521 11
522 5
523 7
524 13
525 11
526 4
527 11
528 8
529 11
530 12
531 10
532 18
533 9
534 8
535 14
536 10
537 8
538 9
539 11
540 8
541 6
542 10
543 14
544 17
545 12
546 7
547 5
548 8
549 6
550 9
551 6
552 13
553 13
554 11
555 7
556 13
557 7
558 9
559 9
560 8
561 5
562 11
563 5
564 15
565 15
566 11
567 14
568 14
569 11
570 10
571 7
572 11
573 10
574 9
575 7
576 11
577 10
578 14
579 13
580 2
581 7
582 10
583 9
584 14
585 12
586 15
587 9
588 9
589 5
590 3
591 9
592 6
593 10
594 7
595 6
596 11
597 10
598 10
599 7
600 8
601 7
602 6
603 7
604 17
605 6
606 5
607 8
608 8
609 11
610 5
611 9
612 14
613 9
614 11
615 9
616 12
617 10
618 12
619 9
620 7
621 13
622 11
623 10
624 6
625 11
626 7
627 8
628 10
629 15
630 6
631 15
632 10
633 6
634 12
635 7
636 7
637 13
638 8
639 12
640 12
641 10
642 9
643 4
644 6
645 8
646 20
647 9
648 5
649 9
650 11
651 10
652 9
653 8
654 7
655 10
656 10
657 8
658 12
659 12
660 11
661 14
662 15
663 15
664 12
665 12
666 11
667 12
668 5
669 9
670 8
671 10
672 11
673 12
674 8
675 7
676 7
677 7
678 10
679 11
680 7
681 8
682 11
683 19
684 12
685 8
686 13
687 8
688 10
689 10
690 9
691 6
692 7
693 5
694 11
695 13
696 12
697 11
698 11
699 10
700 12
701 11
702 14
703 11
704 6
705 9
706 10
707 6
708 10
709 13
710 11
711 9
712 8
713 13
714 7
715 8
716 9
717 3
718 8
719 11
720 10
721 10
722 11
723 13
724 4
725 13
726 14
727 10
728 16
729 13
730 11
731 17
732 15
733 12
734 8
735 7
736 11
737 7
738 8
739 11
740 7
741 9
742 9
743 7
744 9
745 9
746 11
747 8
748 8
749 15
750 10
751 8
752 6
753 13
754 10
755 8
756 9
757 10
758 11
759 7
760 14
761 12
762 12
763 6
764 9
765 11
766 7
767 5
768 13
769 10
770 12
771 12
772 8
773 11
774 11
775 10
776 12
777 8
778 13
779 15
780 13
781 12
782 6
783 16
784 9
785 13
786 4
787 10
788 18
789 14
790 14
791 9
792 8
793 10
794 12
795 15
796 11
797 5
798 14
799 14
800 9
801 13
802 15
803 9
804 13
805 10
806 14
807 9
808 14
809 3
810 10
811 6
812 13
813 9
814 17
815 11
816 15
817 8
818 10
819 11
820 12
821 11
822 13
823 10
824 8
825 11
826 7
827 11
828 12
829 13
830 11
831 7
832 9
833 10
834 12
835 8
836 10
837 9
838 15
839 13
840 11
841 11
842 11
843 14
844 15
845 5
846 7
847 12
848 12
849 3
850 10
851 15
852 13
853 6
854 14
855 17
856 11
857 10
858 10
859 8
860 11
861 9
862 12
863 5
864 8
865 5
866 10
867 12
868 12
869 15
870 11
871 10
872 11
873 17
874 15
875 6
876 13
877 11
878 5
879 10
880 4
881 10
882 14
883 12
884 17
885 17
886 11
887 12
888 14
889 14
890 9
891 10
892 12
893 16
894 12
895 6
896 12
897 17
898 11
899 4
900 11
901 11
902 7
903 16
904 9
905 13
906 14
907 13
908 7
909 6
910 8
911 9
912 7
913 15
914 13
915 17
916 8
917 18
918 14
919 9
920 13
921 8
922 8
923 14
924 7
925 13
926 9
927 15
928 16
929 14
930 10
931 15
932 10
933 14
934 15
935 19
936 17
937 10
938 10
939 9
940 12
941 19
942 11
943 9
944 8
945 19
946 17
947 14
948 18
949 8
950 12
951 12
952 15
953 14
954 11
955 9
956 8
957 8
958 12
959 9
960 12
961 15
962 18
963 17
964 13
965 11
966 8
967 10
968 11
969 14
970 8
971 12
972 13
973 14
974 14
975 11
976 8
977 11
978 8
979 10
980 11
981 9
982 8
983 10
984 13
985 7
986 6
987 16
988 20
989 9
990 10
991 13
992 13
993 19
994 13
995 16
996 19
997 13
998 11
999 11
1000 12
1001 19
1002 11
1003 15
1004 16
1005 18
1006 10
1007 13
1008 7
1009 15
1010 7
1011 11
1012 12
1013 13
1014 16
1015 22
1016 15
1017 17
1018 15
1019 12
1020 14
1021 12
1022 13
1023 13
1024 14
1025 7
1026 18
1027 21
1028 16
1029 10
1030 10
1031 13
1032 12
1033 19
1034 13
1035 15
1036 9
1037 14
1038 11
1039 8
1040 19
1041 11
1042 10
1043 15
1044 11
1045 8
1046 20
1047 16
1048 13
1049 13
1050 18
1051 20
1052 16
1053 11
1054 18
1055 15
1056 23
1057 19
1058 19
1059 19
1060 17
1061 13
1062 25
1063 21
1064 16
1065 15
1066 11
1067 13
1068 22
1069 14
1070 18
1071 17
1072 21
1073 16
1074 14
1075 19
1076 20
1077 19
1078 13
1079 21
1080 20
1081 14
1082 14
1083 13
1084 18
1085 22
1086 24
1087 25
1088 19
1089 21
1090 14
1091 18
1092 19
1093 14
1094 26
1095 27
1096 27
1097 19
1098 19
1099 20
1100 19
1101 21
1102 26
1103 14
1104 12
1105 30
1106 14
1107 17
1108 19
1109 20
1110 20
1111 23
1112 20
1113 34
1114 18
1115 21
1116 16
1117 20
1118 22
1119 15
1120 34
1121 18
1122 18
1123 17
1124 12
1125 16
1126 25
1127 18
1128 25
1129 32
1130 19
1131 17
1132 18
1133 20
1134 16
1135 18
1136 16
1137 19
1138 30
1139 26
1140 18
1141 40
1142 29
1143 20
1144 30
1145 23
1146 32
1147 21
1148 18
1149 28
1150 26
1151 14
1152 18
1153 16
1154 23
1155 30
1156 29
1157 25
1158 20
1159 19
1160 32
1161 27
1162 26
1163 23
1164 22
1165 21
1166 11
1167 22
1168 25
1169 25
1170 20
1171 29
1172 26
1173 24
1174 17
1175 23
1176 19
1177 23
1178 20
1179 22
1180 22
1181 18
1182 29
1183 32
1184 19
1185 15
1186 16
1187 27
1188 26
1189 23
1190 24
1191 24
1192 33
1193 26
1194 27
1195 26
1196 17
1197 26
1198 23
1199 29
1200 27
1201 17
1202 22
1203 15
1204 14
1205 15
1206 26
1207 23
1208 19
1209 18
1210 32
1211 27
1212 27
1213 27
1214 28
1215 28
1216 24
1217 21
1218 24
1219 18
1220 21
1221 22
1222 30
1223 30
1224 27
1225 24
1226 14
1227 24
1228 25
1229 23
1230 28
1231 22
1232 28
1233 32
1234 34
1235 20
1236 29
1237 26
1238 32
1239 27
1240 39
1241 41
1242 31
1243 36
1244 29
1245 36
1246 31
1247 41
1248 27
1249 20
1250 24
1251 33
1252 25
1253 32
1254 36
1255 42
1256 48
1257 20
1258 34
1259 26
1260 29
1261 29
1262 41
1263 25
1264 33
1265 30
1266 41
1267 36
1268 31
1269 29
1270 40
1271 31
1272 36
1273 32
1274 31
1275 31
1276 39
1277 34
1278 42
1279 40
1280 34
1281 34
1282 32
1283 43
1284 44
1285 27
1286 30
1287 33
1288 36
1289 38
1290 37
1291 29
1292 45
1293 26
1294 26
1295 35
1296 42
1297 40
1298 28
1299 55
1300 42
1301 40
1302 36
1303 34
1304 38
1305 40
1306 38
1307 34
1308 39
1309 40
1310 32
1311 34
1312 27
1313 48
1314 30
1315 34
1316 31
1317 32
1318 31
1319 30
1320 36
1321 32
1322 35
1323 32
1324 32
1325 30
1326 36
1327 26
1328 24
1329 36
1330 31
1331 33
1332 23
1333 35
1334 32
1335 27
1336 40
1337 26
1338 40
1339 24
1340 29
1341 25
1342 17
1343 38
1344 32
1345 33
1346 20
1347 20
1348 27
1349 21
1350 15
1351 28
1352 36
1353 31
1354 23
1355 27
1356 23
1357 14
1358 39
1359 26
1360 22
1361 21
1362 31
1363 31
1364 22
1365 17
1366 20
1367 22
1368 20
1369 25
1370 22
1371 18
1372 17
1373 28
1374 22
1375 18
1376 22
1377 33
1378 24
1379 18
1380 23
1381 16
1382 29
1383 20
1384 28
1385 29
1386 17
1387 18
1388 22
1389 25
1390 19
1391 33
1392 22
1393 22
1394 20
1395 24
1396 25
1397 27
1398 28
1399 30
1400 27
1401 34
1402 30
1403 22
1404 39
1405 34
1406 19
1407 38
1408 22
1409 32
1410 30
1411 28
1412 24
1413 32
1414 26
1415 33
1416 44
1417 34
1418 36
1419 40
1420 29
1421 36
1422 29
1423 36
1424 55
1425 29
1426 31
1427 26
1428 28
1429 32
1430 47
1431 47
1432 34
1433 27
1434 42
1435 39
1436 41
1437 45
1438 56
1439 33
1440 44
1441 41
1442 35
1443 43
1444 38
1445 37
1446 41
1447 44
1448 39
1449 41
1450 36
1451 45
1452 28
1453 41
1454 35
1455 40
1456 41
1457 46
1458 43
1459 49
1460 42
1461 38
1462 47
1463 42
1464 28
1465 41
1466 43
1467 49
1468 34
1469 39
1470 32
1471 34
1472 24
1473 38
1474 31
1475 23
1476 39
1477 33
1478 30
1479 33
1480 29
1481 41
1482 24
1483 31
1484 37
1485 22
1486 39
1487 31
1488 41
1489 30
1490 30
1491 23
1492 24
1493 22
1494 37
1495 23
1496 28
1497 18
1498 19
1499 17
1500 23
1501 17
1502 24
1503 21
1504 22
1505 20
1506 18
1507 27
1508 17
1509 21
1510 12
1511 13
1512 13
1513 14
1514 11
1515 15
1516 17
1517 12
1518 16
1519 14
1520 17
1521 14
1522 17
1523 13
1524 12
1525 13
1526 18
1527 8
1528 5
1529 11
1530 7
1531 11
1532 11
1533 12
1534 10
1535 6
1536 14
1537 10
1538 13
1539 16
1540 6
1541 7
1542 11
1543 12
1544 8
1545 7
1546 11
1547 9
1548 7
1549 5
1550 5
1551 8
1552 7
1553 12
1554 9
1555 3
1556 5
1557 12
1558 8
1559 5
1560 7
1561 10
1562 3
1563 1
1564 13
1565 9
1566 11
1567 7
1568 3
1569 5
1570 6
1571 9
1572 10
1573 5
1574 5
1575 5
1576 10
1577 6
1578 9
1579 4
1580 6
1581 7
1582 7
1583 5
1584 6
1585 6
1586 4
1587 10
1588 9
1589 8
1590 6
1591 7
1592 4
1593 12
1594 11
1595 15
1596 10
1597 6
1598 7
1599 9
1600 8
1601 8
1602 5
1603 8
1604 9
1605 11
1606 9
1607 7
1608 6
1609 7
1610 11
1611 17
1612 12
1613 12
1614 8
1615 9
1616 6
1617 13
1618 10
1619 11
1620 12
1621 8
1622 4
1623 7
1624 7
1625 8
1626 7
1627 15
1628 11
1629 11
1630 6
1631 11
1632 14
1633 4
1634 5
1635 8
1636 6
1637 8
1638 7
1639 8
1640 6
1641 8
1642 6
1643 12
1644 7
1645 2
1646 3
1647 3
1648 7
1649 9
1650 6
1651 2
1652 4
1653 6
1654 7
1655 1
1656 1
1657 4
1658 3
1659 7
1660 5
1661 5
1662 4
1663 6
1664 0
1665 2
1666 3
1667 1
1668 3
1669 2
1670 1
1671 3
1672 0
1673 2
1674 3
1675 6
1676 0
1677 0
1678 0
1679 4
1680 1
1681 0
1682 0
1683 0
1684 0
1685 2
1686 4
1687 5
1688 3
1689 2
1690 3
1691 2
1692 1
1693 1
1694 2
1695 0
1696 1
1697 2
1698 0
1699 0
1700 0
1701 0
1702 0
1703 1
1704 1
1705 1
1706 1
1707 0
1708 0
1709 0
1710 0
1711 0
1712 0
1713 0
1714 0
1715 0
1716 0
1717 0
1718 0
1719 1
1720 1
1721 0
1722 0
1723 0
1724 0
1725 0
1726 0
1727 0
1728 0
1729 0
1730 0
1731 0
1732 0
1733 1
1734 0
1735 0
1736 0
1737 0
1738 0
1739 1
1740 0
1741 0
1742 1
1743 0
1744 0
1745 0
1746 0
1747 1
1748 0
1749 0
1750 0
1751 0
1752 0
1753 1
1754 2
1755 0
1756 0
1757 0
1758 0
1759 0
1760 0
1761 2
1762 1
1763 0
1764 1
1765 1
1766 0
1767 0
1768 1
1769 1
1770 0
1771 2
1772 1
1773 0
1774 1
1775 0
1776 0
1777 0
1778 0
1779 0
1780 0
1781 0
1782 0
1783 0
1784 0
1785 0
1786 1
1787 0
1788 0
1789 0
1790 0
1791 0
1792 0
1793 0
1794 0
1795 0
1796 0
1797 0
1798 1
1799 1
1800 0
1801 0
1802 0
1803 0
1804 0
1805 0
1806 0
1807 0
1808 0
1809 0
1810 0
1811 0
1812 0
1813 0
1814 0
1815 0
1816 0
1817 0
1818 2
1819 0
1820 0
1821 0
1822 0
1823 0
1824 1
1825 2
1826 0
1827 1
1828 1
1829 0
1830 0
1831 1
1832 0
1833 0
1834 1
1835 0
1836 1
1837 0
1838 1
1839 0
1840 0
1841 1
1842 0
1843 2
1844 0
1845 1
1846 0
1847 2
1848 1
1849 0
1850 0
1851 0
1852 0
1853 0
1854 0
1855 0
1856 1
1857 0
1858 1
1859 0
1860 0
1861 0
1862 0
1863 0
1864 0
1865 0
1866 0
1867 0
1868 0
1869 0
1870 0
1871 0
1872 0
1873 1
1874 0
1875 0
1876 0
1877 0
1878 0
1879 0
1880 2
1881 0
1882 0
1883 0
1884 1
1885 0
1886 0
1887 2
1888 1
1889 3
1890 0
1891 0
1892 0
1893 0
1894 2
1895 3
1896 0
1897 2
1898 1
1899 2
1900 0
1901 1
1902 0
1903 0
1904 1
1905 0
1906 0
1907 0
1908 0
1909 1
1910 0
1911 1
1912 0
1913 0
1914 0
1915 1
1916 0
1917 0
1918 1
1919 0
1920 0
1921 0
1922 0
1923 1
1924 0
1925 0
1926 1
1927 0
1928 0
1929 0
1930 0
1931 0
1932 1
1933 1
1934 1
1935 0
1936 0
1937 0
1938 1
1939 0
1940 0
1941 0
1942 1
1943 1
1944 0
1945 0
1946 0
1947 1
1948 0
1949 0
1950 0
1951 0
1952 0
1953 0
1954 0
1955 0
1956 0
1957 0
1958 0
1959 0
1960 0
1961 0
1962 1
1963 0
1964 0
1965 1
1966 1
1967 1
1968 1
1969 0
1970 0
1971 1
1972 1
1973 0
1974 2
1975 2
1976 0
1977 1
1978 0
1979 0
1980 0
1981 1
1982 0
1983 2
1984 0
1985 1
1986 0
1987 0
1988 0
1989 0
1990 0
1991 0
1992 0
1993 0
1994 2
1995 1
1996 0
1997 0
1998 2
1999 0
2000 0
2001 0
2002 0
2003 0
2004 1
2005 1
2006 0
2007 0
2008 1
2009 1
2010 0
2011 0
2012 1
2013 0
2014 0
2015 0
2016 0
2017 0
2018 1
2019 0
2020 0
2021 0
2022 1
2023 0
2024 0
2025 2
2026 0
2027 0
2028 1
2029 0
2030 0
2031 0
2032 0
2033 0
2034 0
2035 0
2036 0
2037 0
2038 0
2039 0
2040 0
2041 0
2042 0
2043 0
2044 0
2045 0
2046 0
2047 0
