# Dead time factor = 1.00000
0 0
1 0
2 0
3 0
4 0
5 0
6 0
7 0
8 0
9 0
10 0
11 0
12 0
13 0
14 0
15 0
16 0
17 0
18 0
19 0
20 0
21 2
22 13
23 13
24 7
25 10
26 13
27 11
28 10
29 12
30 4
31 15
32 10
33 11
34 19
35 16
36 20
37 25
38 37
39 21
40 21
41 23
42 21
43 24
44 17
45 33
46 35
47 38
48 59
49 86
50 120
51 109
52 145
53 110
54 75
55 51
56 39
57 25
58 17
59 19
60 18
61 6
62 12
63 9
64 5
65 8
66 3
67 10
68 7
69 7
70 5
71 4
72 5
73 4
74 5
75 2
76 3
77 5
78 3
79 2
80 1
81 4
82 1
83 4
84 6
85 6
86 2
87 3
88 3
89 8
90 4
91 3
92 4
93 0
94 3
95 3
96 4
97 1
98 3
99 4
100 4
101 1
102 0
103 3
104 5
105 1
106 0
107 2
108 0
109 0
110 3
111 2
112 3
113 2
114 2
115 3
116 3
117 1
118 3
119 5
120 2
121 2
122 0
123 1
124 3
125 1
126 2
127 1
128 2
129 1
130 2
131 4
132 2
133 2
134 2
135 1
136 1
137 1
138 2
139 1
140 1
141 2
142 0
143 2
144 3
145 1
146 0
147 2
148 1
149 1
150 2
151 0
152 0
153 1
154 1
155 0
156 2
157 0
158 0
159 0
160 4
161 1
162 2
163 0
164 0
165 1
166 0
167 1
168 1
169 0
170 2
171 1
172 3
173 0
174 0
175 1
176 3
177 1
178 1
179 2
180 5
181 0
182 0
183 1
184 1
185 2
186 1
187 1
188 1
189 0
190 0
191 0
192 3
193 2
194 0
195 1
196 2
197 1
198 1
199 1
200 1
201 0
202 1
203 0
204 1
205 0
206 1
207 0
208 2
209 0
210 1
211 1
212 1
213 2
214 0
215 0
216 1
217 1
218 1
219 1
220 2
221 0
222 0
223 1
224 0
225 1
226 0
227 1
228 0
229 1
230 2
231 3
232 1
233 1
234 0
235 0
236 2
237 1
238 1
239 1
240 0
241 1
242 1
243 0
244 2
245 0
246 1
247 0
248 0
249 2
250 0
251 0
252 0
253 0
254 1
255 1
256 0
257 2
258 0
259 0
260 1
261 0
262 0
263 2
264 0
265 4
266 2
267 0
268 0
269 0
270 1
271 0
272 0
273 0
274 0
275 0
276 0
277 2
278 1
279 0
280 1
281 1
282 0
283 2
284 0
285 0
286 0
287 0
288 0
289 4
290 2
291 1
292 0
293 4
294 1
295 0
296 2
297 1
298 1
299 1
300 1
301 1
302 0
303 0
304 1
305 1
306 0
307 0
308 0
309 0
310 1
311 1
312 0
313 0
314 1
315 0
316 0
317 0
318 0
319 1
320 1
321 2
322 1
323 1
324 1
325 1
326 0
327 1
328 0
329 1
330 2
331 1
332 1
333 0
334 0
335 0
336 1
337 1
338 0
339 0
340 1
341 0
342 1
343 1
344 0
345 0
346 0
347 0
348 1
349 1
350 0
351 2
352 1
353 0
354 1
355 0
356 0
357 0
358 0
359 1
360 1
361 1
362 0
363 0
364 2
365 1
366 1
367 1
368 1
369 0
370 3
371 1
372 0
373 1
374 0
375 3
376 1
377 1
378 1
379 1
380 2
381 0
382 0
383 1
384 0
385 0
386 0
387 0
388 0
389 1
390 1
391 0
392 0
393 0
394 0
395 0
396 0
397 0
398 1
399 0
400 2
401 0
402 0
403 0
404 0
405 0
406 1
407 1
408 0
409 2
410 0
411 0
412 0
413 3
414 0
415 0
416 0
417 0
418 0
419 0
420 1
421 0
422 1
423 1
424 2
425 0
426 1
427 0
428 0
429 0
430 0
431 1
432 1
433 0
434 0
435 0
436 1
437 0
438 0
439 0
440 1
441 0
442 1
443 0
444 0
445 1
446 1
447 2
448 0
449 1
450 0
451 0
452 0
453 0
454 0
455 1
456 0
457 0
458 1
459 1
460 0
461 0
462 0
463 1
464 1
465 0
466 0
467 1
468 0
469 0
470 0
471 0
472 0
473 1
474 0
475 0
476 1
477 0
478 0
479 0
480 0
481 1
482 2
483 0
484 1
485 0
486 0
487 0
488 0
489 0
490 0
491 0
492 0
493 0
494 1
495 0
496 1
497 0
498 0
499 0
500 0
501 0
502 0
503 0
504 0
505 1
506 0
507 1
508 0
509 0
510 0
511 0
512 0
513 1
514 0
515 0
516 0
517 0
518 0
519 1
520 2
521 0
522 0
523 0
524 1
525 0
526 0
527 0
528 0
529 0
530 0
531 0
532 0
533 0
534 0
535 1
536 0
537 1
538 0
539 0
540 0
541 1
542 0
543 0
544 0
545 1
546 1
547 1
548 0
549 1
550 1
551 0
552 0
553 0
554 1
555 1
556 2
557 0
558 0
559 0
560 0
561 0
562 0
563 0
564 0
565 0
566 0
567 0
568 0
569 2
570 0
571 0
572 0
573 0
574 0
575 2
576 0
577 0
578 0
579 0
580 2
581 0
582 0
583 0
584 1
585 1
586 0
587 0
588 2
589 0
590 0
591 1
592 0
593 1
594 0
595 0
596 0
597 0
598 0
599 0
600 1
601 0
602 1
603 0
604 0
605 1
606 1
607 0
608 1
609 1
610 1
611 1
612 0
613 0
614 0
615 1
616 1
617 0
618 1
619 0
620 0
621 0
622 0
623 0
624 0
625 0
626 0
627 0
628 0
629 0
630 0
631 0
632 0
633 0
634 1
635 0
636 0
637 1
638 0
639 0
640 0
641 0
642 1
643 0
644 0
645 0
646 1
647 0
648 0
649 1
650 0
651 1
652 0
653 0
654 0
655 1
656 0
657 1
658 1
659 0
660 0
661 0
662 0
663 0
664 0
665 0
666 2
667 0
668 0
669 0
670 2
671 0
672 1
673 0
674 0
675 0
676 1
677 0
678 0
679 0
680 0
681 0
682 0
683 1
684 0
685 0
686 1
687 0
688 0
689 0
690 1
691 1
692 0
693 0
694 0
695 2
696 0
697 1
698 0
699 0
700 0
701 0
702 1
703 0
704 0
705 0
706 0
707 0
708 0
709 0
710 0
711 0
712 0
713 1
714 0
715 0
716 0
717 0
718 0
719 1
720 1
721 1
722 0
723 0
724 0
725 0
726 0
727 0
728 1
729 0
730 0
731 0
732 0
733 1
734 0
735 0
736 1
737 0
738 1
739 0
740 1
741 1
742 0
743 1
744 0
745 0
746 0
747 0
748 0
749 0
750 0
751 0
752 0
753 1
754 0
755 0
756 0
757 0
758 0
759 1
760 1
761 0
762 0
763 0
764 0
765 0
766 0
767 0
768 0
769 1
770 2
771 0
772 0
773 0
774 0
775 0
776 0
777 1
778 1
779 0
780 0
781 0
782 0
783 0
784 0
785 0
786 0
787 0
788 1
789 0
790 0
791 0
792 0
793 0
794 0
795 1
796 0
797 0
798 0
799 2
800 0
801 0
802 0
803 1
804 0
805 0
806 1
807 2
808 1
809 1
810 0
811 0
812 0
813 0
814 0
815 1
816 0
817 0
818 1
819 0
820 0
821 0
822 0
823 0
824 0
825 1
826 0
827 0
828 0
829 0
830 2
831 0
832 0
833 0
834 0
835 0
836 0
837 0
838 1
839 0
840 0
841 1
842 0
843 0
844 0
845 0
846 0
847 1
848 2
849 1
850 0
851 0
852 0
853 0
854 0
855 0
856 0
857 0
858 0
859 0
860 0
861 0
862 1
863 0
864 0
865 1
866 0
867 1
868 0
869 0
870 0
871 0
872 0
873 0
874 1
875 1
876 0
877 1
878 0
879 1
880 0
881 0
882 0
883 0
884 0
885 0
886 0
887 0
888 0
889 0
890 0
891 0
892 0
893 0
894 1
895 0
896 1
897 0
898 0
899 0
900 0
901 0
902 1
903 2
904 1
905 0
906 1
907 0
908 1
909 0
910 0
911 1
912 0
913 1
914 1
915 0
916 0
917 0
918 1
919 0
920 0
921 0
922 1
923 0
924 0
925 0
926 1
927 0
928 0
929 1
930 0
931 0
932 0
933 0
934 1
935 0
936 0
937 0
938 0
939 0
940 0
941 0
942 1
943 1
944 0
945 0
946 0
947 0
948 0
949 0
950 0
951 0
952 0
953 1
954 1
955 1
956 0
957 0
958 1
959 0
960 0
961 1
962 1
963 0
964 0
965 0
966 1
967 1
968 0
969 0
970 0
971 1
972 1
973 0
974 0
975 0
976 0
977 0
978 0
979 0
980 0
981 0
982 0
983 1
984 0
985 1
986 0
987 0
988 0
989 0
990 0
991 0
992 0
993 2
994 0
995 0
996 0
997 0
998 1
999 1
1000 1
1001 0
1002 1
1003 0
1004 1
1005 0
1006 0
1007 0
1008 1
1009 0
1010 0
1011 1
1012 0
1013 0
1014 0
1015 0
1016 1
1017 0
1018 0
1019 0
1020 0
1021 1
1022 0
1023 1
1024 2
1025 1
1026 0
1027 0
1028 0
1029 0
1030 1
1031 0
1032 0
1033 0
1034 1
1035 1
1036 0
1037 1
1038 0
1039 0
1040 0
1041 0
1042 0
1043 0
1044 0
1045 0
1046 1
1047 0
1048 0
1049 0
1050 0
1051 0
1052 1
1053 0
1054 2
1055 0
1056 0
1057 0
1058 0
1059 0
1060 0
1061 0
1062 0
1063 0
1064 0
1065 0
1066 0
1067 1
1068 1
1069 1
1070 0
1071 0
1072 0
1073 1
1074 0
1075 0
1076 1
1077 1
1078 0
1079 0
1080 1
1081 0
1082 1
1083 0
1084 0
1085 0
1086 0
1087 2
1088 0
1089 0
1090 0
1091 1
1092 1
1093 0
1094 2
1095 0
1096 0
1097 1
1098 0
1099 1
1100 0
1101 2
1102 1
1103 0
1104 1
1105 0
1106 0
1107 0
1108 0
1109 0
1110 0
1111 0
1112 0
1113 0
1114 2
1115 0
1116 0
1117 1
1118 2
1119 0
1120 1
1121 1
1122 1
1123 1
1124 1
1125 0
1126 0
1127 0
1128 1
1129 0
1130 0
1131 1
1132 0
1133 2
1134 1
1135 0
1136 0
1137 0
1138 0
1139 0
1140 0
1141 0
1142 1
1143 0
1144 0
1145 0
1146 1
1147 0
1148 1
1149 1
1150 0
1151 0
1152 1
1153 2
1154 0
1155 0
1156 1
1157 1
1158 0
1159 2
1160 1
1161 0
1162 0
1163 0
1164 1
1165 1
1166 1
1167 0
1168 1
1169 0
1170 1
1171 1
1172 0
1173 1
1174 2
1175 0
1176 2
1177 0
1178 0
1179 0
1180 1
1181 0
1182 0
1183 1
1184 3
1185 0
1186 0
1187 2
1188 1
1189 0
1190 0
1191 0
1192 0
1193 1
1194 1
1195 1
1196 1
1197 0
1198 0
1199 1
1200 0
1201 0
1202 0
1203 0
1204 0
1205 1
1206 0
1207 2
1208 1
1209 1
1210 1
1211 0
1212 0
1213 2
1214 0
1215 0
1216 0
1217 0
1218 1
1219 1
1220 0
1221 0
1222 0
1223 0
1224 0
1225 2
1226 0
1227 1
1228 0
1229 0
1230 0
1231 1
1232 2
1233 0
1234 0
1235 1
1236 0
1237 2
1238 1
1239 0
1240 1
1241 0
1242 0
1243 1
1244 3
1245 1
1246 1
1247 1
1248 0
1249 2
1250 0
1251 1
1252 1
1253 1
1254 2
1255 0
1256 0
1257 1
1258 0
1259 0
1260 1
1261 1
1262 2
1263 1
1264 0
1265 0
1266 0
1267 0
1268 1
1269 1
1270 0
1271 0
1272 2
1273 0
1274 0
1275 1
1276 0
1277 2
1278 1
1279 1
1280 0
1281 2
1282 2
1283 2
1284 0
1285 0
1286 0
1287 1
1288 1
1289 1
1290 0
1291 0
1292 0
1293 2
1294 1
1295 0
1296 1
1297 0
1298 1
1299 1
1300 1
1301 0
1302 1
1303 1
1304 0
1305 0
1306 2
1307 2
1308 0
1309 3
1310 0
1311 3
1312 1
1313 0
1314 1
1315 1
1316 0
1317 1
1318 3
1319 3
1320 2
1321 2
1322 1
1323 2
1324 0
1325 1
1326 2
1327 0
1328 0
1329 1
1330 1
1331 1
1332 0
1333 0
1334 0
1335 1
1336 0
1337 1
1338 0
1339 0
1340 1
1341 0
1342 1
1343 1
1344 0
1345 0
1346 0
1347 1
1348 1
1349 0
1350 2
1351 1
1352 0
1353 0
1354 1
1355 1
1356 0
1357 1
1358 1
1359 0
1360 2
1361 0
1362 0
1363 0
1364 0
1365 1
1366 0
1367 1
1368 0
1369 0
1370 1
1371 0
1372 2
1373 0
1374 0
1375 2
1376 1
1377 0
1378 1
1379 0
1380 1
1381 0
1382 0
1383 0
1384 1
1385 1
1386 1
1387 0
1388 1
1389 1
1390 0
1391 1
1392 1
1393 0
1394 0
1395 2
1396 0
1397 1
1398 0
1399 0
1400 1
1401 0
1402 2
1403 1
1404 0
1405 0
1406 1
1407 0
1408 0
1409 0
1410 0
1411 0
1412 0
1413 0
1414 0
1415 1
1416 0
1417 0
1418 1
1419 2
1420 1
1421 0
1422 1
1423 0
1424 2
1425 2
1426 0
1427 1
1428 0
1429 1
1430 1
1431 1
1432 0
1433 1
1434 2
1435 1
1436 1
1437 1
1438 1
1439 0
1440 1
1441 0
1442 0
1443 1
1444 2
1445 2
1446 0
1447 2
1448 0
1449 0
1450 1
1451 1
1452 1
1453 1
1454 1
1455 0
1456 1
1457 1
1458 1
1459 0
1460 0
1461 0
1462 1
1463 0
1464 1
1465 1
1466 1
1467 1
1468 0
1469 0
1470 1
1471 2
1472 0
1473 0
1474 0
1475 0
1476 1
1477 1
1478 2
1479 0
1480 0
1481 2
1482 1
1483 1
1484 1
1485 1
1486 1
1487 0
1488 0
1489 0
1490 1
1491 0
1492 2
1493 0
1494 0
1495 2
1496 0
1497 1
1498 2
1499 1
1500 1
1501 1
1502 0
1503 0
1504 0
1505 0
1506 0
1507 0
1508 0
1509 1
1510 0
1511 1
1512 0
1513 0
1514 0
1515 1
1516 0
1517 0
1518 0
1519 0
1520 0
1521 0
1522 0
1523 0
1524 1
1525 1
1526 1
1527 0
1528 0
1529 0
1530 0
1531 0
1532 0
1533 0
1534 0
1535 0
1536 0
1537 0
1538 3
1539 1
1540 1
1541 0
1542 0
1543 0
1544 0
1545 0
1546 0
1547 0
1548 0
1549 0
1550 0
1551 0
1552 0
1553 0
1554 0
1555 0
1556 0
1557 0
1558 0
1559 0
1560 0
1561 0
1562 0
1563 0
1564 0
1565 0
1566 1
1567 1
1568 0
1569 0
1570 0
1571 0
1572 1
1573 0
1574 0
1575 0
1576 0
1577 0
1578 0
1579 0
1580 0
1581 0
1582 1
1583 0
1584 0
1585 0
1586 1
1587 1
1588 0
1589 0
1590 0
1591 0
1592 0
1593 0
1594 0
1595 0
1596 0
1597 1
1598 0
1599 0
1600 0
1601 0
1602 0
1603 0
1604 0
1605 1
1606 0
1607 1
1608 0
1609 0
1610 0
1611 0
1612 0
1613 0
1614 0
1615 0
1616 0
1617 0
1618 0
1619 0
1620 0
1621 1
1622 0
1623 0
1624 0
1625 1
1626 0
1627 0
1628 2
1629 0
1630 0
1631 0
1632 0
1633 0
1634 2
1635 0
1636 1
1637 1
1638 0
1639 1
1640 2
1641 0
1642 0
1643 0
1644 0
1645 0
1646 0
1647 0
1648 0
1649 0
1650 0
1651 1
1652 1
1653 0
1654 0
1655 0
1656 0
1657 0
1658 0
1659 0
1660 0
1661 1
1662 0
1663 0
1664 0
1665 0
1666 0
1667 1
1668 0
1669 0
1670 0
1671 1
1672 0
1673 0
1674 0
1675 0
1676 0
1677 1
1678 0
1679 0
1680 1
1681 0
1682 0
1683 0
1684 0
1685 0
1686 0
1687 0
1688 0
1689 0
1690 0
1691 0
1692 0
1693 0
1694 0
1695 1
1696 0
1697 0
1698 0
1699 0
1700 0
1701 0
1702 0
1703 0
1704 0
1705 0
1706 1
1707 0
1708 0
1709 0
1710 0
1711 0
1712 0
1713 0
1714 0
1715 1
1716 0
1717 0
1718 0
1719 0
1720 0
1721 0
1722 0
1723 1
1724 0
1725 1
1726 0
1727 0
1728 0
1729 0
1730 0
1731 0
1732 0
1733 0
1734 0
1735 0
1736 0
1737 0
1738 0
1739 0
1740 0
1741 0
1742 1
1743 0
1744 0
1745 0
1746 0
1747 0
1748 0
1749 0
1750 0
1751 0
1752 0
1753 0
1754 0
1755 0
1756 0
1757 0
1758 0
1759 0
1760 0
1761 0
1762 0
1763 0
1764 0
1765 0
1766 0
1767 0
1768 0
1769 0
1770 0
1771 0
1772 0
1773 0
1774 0
1775 0
1776 1
1777 1
1778 0
1779 0
1780 0
1781 0
1782 0
1783 0
1784 0
1785 0
1786 0
1787 0
1788 0
1789 0
1790 0
1791 0
1792 0
1793 0
1794 1
1795 0
1796 0
1797 0
1798 0
1799 0
1800 0
1801 0
1802 0
1803 0
1804 0
1805 0
1806 0
1807 0
1808 0
1809 0
1810 0
1811 1
1812 0
1813 0
1814 0
1815 0
1816 0
1817 0
1818 0
1819 0
1820 0
1821 1
1822 0
1823 0
1824 1
1825 0
1826 0
1827 1
1828 1
1829 0
1830 0
1831 0
1832 0
1833 0
1834 0
1835 0
1836 0
1837 0
1838 0
1839 0
1840 0
1841 0
1842 0
1843 0
1844 0
1845 0
1846 0
1847 0
1848 0
1849 0
1850 0
1851 0
1852 1
1853 1
1854 0
1855 0
1856 0
1857 0
1858 0
1859 0
1860 0
1861 0
1862 0
1863 0
1864 1
1865 0
1866 0
1867 0
1868 0
1869 0
1870 0
1871 1
1872 1
1873 1
1874 0
1875 0
1876 0
1877 0
1878 0
1879 0
1880 0
1881 0
1882 0
1883 0
1884 0
1885 0
1886 0
1887 0
1888 0
1889 0
1890 0
1891 1
1892 1
1893 0
1894 0
1895 0
1896 0
1897 0
1898 0
1899 1
1900 0
1901 0
1902 0
1903 0
1904 0
1905 0
1906 0
1907 0
1908 0
1909 0
1910 1
1911 0
1912 0
1913 0
1914 0
1915 0
1916 0
1917 0
1918 0
1919 0
1920 0
1921 0
1922 0
1923 0
1924 0
1925 0
1926 0
1927 0
1928 0
1929 0
1930 0
1931 0
1932 0
1933 0
1934 0
1935 0
1936 1
1937 0
1938 0
1939 0
1940 0
1941 0
1942 0
1943 0
1944 0
1945 0
1946 0
1947 0
1948 0
1949 0
1950 1
1951 0
1952 0
1953 0
1954 0
1955 0
1956 0
1957 0
1958 0
1959 0
1960 1
1961 0
1962 0
1963 0
1964 1
1965 0
1966 0
1967 2
1968 0
1969 0
1970 1
1971 0
1972 0
1973 0
1974 0
1975 0
1976 0
1977 0
1978 0
1979 1
1980 0
1981 1
1982 0
1983 0
1984 0
1985 0
1986 0
1987 0
1988 1
1989 0
1990 0
1991 0
1992 0
1993 1
1994 0
1995 0
1996 0
1997 0
1998 0
1999 0
2000 0
2001 0
2002 0
2003 0
2004 0
2005 0
2006 1
2007 0
2008 0
2009 1
2010 0
2011 0
2012 0
2013 0
2014 0
2015 0
2016 0
2017 0
2018 0
2019 1
2020 0
2021 0
2022 0
2023 0
2024 1
2025 0
2026 0
2027 0
2028 1
2029 0
2030 0
2031 0
2032 0
2033 0
2034 0
2035 0
2036 0
2037 0
2038 0
2039 0
2040 0
2041 0
2042 0
2043 0
2044 0
2045 0
2046 0
2047 0
