# Dead time factor = 1.00000
0 0
1 0
2 0
3 0
4 0
5 0
6 0
7 0
8 0
9 0
10 0
11 0
12 0
13 0
14 0
15 0
16 0
17 0
18 0
19 0
20 0
21 27
22 39
23 30
24 30
25 34
26 31
27 35
28 25
29 25
30 31
31 40
32 49
33 35
34 40
35 52
36 39
37 51
38 53
39 48
40 57
41 48
42 54
43 48
44 65
45 50
46 57
47 82
48 106
49 139
50 170
51 184
52 159
53 135
54 124
55 97
56 82
57 60
58 43
59 56
60 39
61 43
62 24
63 38
64 27
65 41
66 25
67 37
68 28
69 32
70 26
71 24
72 20
73 37
74 33
75 29
76 39
77 34
78 30
79 29
80 50
81 39
82 34
83 36
84 40
85 29
86 38
87 37
88 27
89 38
90 40
91 36
92 24
93 31
94 34
95 37
96 30
97 40
98 31
99 29
100 28
101 16
102 20
103 36
104 23
105 22
106 31
107 25
108 28
109 27
110 34
111 21
112 22
113 19
114 20
115 22
116 21
117 13
118 22
119 28
120 30
121 28
122 28
123 23
124 17
125 30
126 22
127 14
128 23
129 21
130 27
131 14
132 27
133 20
134 20
135 22
136 15
137 13
138 21
139 24
140 27
141 19
142 23
143 24
144 21
145 25
146 14
147 16
148 17
149 22
150 8
151 16
152 17
153 13
154 28
155 22
156 15
157 32
158 14
159 25
160 14
161 20
162 31
163 28
164 30
165 40
166 31
167 29
168 42
169 40
170 36
171 47
172 44
173 41
174 33
175 48
176 29
177 28
178 32
179 36
180 28
181 21
182 19
183 24
184 20
185 24
186 19
187 24
188 30
189 14
190 19
191 29
192 16
193 20
194 33
195 11
196 23
197 14
198 18
199 18
200 19
201 17
202 13
203 16
204 18
205 16
206 17
207 6
208 12
209 23
210 10
211 11
212 14
213 23
214 18
215 21
216 19
217 13
218 18
219 15
220 19
221 24
222 15
223 20
224 19
225 13
226 14
227 17
228 17
229 13
230 20
231 13
232 21
233 15
234 11
235 17
236 12
237 12
238 17
239 15
240 18
241 19
242 14
243 17
244 19
245 17
246 11
247 9
248 14
249 12
250 21
251 14
252 18
253 10
254 13
255 15
256 19
257 20
258 11
259 15
260 17
261 18
262 15
263 20
264 22
265 22
266 6
267 16
268 18
269 9
270 10
271 14
272 18
273 15
274 9
275 17
276 16
277 18
278 17
279 10
280 6
281 9
282 10
283 14
284 12
285 17
286 14
287 12
288 12
289 18
290 17
291 14
292 10
293 15
294 13
295 12
296 8
297 5
298 6
299 9
300 12
301 12
302 16
303 11
304 9
305 14
306 14
307 17
308 19
309 5
310 16
311 12
312 13
313 12
314 9
315 10
316 11
317 8
318 17
319 17
320 10
321 8
322 11
323 19
324 11
325 11
326 17
327 13
328 15
329 9
330 10
331 10
332 8
333 12
334 12
335 18
336 13
337 9
338 13
339 16
340 13
341 19
342 17
343 7
344 9
345 13
346 11
347 17
348 12
349 16
350 19
351 12
352 17
353 13
354 19
355 16
356 14
357 16
358 16
359 17
360 11
361 10
362 14
363 12
364 13
365 10
366 9
367 9
368 12
369 6
370 15
371 8
372 11
373 15
374 11
375 13
376 10
377 19
378 10
379 12
380 11
381 10
382 7
383 11
384 8
385 9
386 11
387 7
388 16
389 15
390 11
391 10
392 13
393 16
394 22
395 10
396 15
397 10
398 12
399 10
400 8
401 16
402 11
403 12
404 9
405 14
406 11
407 10
408 14
409 13
410 14
411 7
412 15
413 9
414 12
415 12
416 15
417 12
418 10
419 6
420 5
421 8
422 8
423 11
424 4
425 15
426 10
427 17
428 8
429 9
430 8
431 11
432 6
433 6
434 14
435 2
436 9
437 13
438 9
439 7
440 8
441 7
442 12
443 11
444 11
445 13
446 13
447 12
448 9
449 9
450 17
451 8
452 11
453 6
454 9
455 13
456 7
457 10
458 19
459 15
460 16
461 10
462 8
463 13
464 11
465 11
466 14
467 15
468 3
469 13
470 12
471 7
472 14
473 4
474 8
475 9
476 8
477 15
478 11
479 9
480 9
481 17
482 7
483 12
484 8
485 13
486 15
487 18
488 14
489 10
490 7
491 14
492 14
493 11
494 13
495 8
496 12
497 10
498 7
499 10
500 9
501 13
502 6
503 11
504 16
505 9
506 9
507 17
508 9
509 18
510 11
511 13
512 8
513 12
514 12
515 6
516 11
517 9
518 11
519 13
520 15
521 9
522 10
523 12
524 15
525 6
526 13
527 17
528 13
529 10
530 10
531 13
532 5
533 8
534 13
535 11
536 13
537 12
538 10
539 11
540 7
541 8
542 6
543 13
544 5
545 7
546 12
547 10
548 11
549 15
550 12
551 11
552 12
553 11
554 10
555 10
556 10
557 9
558 9
559 11
560 9
561 18
562 9
563 12
564 8
565 13
566 20
567 16
568 7
569 10
570 11
571 9
572 11
573 10
574 12
575 18
576 13
577 7
578 7
579 17
580 11
581 12
582 11
583 12
584 13
585 10
586 2
587 6
588 10
589 14
590 7
591 7
592 6
593 10
594 7
595 12
596 7
597 6
598 7
599 16
600 12
601 11
602 15
603 11
604 5
605 5
606 12
607 10
608 6
609 9
610 6
611 14
612 13
613 5
614 13
615 10
616 9
617 13
618 10
619 10
620 6
621 9
622 7
623 9
624 10
625 9
626 10
627 15
628 14
629 15
630 8
631 13
632 12
633 10
634 14
635 10
636 10
637 11
638 19
639 10
640 10
641 13
642 8
643 11
644 12
645 7
646 14
647 10
648 5
649 5
650 9
651 12
652 17
653 17
654 5
655 8
656 7
657 9
658 14
659 7
660 11
661 13
662 8
663 11
664 4
665 11
666 12
667 13
668 10
669 9
670 11
671 11
672 3
673 8
674 10
675 16
676 15
677 11
678 11
679 11
680 8
681 18
682 13
683 7
684 6
685 13
686 17
687 13
688 14
689 11
690 5
691 16
692 11
693 11
694 14
695 12
696 10
697 15
698 6
699 8
700 17
701 10
702 12
703 17
704 12
705 13
706 9
707 13
708 7
709 13
710 14
711 9
712 13
713 11
714 18
715 5
716 19
717 10
718 3
719 9
720 15
721 10
722 9
723 10
724 15
725 12
726 11
727 12
728 10
729 19
730 9
731 8
732 11
733 5
734 15
735 12
736 11
737 13
738 7
739 15
740 10
741 12
742 10
743 8
744 13
745 17
746 10
747 8
748 9
749 14
750 9
751 12
752 9
753 14
754 8
755 11
756 6
757 15
758 8
759 9
760 10
761 9
762 15
763 13
764 4
765 12
766 5
767 17
768 10
769 9
770 12
771 11
772 7
773 15
774 11
775 10
776 11
777 7
778 12
779 12
780 7
781 15
782 11
783 15
784 12
785 5
786 13
787 8
788 12
789 10
790 10
791 12
792 11
793 13
794 13
795 12
796 9
797 15
798 8
799 7
800 14
801 8
802 12
803 11
804 12
805 9
806 4
807 12
808 11
809 14
810 13
811 12
812 13
813 11
814 11
815 13
816 11
817 15
818 5
819 15
820 9
821 12
822 16
823 14
824 10
825 8
826 14
827 4
828 11
829 9
830 12
831 9
832 14
833 10
834 9
835 10
836 12
837 16
838 15
839 14
840 14
841 12
842 10
843 8
844 9
845 12
846 13
847 13
848 12
849 10
850 12
851 6
852 11
853 12
854 12
855 11
856 12
857 13
858 9
859 15
860 12
861 16
862 11
863 11
864 5
865 9
866 14
867 16
868 10
869 13
870 11
871 10
872 10
873 8
874 11
875 10
876 11
877 11
878 9
879 13
880 15
881 9
882 13
883 12
884 10
885 8
886 8
887 7
888 10
889 8
890 13
891 11
892 13
893 15
894 14
895 17
896 6
897 12
898 12
899 11
900 12
901 14
902 11
903 14
904 14
905 12
906 14
907 18
908 12
909 15
910 10
911 12
912 11
913 9
914 12
915 11
916 16
917 10
918 9
919 10
920 6
921 12
922 8
923 18
924 12
925 12
926 12
927 13
928 10
929 13
930 18
931 7
932 17
933 10
934 14
935 13
936 7
937 12
938 7
939 16
940 10
941 5
942 14
943 9
944 13
945 14
946 10
947 15
948 11
949 17
950 5
951 7
952 9
953 9
954 12
955 8
956 11
957 16
958 19
959 12
960 13
961 12
962 11
963 15
964 10
965 10
966 15
967 22
968 7
969 11
970 6
971 10
972 12
973 11
974 12
975 13
976 16
977 13
978 17
979 22
980 16
981 13
982 18
983 14
984 13
985 11
986 10
987 14
988 20
989 11
990 17
991 12
992 14
993 6
994 13
995 11
996 13
997 15
998 12
999 15
1000 19
1001 12
1002 10
1003 14
1004 13
1005 13
1006 10
1007 9
1008 15
1009 14
1010 13
1011 15
1012 13
1013 13
1014 15
1015 14
1016 19
1017 15
1018 14
1019 7
1020 8
1021 11
1022 12
1023 10
1024 14
1025 15
1026 12
1027 6
1028 12
1029 13
1030 11
1031 14
1032 12
1033 20
1034 12
1035 13
1036 14
1037 13
1038 13
1039 12
1040 16
1041 10
1042 16
1043 16
1044 21
1045 13
1046 16
1047 13
1048 9
1049 28
1050 9
1051 15
1052 16
1053 10
1054 26
1055 12
1056 13
1057 16
1058 17
1059 26
1060 13
1061 25
1062 11
1063 14
1064 15
1065 18
1066 21
1067 15
1068 25
1069 12
1070 20
1071 18
1072 14
1073 22
1074 12
1075 22
1076 16
1077 24
1078 21
1079 27
1080 14
1081 21
1082 25
1083 19
1084 26
1085 14
1086 19
1087 24
1088 31
1089 19
1090 15
1091 16
1092 27
1093 11
1094 23
1095 26
1096 24
1097 23
1098 21
1099 26
1100 25
1101 25
1102 24
1103 20
1104 22
1105 23
1106 26
1107 20
1108 19
1109 31
1110 26
1111 22
1112 19
1113 28
1114 22
1115 11
1116 27
1117 21
1118 26
1119 26
1120 13
1121 25
1122 28
1123 29
1124 23
1125 30
1126 24
1127 23
1128 24
1129 27
1130 15
1131 30
1132 26
1133 28
1134 30
1135 28
1136 17
1137 12
1138 23
1139 24
1140 23
1141 26
1142 35
1143 21
1144 21
1145 22
1146 26
1147 24
1148 30
1149 23
1150 35
1151 20
1152 29
1153 29
1154 33
1155 24
1156 29
1157 23
1158 32
1159 27
1160 30
1161 23
1162 27
1163 25
1164 26
1165 19
1166 24
1167 21
1168 18
1169 37
1170 22
1171 24
1172 16
1173 18
1174 22
1175 32
1176 30
1177 26
1178 28
1179 21
1180 24
1181 26
1182 28
1183 21
1184 26
1185 33
1186 20
1187 14
1188 26
1189 24
1190 15
1191 21
1192 17
1193 25
1194 20
1195 25
1196 30
1197 24
1198 26
1199 25
1200 22
1201 20
1202 18
1203 24
1204 21
1205 20
1206 26
1207 24
1208 27
1209 28
1210 22
1211 24
1212 16
1213 21
1214 25
1215 28
1216 24
1217 20
1218 22
1219 16
1220 23
1221 27
1222 22
1223 29
1224 23
1225 24
1226 17
1227 31
1228 21
1229 34
1230 25
1231 27
1232 21
1233 27
1234 35
1235 20
1236 34
1237 25
1238 22
1239 39
1240 32
1241 27
1242 29
1243 23
1244 36
1245 36
1246 42
1247 37
1248 47
1249 30
1250 39
1251 31
1252 31
1253 33
1254 35
1255 31
1256 27
1257 29
1258 37
1259 31
1260 36
1261 41
1262 36
1263 28
1264 34
1265 39
1266 30
1267 24
1268 31
1269 39
1270 42
1271 38
1272 43
1273 33
1274 45
1275 35
1276 34
1277 41
1278 32
1279 42
1280 41
1281 41
1282 43
1283 40
1284 33
1285 37
1286 26
1287 34
1288 35
1289 41
1290 31
1291 38
1292 35
1293 36
1294 48
1295 32
1296 44
1297 40
1298 39
1299 30
1300 57
1301 34
1302 42
1303 36
1304 39
1305 37
1306 44
1307 43
1308 46
1309 36
1310 45
1311 38
1312 50
1313 31
1314 32
1315 38
1316 46
1317 40
1318 41
1319 55
1320 35
1321 37
1322 38
1323 33
1324 37
1325 27
1326 32
1327 39
1328 27
1329 37
1330 33
1331 39
1332 37
1333 34
1334 26
1335 35
1336 28
1337 35
1338 40
1339 39
1340 38
1341 43
1342 31
1343 27
1344 24
1345 32
1346 21
1347 26
1348 22
1349 21
1350 32
1351 20
1352 25
1353 33
1354 25
1355 29
1356 31
1357 23
1358 29
1359 19
1360 21
1361 23
1362 30
1363 28
1364 26
1365 24
1366 24
1367 25
1368 27
1369 35
1370 18
1371 23
1372 20
1373 25
1374 32
1375 31
1376 17
1377 27
1378 30
1379 23
1380 19
1381 21
1382 24
1383 21
1384 25
1385 19
1386 23
1387 16
1388 22
1389 23
1390 21
1391 34
1392 23
1393 24
1394 24
1395 24
1396 34
1397 30
1398 30
1399 16
1400 24
1401 29
1402 29
1403 27
1404 31
1405 32
1406 27
1407 31
1408 37
1409 27
1410 29
1411 23
1412 26
1413 22
1414 33
1415 37
1416 26
1417 46
1418 37
1419 47
1420 38
1421 35
1422 46
1423 40
1424 36
1425 42
1426 46
1427 30
1428 45
1429 36
1430 29
1431 38
1432 40
1433 37
1434 43
1435 32
1436 29
1437 40
1438 37
1439 35
1440 36
1441 27
1442 42
1443 37
1444 40
1445 34
1446 30
1447 45
1448 36
1449 47
1450 32
1451 37
1452 47
1453 43
1454 42
1455 36
1456 41
1457 32
1458 33
1459 41
1460 35
1461 48
1462 44
1463 44
1464 46
1465 37
1466 47
1467 35
1468 40
1469 46
1470 38
1471 47
1472 41
1473 42
1474 38
1475 43
1476 34
1477 33
1478 36
1479 42
1480 32
1481 29
1482 34
1483 36
1484 38
1485 36
1486 29
1487 28
1488 30
1489 36
1490 39
1491 29
1492 41
1493 29
1494 28
1495 28
1496 26
1497 34
1498 33
1499 20
1500 26
1501 25
1502 37
1503 22
1504 24
1505 26
1506 17
1507 27
1508 19
1509 18
1510 19
1511 16
1512 22
1513 25
1514 21
1515 14
1516 21
1517 24
1518 15
1519 12
1520 26
1521 21
1522 16
1523 16
1524 25
1525 16
1526 15
1527 14
1528 8
1529 8
1530 12
1531 15
1532 11
1533 16
1534 18
1535 13
1536 6
1537 19
1538 11
1539 10
1540 5
1541 15
1542 9
1543 9
1544 7
1545 8
1546 10
1547 8
1548 11
1549 5
1550 10
1551 10
1552 9
1553 11
1554 8
1555 9
1556 10
1557 6
1558 9
1559 7
1560 10
1561 3
1562 6
1563 8
1564 6
1565 9
1566 8
1567 10
1568 6
1569 6
1570 10
1571 5
1572 3
1573 5
1574 9
1575 5
1576 11
1577 8
1578 5
1579 7
1580 9
1581 8
1582 8
1583 7
1584 13
1585 5
1586 5
1587 8
1588 6
1589 3
1590 10
1591 7
1592 8
1593 7
1594 7
1595 9
1596 9
1597 11
1598 15
1599 9
1600 8
1601 7
1602 10
1603 9
1604 16
1605 15
1606 10
1607 7
1608 18
1609 12
1610 11
1611 9
1612 19
1613 15
1614 6
1615 2
1616 10
1617 20
1618 11
1619 7
1620 9
1621 13
1622 9
1623 12
1624 17
1625 14
1626 14
1627 7
1628 9
1629 12
1630 10
1631 14
1632 10
1633 4
1634 9
1635 7
1636 6
1637 4
1638 12
1639 16
1640 7
1641 5
1642 11
1643 7
1644 7
1645 7
1646 8
1647 8
1648 6
1649 4
1650 6
1651 9
1652 5
1653 6
1654 3
1655 9
1656 8
1657 4
1658 8
1659 6
1660 5
1661 4
1662 4
1663 1
1664 4
1665 3
1666 6
1667 4
1668 3
1669 5
1670 1
1671 2
1672 4
1673 3
1674 2
1675 3
1676 2
1677 3
1678 2
1679 3
1680 2
1681 0
1682 2
1683 2
1684 3
1685 0
1686 2
1687 2
1688 1
1689 2
1690 0
1691 2
1692 0
1693 2
1694 1
1695 0
1696 3
1697 1
1698 3
1699 2
1700 0
1701 2
1702 0
1703 2
1704 3
1705 2
1706 1
1707 0
1708 0
1709 1
1710 0
1711 1
1712 0
1713 4
1714 1
1715 0
1716 3
1717 1
1718 0
1719 0
1720 0
1721 0
1722 1
1723 0
1724 1
1725 0
1726 1
1727 0
1728 1
1729 2
1730 1
1731 1
1732 0
1733 1
1734 0
1735 0
1736 0
1737 1
1738 0
1739 0
1740 0
1741 0
1742 0
1743 0
1744 0
1745 2
1746 1
1747 0
1748 0
1749 0
1750 0
1751 1
1752 0
1753 0
1754 0
1755 0
1756 0
1757 1
1758 0
1759 0
1760 0
1761 0
1762 0
1763 2
1764 0
1765 0
1766 0
1767 1
1768 0
1769 0
1770 0
1771 0
1772 1
1773 1
1774 0
1775 0
1776 1
1777 0
1778 1
1779 0
1780 0
1781 0
1782 0
1783 0
1784 0
1785 0
1786 0
1787 1
1788 0
1789 0
1790 0
1791 1
1792 0
1793 0
1794 0
1795 0
1796 0
1797 2
1798 0
1799 0
1800 1
1801 0
1802 0
1803 0
1804 0
1805 0
1806 0
1807 0
1808 0
1809 0
1810 1
1811 0
1812 0
1813 2
1814 0
1815 1
1816 0
1817 0
1818 0
1819 0
1820 0
1821 0
1822 1
1823 0
1824 0
1825 0
1826 0
1827 0
1828 0
1829 1
1830 1
1831 0
1832 2
1833 0
1834 0
1835 0
1836 0
1837 0
1838 0
1839 0
1840 1
1841 0
1842 0
1843 2
1844 1
1845 1
1846 1
1847 2
1848 0
1849 1
1850 1
1851 1
1852 1
1853 1
1854 0
1855 0
1856 0
1857 1
1858 0
1859 1
1860 1
1861 0
1862 0
1863 1
1864 0
1865 0
1866 1
1867 0
1868 0
1869 3
1870 0
1871 1
1872 0
1873 0
1874 0
1875 0
1876 0
1877 1
1878 0
1879 1
1880 0
1881 1
1882 1
1883 0
1884 0
1885 1
1886 0
1887 0
1888 1
1889 0
1890 0
1891 1
1892 1
1893 0
1894 1
1895 0
1896 0
1897 1
1898 0
1899 2
1900 0
1901 0
1902 0
1903 1
1904 1
1905 0
1906 0
1907 0
1908 0
1909 0
1910 0
1911 1
1912 0
1913 1
1914 0
1915 1
1916 0
1917 1
1918 0
1919 1
1920 1
1921 0
1922 1
1923 0
1924 0
1925 2
1926 0
1927 0
1928 0
1929 0
1930 0
1931 1
1932 0
1933 0
1934 0
1935 1
1936 0
1937 1
1938 0
1939 0
1940 0
1941 0
1942 0
1943 0
1944 1
1945 0
1946 0
1947 0
1948 0
1949 1
1950 2
1951 0
1952 1
1953 0
1954 0
1955 0
1956 0
1957 0
1958 1
1959 1
1960 0
1961 1
1962 0
1963 0
1964 0
1965 1
1966 0
1967 0
1968 2
1969 0
1970 0
1971 0
1972 1
1973 0
1974 1
1975 0
1976 1
1977 0
1978 0
1979 0
1980 0
1981 0
1982 1
1983 0
1984 0
1985 0
1986 0
1987 1
1988 0
1989 0
1990 0
1991 0
1992 0
1993 0
1994 0
1995 0
1996 0
1997 0
1998 1
1999 0
2000 0
2001 0
2002 0
2003 2
2004 0
2005 0
2006 1
2007 0
2008 1
2009 0
2010 0
2011 0
2012 0
2013 0
2014 0
2015 0
2016 0
2017 0
2018 0
2019 0
2020 0
2021 0
2022 0
2023 0
2024 0
2025 1
2026 2
2027 0
2028 0
2029 0
2030 0
2031 0
2032 0
2033 0
2034 0
2035 0
2036 0
2037 0
2038 0
2039 0
2040 0
2041 0
2042 0
2043 0
2044 0
2045 0
2046 0
2047 0
