# Dead time factor = 1.00000
0 0
1 0
2 0
3 0
4 0
5 0
6 0
7 0
8 0
9 0
10 0
11 0
12 0
13 0
14 0
15 0
16 0
17 0
18 0
19 0
20 3
21 20
22 33
23 37
24 28
25 26
26 29
27 39
28 41
29 32
30 37
31 33
32 41
33 60
34 40
35 48
36 45
37 44
38 57
39 37
40 51
41 37
42 52
43 58
44 55
45 56
46 77
47 86
48 99
49 142
50 156
51 154
52 164
53 142
54 122
55 88
56 81
57 75
58 58
59 54
60 48
61 38
62 35
63 39
64 42
65 37
66 23
67 39
68 36
69 28
70 31
71 36
72 28
73 40
74 34
75 31
76 32
77 32
78 27
79 38
80 32
81 42
82 46
83 41
84 32
85 47
86 34
87 41
88 39
89 26
90 34
91 26
92 34
93 37
94 33
95 35
96 34
97 20
98 36
99 41
100 38
101 34
102 25
103 28
104 32
105 30
106 38
107 18
108 27
109 22
110 22
111 31
112 16
113 27
114 23
115 24
116 14
117 21
118 33
119 25
120 23
121 24
122 20
123 16
124 17
125 25
126 15
127 27
128 31
129 25
130 29
131 26
132 23
133 18
134 23
135 18
136 18
137 26
138 24
139 13
140 19
141 15
142 23
143 29
144 13
145 24
146 21
147 21
148 16
149 25
150 14
151 16
152 27
153 20
154 19
155 20
156 26
157 26
158 19
159 21
160 17
161 24
162 31
163 27
164 35
165 29
166 40
167 39
168 59
169 40
170 35
171 43
172 42
173 43
174 53
175 45
176 30
177 25
178 33
179 34
180 29
181 30
182 26
183 20
184 33
185 23
186 22
187 23
188 21
189 18
190 20
191 16
192 19
193 15
194 17
195 16
196 18
197 22
198 16
199 24
200 22
201 13
202 13
203 22
204 19
205 15
206 22
207 22
208 18
209 15
210 11
211 20
212 9
213 13
214 23
215 23
216 14
217 19
218 19
219 22
220 13
221 19
222 20
223 19
224 12
225 11
226 19
227 9
228 8
229 17
230 17
231 14
232 22
233 19
234 13
235 18
236 13
237 16
238 13
239 15
240 20
241 15
242 15
243 9
244 21
245 14
246 12
247 16
248 21
249 12
250 20
251 11
252 25
253 20
254 13
255 19
256 13
257 11
258 19
259 11
260 10
261 19
262 20
263 10
264 10
265 14
266 18
267 13
268 9
269 15
270 10
271 14
272 17
273 7
274 14
275 12
276 13
277 15
278 15
279 14
280 12
281 10
282 20
283 16
284 12
285 16
286 11
287 13
288 15
289 11
290 16
291 13
292 10
293 19
294 14
295 17
296 13
297 15
298 11
299 11
300 16
301 12
302 15
303 19
304 14
305 10
306 18
307 12
308 15
309 12
310 7
311 14
312 11
313 10
314 14
315 7
316 7
317 20
318 9
319 19
320 20
321 8
322 18
323 15
324 12
325 20
326 14
327 11
328 9
329 14
330 10
331 9
332 10
333 16
334 13
335 11
336 19
337 14
338 12
339 17
340 9
341 9
342 16
343 17
344 17
345 12
346 15
347 6
348 17
349 14
350 15
351 23
352 12
353 16
354 12
355 15
356 18
357 17
358 17
359 10
360 17
361 17
362 16
363 13
364 8
365 12
366 12
367 13
368 10
369 15
370 12
371 10
372 5
373 13
374 12
375 15
376 7
377 9
378 9
379 11
380 4
381 12
382 8
383 15
384 16
385 8
386 7
387 7
388 4
389 11
390 9
391 9
392 14
393 5
394 11
395 13
396 6
397 12
398 12
399 11
400 6
401 5
402 9
403 10
404 8
405 11
406 12
407 8
408 13
409 8
410 23
411 13
412 9
413 8
414 12
415 12
416 4
417 7
418 17
419 10
420 12
421 7
422 10
423 9
424 11
425 11
426 4
427 9
428 13
429 12
430 6
431 9
432 13
433 7
434 10
435 8
436 10
437 6
438 15
439 14
440 6
441 9
442 8
443 5
444 11
445 14
446 12
447 11
448 4
449 15
450 6
451 11
452 14
453 8
454 8
455 11
456 11
457 10
458 7
459 8
460 8
461 9
462 16
463 7
464 5
465 11
466 8
467 10
468 13
469 11
470 11
471 9
472 9
473 10
474 6
475 15
476 14
477 11
478 8
479 6
480 10
481 7
482 8
483 21
484 6
485 9
486 6
487 9
488 16
489 15
490 14
491 13
492 14
493 11
494 12
495 13
496 9
497 14
498 10
499 18
500 15
501 10
502 14
503 13
504 8
505 12
506 7
507 12
508 13
509 12
510 13
511 12
512 13
513 11
514 11
515 11
516 11
517 6
518 8
519 14
520 10
521 11
522 9
523 7
524 8
525 15
526 8
527 5
528 11
529 13
530 5
531 10
532 7
533 4
534 7
535 9
536 13
537 13
538 14
539 12
540 7
541 6
542 4
543 9
544 10
545 7
546 8
547 19
548 7
549 8
550 13
551 14
552 7
553 12
554 16
555 13
556 14
557 3
558 15
559 6
560 12
561 14
562 9
563 10
564 8
565 9
566 10
567 6
568 9
569 7
570 5
571 9
572 8
573 8
574 9
575 6
576 12
577 14
578 14
579 8
580 14
581 12
582 9
583 7
584 11
585 7
586 15
587 9
588 11
589 9
590 11
591 12
592 6
593 11
594 10
595 5
596 9
597 7
598 8
599 13
600 14
601 6
602 14
603 13
604 13
605 10
606 14
607 11
608 7
609 15
610 9
611 7
612 15
613 12
614 12
615 13
616 4
617 4
618 8
619 10
620 10
621 12
622 12
623 15
624 7
625 11
626 10
627 11
628 9
629 9
630 12
631 11
632 9
633 8
634 12
635 7
636 10
637 13
638 9
639 6
640 8
641 10
642 12
643 11
644 13
645 14
646 10
647 10
648 13
649 7
650 10
651 10
652 12
653 8
654 9
655 11
656 12
657 10
658 8
659 10
660 7
661 15
662 7
663 8
664 9
665 5
666 8
667 15
668 12
669 11
670 6
671 10
672 13
673 5
674 12
675 6
676 13
677 9
678 13
679 11
680 18
681 13
682 5
683 11
684 11
685 15
686 14
687 12
688 3
689 7
690 13
691 8
692 3
693 13
694 8
695 11
696 13
697 4
698 10
699 10
700 11
701 14
702 10
703 13
704 13
705 7
706 13
707 11
708 10
709 9
710 11
711 12
712 8
713 8
714 11
715 11
716 10
717 7
718 7
719 11
720 11
721 18
722 16
723 9
724 16
725 11
726 7
727 11
728 11
729 10
730 9
731 14
732 12
733 6
734 14
735 3
736 9
737 14
738 7
739 8
740 10
741 15
742 6
743 11
744 10
745 10
746 9
747 11
748 12
749 12
750 10
751 7
752 4
753 11
754 9
755 8
756 8
757 14
758 10
759 9
760 8
761 15
762 15
763 14
764 11
765 12
766 8
767 14
768 11
769 6
770 12
771 11
772 7
773 12
774 13
775 19
776 12
777 8
778 12
779 9
780 9
781 14
782 12
783 11
784 8
785 9
786 11
787 19
788 15
789 14
790 9
791 13
792 15
793 10
794 14
795 10
796 14
797 8
798 10
799 11
800 9
801 6
802 11
803 7
804 11
805 11
806 11
807 15
808 2
809 10
810 7
811 3
812 9
813 7
814 11
815 14
816 9
817 12
818 17
819 10
820 13
821 16
822 13
823 11
824 17
825 12
826 9
827 13
828 12
829 9
830 7
831 9
832 12
833 10
834 16
835 13
836 9
837 9
838 10
839 11
840 7
841 13
842 9
843 2
844 12
845 7
846 14
847 11
848 9
849 10
850 11
851 13
852 11
853 13
854 3
855 12
856 7
857 12
858 16
859 12
860 7
861 12
862 10
863 17
864 7
865 12
866 5
867 15
868 15
869 12
870 13
871 13
872 11
873 9
874 10
875 8
876 13
877 11
878 16
879 17
880 6
881 10
882 8
883 18
884 10
885 14
886 13
887 15
888 9
889 13
890 9
891 18
892 12
893 13
894 13
895 10
896 12
897 9
898 14
899 9
900 12
901 11
902 15
903 10
904 12
905 9
906 11
907 10
908 9
909 8
910 9
911 13
912 15
913 15
914 13
915 14
916 19
917 9
918 10
919 8
920 16
921 7
922 14
923 12
924 13
925 13
926 16
927 11
928 12
929 8
930 8
931 11
932 10
933 11
934 11
935 10
936 11
937 16
938 9
939 13
940 12
941 12
942 6
943 8
944 8
945 14
946 17
947 9
948 16
949 13
950 8
951 12
952 17
953 15
954 13
955 16
956 11
957 9
958 18
959 17
960 14
961 6
962 14
963 8
964 13
965 10
966 6
967 17
968 9
969 8
970 12
971 16
972 6
973 9
974 15
975 9
976 8
977 15
978 14
979 7
980 16
981 11
982 16
983 15
984 14
985 15
986 9
987 15
988 11
989 12
990 10
991 8
992 13
993 13
994 19
995 8
996 12
997 13
998 12
999 16
1000 13
1001 17
1002 19
1003 11
1004 11
1005 16
1006 10
1007 17
1008 18
1009 12
1010 9
1011 16
1012 18
1013 12
1014 15
1015 14
1016 22
1017 11
1018 18
1019 12
1020 11
1021 14
1022 18
1023 14
1024 14
1025 13
1026 11
1027 15
1028 19
1029 13
1030 12
1031 13
1032 12
1033 7
1034 16
1035 13
1036 15
1037 13
1038 16
1039 10
1040 18
1041 11
1042 18
1043 15
1044 22
1045 10
1046 16
1047 6
1048 16
1049 14
1050 11
1051 15
1052 17
1053 11
1054 13
1055 9
1056 10
1057 18
1058 17
1059 16
1060 13
1061 16
1062 25
1063 22
1064 16
1065 19
1066 22
1067 16
1068 23
1069 22
1070 17
1071 23
1072 21
1073 17
1074 23
1075 19
1076 19
1077 17
1078 21
1079 21
1080 27
1081 14
1082 23
1083 21
1084 20
1085 26
1086 22
1087 26
1088 21
1089 21
1090 19
1091 13
1092 12
1093 23
1094 19
1095 17
1096 20
1097 26
1098 22
1099 22
1100 19
1101 25
1102 21
1103 19
1104 22
1105 24
1106 25
1107 23
1108 27
1109 19
1110 24
1111 15
1112 21
1113 26
1114 17
1115 26
1116 33
1117 21
1118 34
1119 22
1120 24
1121 20
1122 23
1123 27
1124 21
1125 14
1126 26
1127 29
1128 25
1129 20
1130 28
1131 21
1132 26
1133 26
1134 30
1135 25
1136 20
1137 23
1138 30
1139 25
1140 15
1141 24
1142 21
1143 23
1144 20
1145 32
1146 25
1147 22
1148 26
1149 22
1150 21
1151 27
1152 24
1153 15
1154 22
1155 24
1156 27
1157 31
1158 29
1159 31
1160 21
1161 27
1162 22
1163 18
1164 25
1165 26
1166 20
1167 22
1168 23
1169 25
1170 29
1171 22
1172 27
1173 31
1174 28
1175 26
1176 33
1177 24
1178 28
1179 21
1180 11
1181 24
1182 21
1183 24
1184 22
1185 22
1186 29
1187 21
1188 15
1189 22
1190 20
1191 35
1192 13
1193 22
1194 31
1195 19
1196 24
1197 26
1198 21
1199 17
1200 26
1201 21
1202 25
1203 18
1204 33
1205 22
1206 32
1207 20
1208 21
1209 18
1210 27
1211 23
1212 29
1213 18
1214 17
1215 25
1216 19
1217 27
1218 17
1219 30
1220 17
1221 22
1222 29
1223 25
1224 19
1225 22
1226 30
1227 22
1228 26
1229 33
1230 29
1231 26
1232 24
1233 18
1234 16
1235 27
1236 26
1237 21
1238 32
1239 30
1240 30
1241 23
1242 27
1243 28
1244 27
1245 22
1246 29
1247 36
1248 31
1249 32
1250 24
1251 33
1252 28
1253 32
1254 31
1255 31
1256 37
1257 30
1258 32
1259 46
1260 37
1261 39
1262 26
1263 24
1264 30
1265 31
1266 34
1267 42
1268 28
1269 46
1270 42
1271 26
1272 39
1273 41
1274 30
1275 39
1276 49
1277 40
1278 40
1279 28
1280 28
1281 34
1282 32
1283 37
1284 30
1285 38
1286 33
1287 29
1288 32
1289 24
1290 37
1291 42
1292 35
1293 45
1294 43
1295 39
1296 36
1297 38
1298 38
1299 46
1300 39
1301 44
1302 30
1303 41
1304 43
1305 35
1306 37
1307 44
1308 43
1309 36
1310 45
1311 36
1312 31
1313 27
1314 41
1315 37
1316 34
1317 41
1318 39
1319 26
1320 48
1321 44
1322 28
1323 42
1324 28
1325 38
1326 34
1327 35
1328 32
1329 41
1330 40
1331 44
1332 31
1333 41
1334 28
1335 30
1336 31
1337 32
1338 31
1339 25
1340 31
1341 36
1342 29
1343 31
1344 29
1345 30
1346 40
1347 24
1348 21
1349 40
1350 37
1351 36
1352 33
1353 34
1354 36
1355 23
1356 29
1357 34
1358 27
1359 21
1360 24
1361 35
1362 27
1363 24
1364 18
1365 22
1366 36
1367 27
1368 31
1369 37
1370 20
1371 23
1372 32
1373 34
1374 29
1375 26
1376 29
1377 27
1378 27
1379 19
1380 25
1381 24
1382 27
1383 19
1384 21
1385 31
1386 19
1387 29
1388 34
1389 21
1390 30
1391 23
1392 20
1393 17
1394 21
1395 26
1396 26
1397 21
1398 25
1399 33
1400 25
1401 26
1402 23
1403 18
1404 33
1405 27
1406 25
1407 27
1408 30
1409 32
1410 30
1411 29
1412 26
1413 24
1414 41
1415 32
1416 35
1417 32
1418 36
1419 34
1420 30
1421 34
1422 25
1423 28
1424 28
1425 47
1426 28
1427 28
1428 28
1429 34
1430 35
1431 33
1432 34
1433 30
1434 30
1435 46
1436 46
1437 38
1438 34
1439 36
1440 47
1441 37
1442 42
1443 44
1444 43
1445 49
1446 38
1447 50
1448 42
1449 40
1450 47
1451 43
1452 39
1453 52
1454 36
1455 39
1456 42
1457 47
1458 45
1459 38
1460 32
1461 52
1462 44
1463 33
1464 37
1465 54
1466 33
1467 38
1468 39
1469 36
1470 32
1471 29
1472 36
1473 28
1474 51
1475 55
1476 39
1477 41
1478 48
1479 38
1480 38
1481 38
1482 34
1483 36
1484 34
1485 38
1486 39
1487 32
1488 39
1489 44
1490 36
1491 32
1492 42
1493 34
1494 24
1495 28
1496 34
1497 28
1498 22
1499 25
1500 31
1501 24
1502 23
1503 27
1504 32
1505 21
1506 23
1507 26
1508 32
1509 20
1510 21
1511 33
1512 14
1513 12
1514 14
1515 24
1516 23
1517 18
1518 27
1519 23
1520 15
1521 19
1522 14
1523 12
1524 14
1525 18
1526 8
1527 10
1528 12
1529 11
1530 11
1531 10
1532 17
1533 11
1534 17
1535 9
1536 15
1537 12
1538 9
1539 16
1540 5
1541 12
1542 16
1543 0
1544 9
1545 9
1546 9
1547 10
1548 7
1549 13
1550 15
1551 12
1552 13
1553 5
1554 10
1555 7
1556 6
1557 5
1558 3
1559 8
1560 7
1561 7
1562 7
1563 10
1564 6
1565 10
1566 10
1567 9
1568 8
1569 7
1570 5
1571 12
1572 5
1573 6
1574 8
1575 9
1576 11
1577 8
1578 4
1579 15
1580 14
1581 9
1582 14
1583 6
1584 11
1585 9
1586 6
1587 5
1588 9
1589 6
1590 9
1591 8
1592 6
1593 7
1594 5
1595 8
1596 9
1597 5
1598 10
1599 8
1600 11
1601 12
1602 10
1603 11
1604 7
1605 8
1606 10
1607 7
1608 8
1609 13
1610 11
1611 4
1612 8
1613 13
1614 7
1615 8
1616 10
1617 4
1618 13
1619 13
1620 13
1621 9
1622 10
1623 15
1624 6
1625 17
1626 11
1627 9
1628 11
1629 10
1630 12
1631 10
1632 13
1633 18
1634 8
1635 9
1636 10
1637 8
1638 12
1639 11
1640 14
1641 9
1642 9
1643 9
1644 9
1645 10
1646 10
1647 11
1648 7
1649 5
1650 6
1651 17
1652 4
1653 8
1654 7
1655 2
1656 5
1657 8
1658 6
1659 4
1660 4
1661 11
1662 3
1663 7
1664 2
1665 4
1666 2
1667 2
1668 4
1669 5
1670 4
1671 4
1672 0
1673 0
1674 5
1675 2
1676 3
1677 4
1678 1
1679 3
1680 6
1681 5
1682 4
1683 4
1684 4
1685 4
1686 3
1687 3
1688 3
1689 3
1690 2
1691 1
1692 1
1693 4
1694 2
1695 2
1696 1
1697 1
1698 0
1699 1
1700 3
1701 0
1702 1
1703 2
1704 1
1705 0
1706 1
1707 3
1708 2
1709 1
1710 0
1711 0
1712 1
1713 0
1714 1
1715 0
1716 0
1717 1
1718 2
1719 0
1720 1
1721 1
1722 2
1723 0
1724 1
1725 0
1726 1
1727 0
1728 0
1729 1
1730 0
1731 2
1732 1
1733 0
1734 0
1735 0
1736 0
1737 0
1738 0
1739 0
1740 2
1741 0
1742 0
1743 1
1744 0
1745 0
1746 1
1747 1
1748 0
1749 0
1750 0
1751 0
1752 1
1753 1
1754 0
1755 0
1756 1
1757 0
1758 0
1759 1
1760 0
1761 0
1762 0
1763 0
1764 1
1765 0
1766 0
1767 0
1768 0
1769 0
1770 0
1771 0
1772 0
1773 1
1774 1
1775 0
1776 0
1777 0
1778 1
1779 0
1780 0
1781 1
1782 0
1783 0
1784 0
1785 0
1786 1
1787 1
1788 0
1789 1
1790 0
1791 0
1792 1
1793 1
1794 1
1795 0
1796 0
1797 0
1798 0
1799 0
1800 0
1801 0
1802 0
1803 0
1804 2
1805 0
1806 0
1807 2
1808 0
1809 0
1810 0
1811 1
1812 0
1813 0
1814 1
1815 0
1816 1
1817 0
1818 0
1819 1
1820 0
1821 1
1822 0
1823 0
1824 0
1825 0
1826 0
1827 0
1828 1
1829 0
1830 0
1831 0
1832 0
1833 0
1834 0
1835 0
1836 0
1837 1
1838 1
1839 0
1840 1
1841 0
1842 0
1843 2
1844 0
1845 0
1846 0
1847 1
1848 0
1849 1
1850 0
1851 1
1852 0
1853 0
1854 0
1855 0
1856 1
1857 0
1858 0
1859 1
1860 1
1861 0
1862 0
1863 0
1864 0
1865 0
1866 1
1867 0
1868 0
1869 1
1870 0
1871 3
1872 2
1873 0
1874 0
1875 0
1876 1
1877 0
1878 1
1879 2
1880 0
1881 1
1882 0
1883 1
1884 1
1885 0
1886 0
1887 0
1888 0
1889 0
1890 0
1891 0
1892 0
1893 0
1894 0
1895 1
1896 0
1897 0
1898 0
1899 1
1900 0
1901 1
1902 0
1903 0
1904 0
1905 0
1906 0
1907 1
1908 0
1909 0
1910 0
1911 0
1912 1
1913 0
1914 0
1915 0
1916 1
1917 0
1918 0
1919 0
1920 0
1921 0
1922 1
1923 0
1924 0
1925 1
1926 0
1927 0
1928 0
1929 0
1930 1
1931 0
1932 2
1933 2
1934 0
1935 0
1936 0
1937 2
1938 0
1939 0
1940 0
1941 0
1942 0
1943 0
1944 0
1945 0
1946 0
1947 0
1948 0
1949 1
1950 0
1951 1
1952 0
1953 1
1954 0
1955 0
1956 1
1957 0
1958 0
1959 1
1960 0
1961 0
1962 0
1963 1
1964 0
1965 1
1966 0
1967 1
1968 0
1969 0
1970 0
1971 0
1972 0
1973 0
1974 0
1975 0
1976 0
1977 0
1978 0
1979 0
1980 0
1981 0
1982 0
1983 0
1984 0
1985 1
1986 0
1987 0
1988 0
1989 0
1990 0
1991 0
1992 0
1993 0
1994 0
1995 1
1996 0
1997 0
1998 1
1999 0
2000 1
2001 1
2002 0
2003 0
2004 0
2005 1
2006 0
2007 0
2008 0
2009 0
2010 0
2011 1
2012 0
2013 0
2014 1
2015 0
2016 1
2017 0
2018 0
2019 0
2020 1
2021 0
2022 0
2023 0
2024 1
2025 1
2026 0
2027 1
2028 0
2029 0
2030 1
2031 0
2032 0
2033 0
2034 0
2035 0
2036 0
2037 0
2038 0
2039 0
2040 0
2041 0
2042 0
2043 0
2044 0
2045 0
2046 0
2047 0
