# Dead time factor = 1.00000
0 0
1 0
2 0
3 0
4 0
5 0
6 0
7 0
8 0
9 0
10 0
11 0
12 0
13 0
14 0
15 0
16 0
17 0
18 0
19 0
20 1
21 31
22 27
23 38
24 14
25 24
26 28
27 26
28 31
29 25
30 40
31 28
32 37
33 24
34 37
35 36
36 44
37 57
38 44
39 39
40 44
41 40
42 34
43 43
44 40
45 62
46 53
47 71
48 99
49 141
50 139
51 153
52 166
53 137
54 116
55 88
56 60
57 53
58 65
59 39
60 39
61 32
62 43
63 28
64 21
65 24
66 27
67 38
68 42
69 20
70 23
71 35
72 27
73 26
74 27
75 22
76 16
77 29
78 24
79 27
80 41
81 37
82 42
83 29
84 24
85 32
86 31
87 38
88 31
89 34
90 28
91 36
92 25
93 25
94 30
95 27
96 30
97 22
98 25
99 23
100 18
101 19
102 22
103 20
104 22
105 24
106 17
107 18
108 22
109 21
110 15
111 19
112 13
113 20
114 18
115 18
116 21
117 19
118 13
119 12
120 22
121 19
122 19
123 15
124 14
125 10
126 23
127 26
128 18
129 21
130 10
131 16
132 16
133 22
134 13
135 19
136 17
137 20
138 14
139 13
140 15
141 18
142 26
143 21
144 11
145 11
146 17
147 12
148 23
149 19
150 14
151 15
152 25
153 12
154 14
155 15
156 11
157 10
158 15
159 16
160 18
161 24
162 27
163 23
164 38
165 31
166 28
167 19
168 36
169 46
170 43
171 39
172 28
173 32
174 38
175 29
176 25
177 20
178 28
179 21
180 15
181 23
182 20
183 13
184 12
185 16
186 14
187 12
188 13
189 19
190 18
191 12
192 20
193 7
194 21
195 20
196 11
197 16
198 13
199 9
200 14
201 10
202 14
203 16
204 11
205 12
206 14
207 11
208 13
209 10
210 8
211 15
212 13
213 11
214 12
215 13
216 8
217 6
218 13
219 9
220 11
221 12
222 20
223 11
224 12
225 13
226 8
227 9
228 15
229 11
230 14
231 13
232 10
233 7
234 15
235 14
236 12
237 11
238 14
239 15
240 10
241 10
242 13
243 16
244 16
245 12
246 14
247 17
248 16
249 14
250 10
251 17
252 20
253 8
254 11
255 17
256 13
257 18
258 9
259 13
260 11
261 9
262 14
263 13
264 10
265 11
266 12
267 8
268 17
269 14
270 15
271 8
272 12
273 10
274 13
275 11
276 7
277 15
278 11
279 13
280 15
281 14
282 10
283 8
284 10
285 9
286 8
287 8
288 10
289 8
290 12
291 9
292 9
293 12
294 12
295 12
296 11
297 6
298 6
299 9
300 10
301 14
302 4
303 6
304 8
305 9
306 7
307 12
308 17
309 9
310 6
311 9
312 10
313 11
314 10
315 14
316 10
317 6
318 10
319 10
320 14
321 7
322 8
323 10
324 7
325 11
326 11
327 13
328 16
329 6
330 11
331 6
332 17
333 11
334 16
335 11
336 8
337 14
338 19
339 17
340 8
341 12
342 10
343 13
344 14
345 16
346 10
347 16
348 16
349 9
350 9
351 13
352 15
353 15
354 17
355 10
356 5
357 16
358 11
359 14
360 6
361 2
362 13
363 17
364 13
365 12
366 19
367 7
368 12
369 10
370 9
371 9
372 6
373 11
374 11
375 8
376 6
377 6
378 6
379 5
380 10
381 14
382 7
383 11
384 13
385 11
386 7
387 10
388 7
389 12
390 12
391 9
392 9
393 5
394 12
395 8
396 11
397 12
398 9
399 6
400 15
401 10
402 8
403 11
404 7
405 8
406 3
407 17
408 7
409 12
410 10
411 9
412 10
413 8
414 7
415 8
416 8
417 11
418 8
419 6
420 10
421 11
422 8
423 8
424 4
425 5
426 12
427 11
428 6
429 7
430 8
431 6
432 8
433 5
434 13
435 10
436 10
437 11
438 15
439 7
440 8
441 15
442 9
443 9
444 14
445 11
446 9
447 12
448 7
449 10
450 9
451 6
452 9
453 9
454 7
455 7
456 8
457 8
458 9
459 8
460 13
461 10
462 3
463 6
464 12
465 3
466 6
467 13
468 8
469 9
470 6
471 14
472 5
473 4
474 9
475 13
476 8
477 7
478 11
479 7
480 6
481 10
482 6
483 11
484 11
485 12
486 11
487 7
488 7
489 12
490 8
491 8
492 10
493 8
494 10
495 4
496 12
497 6
498 9
499 6
500 5
501 12
502 5
503 9
504 6
505 5
506 13
507 11
508 11
509 4
510 11
511 2
512 7
513 6
514 4
515 9
516 7
517 5
518 6
519 7
520 9
521 8
522 7
523 7
524 11
525 9
526 11
527 8
528 9
529 8
530 11
531 8
532 8
533 4
534 11
535 6
536 5
537 11
538 13
539 9
540 13
541 5
542 13
543 6
544 7
545 9
546 10
547 11
548 13
549 5
550 5
551 8
552 9
553 10
554 10
555 3
556 8
557 10
558 9
559 8
560 8
561 4
562 9
563 10
564 11
565 8
566 11
567 4
568 8
569 7
570 6
571 8
572 8
573 7
574 11
575 7
576 8
577 8
578 9
579 11
580 6
581 6
582 10
583 5
584 4
585 8
586 13
587 9
588 10
589 3
590 4
591 7
592 10
593 14
594 7
595 6
596 10
597 10
598 5
599 10
600 12
601 10
602 6
603 7
604 8
605 12
606 9
607 13
608 8
609 4
610 10
611 9
612 8
613 10
614 6
615 5
616 9
617 11
618 9
619 8
620 13
621 8
622 5
623 8
624 13
625 5
626 5
627 6
628 3
629 7
630 7
631 8
632 7
633 6
634 9
635 6
636 5
637 15
638 11
639 14
640 18
641 8
642 7
643 5
644 5
645 7
646 5
647 7
648 8
649 5
650 9
651 9
652 8
653 5
654 5
655 8
656 6
657 7
658 5
659 9
660 5
661 9
662 4
663 8
664 8
665 5
666 7
667 6
668 9
669 11
670 12
671 8
672 7
673 11
674 12
675 8
676 9
677 8
678 11
679 9
680 5
681 9
682 10
683 6
684 11
685 8
686 5
687 5
688 9
689 10
690 7
691 8
692 7
693 9
694 5
695 8
696 8
697 6
698 8
699 9
700 11
701 3
702 9
703 5
704 3
705 8
706 10
707 12
708 11
709 8
710 12
711 7
712 10
713 6
714 16
715 7
716 6
717 7
718 7
719 6
720 4
721 6
722 12
723 11
724 12
725 8
726 12
727 13
728 9
729 10
730 11
731 12
732 13
733 7
734 2
735 10
736 13
737 11
738 7
739 12
740 5
741 7
742 10
743 11
744 11
745 12
746 14
747 12
748 13
749 13
750 11
751 10
752 9
753 9
754 11
755 5
756 9
757 11
758 5
759 11
760 7
761 15
762 6
763 7
764 13
765 19
766 6
767 6
768 5
769 9
770 8
771 16
772 10
773 8
774 13
775 10
776 11
777 6
778 7
779 7
780 15
781 10
782 8
783 9
784 9
785 10
786 7
787 12
788 12
789 12
790 6
791 5
792 7
793 2
794 9
795 8
796 4
797 9
798 8
799 10
800 4
801 8
802 12
803 10
804 8
805 8
806 3
807 10
808 12
809 7
810 13
811 14
812 11
813 14
814 5
815 11
816 9
817 6
818 9
819 11
820 5
821 9
822 10
823 12
824 8
825 10
826 6
827 8
828 10
829 10
830 10
831 3
832 7
833 8
834 12
835 7
836 11
837 9
838 9
839 16
840 9
841 12
842 13
843 8
844 12
845 8
846 9
847 7
848 17
849 12
850 4
851 6
852 16
853 11
854 12
855 8
856 9
857 14
858 7
859 7
860 9
861 9
862 12
863 5
864 7
865 10
866 6
867 7
868 11
869 9
870 8
871 13
872 14
873 11
874 4
875 12
876 11
877 7
878 13
879 8
880 11
881 11
882 8
883 5
884 11
885 12
886 7
887 11
888 11
889 11
890 10
891 7
892 11
893 8
894 12
895 8
896 8
897 12
898 9
899 10
900 10
901 6
902 5
903 8
904 11
905 13
906 10
907 9
908 7
909 15
910 11
911 12
912 7
913 13
914 12
915 5
916 6
917 14
918 10
919 2
920 7
921 6
922 18
923 10
924 9
925 12
926 11
927 5
928 8
929 10
930 13
931 9
932 12
933 11
934 10
935 15
936 10
937 7
938 21
939 10
940 7
941 12
942 12
943 10
944 6
945 5
946 9
947 8
948 11
949 17
950 7
951 7
952 9
953 16
954 14
955 13
956 7
957 22
958 10
959 11
960 10
961 5
962 9
963 9
964 10
965 10
966 11
967 8
968 9
969 13
970 8
971 12
972 11
973 6
974 9
975 11
976 7
977 9
978 6
979 16
980 12
981 7
982 15
983 16
984 12
985 12
986 12
987 8
988 11
989 14
990 8
991 10
992 10
993 8
994 5
995 9
996 9
997 12
998 9
999 11
1000 12
1001 15
1002 9
1003 9
1004 16
1005 10
1006 19
1007 11
1008 10
1009 9
1010 8
1011 8
1012 12
1013 9
1014 12
1015 19
1016 15
1017 10
1018 5
1019 12
1020 5
1021 8
1022 9
1023 16
1024 10
1025 7
1026 14
1027 8
1028 13
1029 15
1030 8
1031 11
1032 12
1033 11
1034 9
1035 11
1036 11
1037 21
1038 9
1039 16
1040 7
1041 12
1042 17
1043 10
1044 12
1045 13
1046 15
1047 16
1048 18
1049 13
1050 8
1051 10
1052 10
1053 14
1054 11
1055 10
1056 21
1057 13
1058 12
1059 7
1060 16
1061 11
1062 19
1063 19
1064 17
1065 16
1066 18
1067 13
1068 14
1069 22
1070 21
1071 20
1072 14
1073 23
1074 16
1075 15
1076 17
1077 18
1078 15
1079 16
1080 20
1081 13
1082 24
1083 15
1084 9
1085 14
1086 20
1087 14
1088 17
1089 15
1090 18
1091 16
1092 9
1093 14
1094 18
1095 19
1096 14
1097 25
1098 20
1099 20
1100 17
1101 16
1102 11
1103 15
1104 11
1105 18
1106 15
1107 13
1108 14
1109 13
1110 15
1111 22
1112 18
1113 17
1114 20
1115 14
1116 22
1117 17
1118 12
1119 22
1120 27
1121 21
1122 21
1123 20
1124 25
1125 25
1126 14
1127 16
1128 19
1129 16
1130 23
1131 14
1132 19
1133 13
1134 21
1135 19
1136 17
1137 24
1138 29
1139 19
1140 30
1141 22
1142 21
1143 29
1144 15
1145 17
1146 17
1147 23
1148 24
1149 22
1150 21
1151 17
1152 18
1153 24
1154 26
1155 24
1156 16
1157 22
1158 19
1159 17
1160 26
1161 18
1162 13
1163 22
1164 18
1165 18
1166 19
1167 26
1168 25
1169 19
1170 10
1171 22
1172 16
1173 22
1174 24
1175 17
1176 15
1177 16
1178 20
1179 21
1180 24
1181 23
1182 16
1183 12
1184 20
1185 12
1186 16
1187 20
1188 21
1189 21
1190 25
1191 20
1192 20
1193 28
1194 17
1195 29
1196 22
1197 19
1198 21
1199 17
1200 22
1201 20
1202 27
1203 14
1204 23
1205 35
1206 18
1207 19
1208 15
1209 20
1210 21
1211 19
1212 16
1213 26
1214 20
1215 18
1216 27
1217 20
1218 15
1219 21
1220 25
1221 18
1222 23
1223 21
1224 17
1225 24
1226 19
1227 17
1228 21
1229 27
1230 25
1231 18
1232 39
1233 28
1234 24
1235 37
1236 29
1237 22
1238 22
1239 25
1240 30
1241 17
1242 16
1243 21
1244 28
1245 30
1246 24
1247 29
1248 26
1249 33
1250 37
1251 26
1252 26
1253 28
1254 25
1255 21
1256 29
1257 20
1258 29
1259 24
1260 20
1261 28
1262 30
1263 28
1264 29
1265 35
1266 36
1267 26
1268 28
1269 24
1270 29
1271 30
1272 27
1273 30
1274 26
1275 28
1276 30
1277 39
1278 47
1279 37
1280 25
1281 28
1282 30
1283 34
1284 34
1285 38
1286 32
1287 34
1288 36
1289 36
1290 26
1291 27
1292 25
1293 28
1294 35
1295 27
1296 27
1297 34
1298 34
1299 38
1300 32
1301 34
1302 18
1303 26
1304 38
1305 25
1306 29
1307 35
1308 43
1309 33
1310 32
1311 29
1312 32
1313 31
1314 28
1315 23
1316 34
1317 27
1318 25
1319 36
1320 32
1321 25
1322 23
1323 20
1324 27
1325 37
1326 24
1327 27
1328 23
1329 28
1330 34
1331 30
1332 31
1333 30
1334 32
1335 25
1336 27
1337 25
1338 33
1339 23
1340 29
1341 17
1342 11
1343 26
1344 23
1345 28
1346 24
1347 24
1348 25
1349 26
1350 19
1351 29
1352 13
1353 16
1354 15
1355 27
1356 30
1357 20
1358 22
1359 24
1360 25
1361 22
1362 17
1363 19
1364 27
1365 22
1366 14
1367 14
1368 21
1369 9
1370 14
1371 19
1372 15
1373 22
1374 17
1375 12
1376 19
1377 26
1378 23
1379 22
1380 19
1381 13
1382 24
1383 13
1384 19
1385 29
1386 12
1387 20
1388 26
1389 23
1390 21
1391 12
1392 24
1393 22
1394 15
1395 29
1396 28
1397 26
1398 35
1399 16
1400 20
1401 20
1402 17
1403 19
1404 25
1405 25
1406 22
1407 27
1408 23
1409 31
1410 23
1411 21
1412 22
1413 28
1414 22
1415 17
1416 31
1417 24
1418 24
1419 24
1420 29
1421 24
1422 31
1423 25
1424 38
1425 28
1426 31
1427 40
1428 23
1429 30
1430 25
1431 35
1432 32
1433 34
1434 40
1435 22
1436 27
1437 24
1438 33
1439 44
1440 33
1441 32
1442 23
1443 34
1444 33
1445 39
1446 32
1447 35
1448 26
1449 32
1450 31
1451 36
1452 44
1453 41
1454 43
1455 31
1456 39
1457 37
1458 44
1459 34
1460 28
1461 30
1462 32
1463 34
1464 32
1465 32
1466 37
1467 33
1468 31
1469 39
1470 42
1471 29
1472 28
1473 32
1474 34
1475 40
1476 29
1477 36
1478 34
1479 30
1480 42
1481 24
1482 32
1483 27
1484 36
1485 33
1486 23
1487 30
1488 20
1489 33
1490 24
1491 25
1492 26
1493 30
1494 21
1495 25
1496 20
1497 27
1498 22
1499 18
1500 21
1501 22
1502 28
1503 24
1504 17
1505 18
1506 15
1507 22
1508 17
1509 25
1510 13
1511 20
1512 14
1513 10
1514 13
1515 10
1516 13
1517 8
1518 24
1519 14
1520 18
1521 9
1522 11
1523 8
1524 11
1525 8
1526 16
1527 11
1528 8
1529 6
1530 9
1531 9
1532 7
1533 5
1534 6
1535 9
1536 8
1537 10
1538 9
1539 6
1540 6
1541 9
1542 8
1543 8
1544 13
1545 9
1546 8
1547 6
1548 10
1549 5
1550 5
1551 10
1552 6
1553 6
1554 8
1555 5
1556 5
1557 5
1558 4
1559 11
1560 7
1561 3
1562 7
1563 10
1564 8
1565 8
1566 7
1567 6
1568 6
1569 6
1570 5
1571 9
1572 3
1573 5
1574 8
1575 3
1576 7
1577 4
1578 8
1579 7
1580 6
1581 8
1582 7
1583 6
1584 8
1585 5
1586 8
1587 7
1588 7
1589 4
1590 11
1591 10
1592 8
1593 5
1594 7
1595 11
1596 8
1597 5
1598 8
1599 5
1600 7
1601 7
1602 5
1603 10
1604 8
1605 13
1606 12
1607 8
1608 11
1609 7
1610 8
1611 8
1612 8
1613 8
1614 7
1615 6
1616 5
1617 12
1618 6
1619 3
1620 11
1621 10
1622 9
1623 10
1624 8
1625 7
1626 10
1627 9
1628 10
1629 6
1630 7
1631 9
1632 11
1633 9
1634 5
1635 6
1636 6
1637 10
1638 7
1639 13
1640 3
1641 6
1642 11
1643 7
1644 8
1645 6
1646 8
1647 8
1648 7
1649 4
1650 11
1651 5
1652 5
1653 5
1654 7
1655 5
1656 6
1657 6
1658 5
1659 3
1660 5
1661 3
1662 7
1663 6
1664 6
1665 7
1666 2
1667 4
1668 5
1669 2
1670 2
1671 2
1672 2
1673 4
1674 2
1675 3
1676 2
1677 3
1678 2
1679 2
1680 2
1681 1
1682 1
1683 1
1684 2
1685 0
1686 1
1687 3
1688 0
1689 3
1690 1
1691 0
1692 1
1693 0
1694 2
1695 0
1696 4
1697 1
1698 1
1699 0
1700 0
1701 0
1702 0
1703 0
1704 0
1705 0
1706 0
1707 1
1708 0
1709 1
1710 0
1711 0
1712 0
1713 2
1714 1
1715 0
1716 1
1717 1
1718 1
1719 0
1720 1
1721 0
1722 0
1723 1
1724 1
1725 0
1726 0
1727 0
1728 2
1729 0
1730 0
1731 2
1732 0
1733 0
1734 0
1735 0
1736 0
1737 1
1738 2
1739 0
1740 0
1741 0
1742 1
1743 0
1744 0
1745 0
1746 1
1747 0
1748 0
1749 0
1750 0
1751 0
1752 1
1753 0
1754 0
1755 0
1756 0
1757 0
1758 1
1759 0
1760 0
1761 0
1762 0
1763 0
1764 0
1765 1
1766 0
1767 1
1768 0
1769 0
1770 1
1771 0
1772 0
1773 1
1774 0
1775 0
1776 0
1777 0
1778 0
1779 1
1780 0
1781 0
1782 0
1783 0
1784 1
1785 0
1786 0
1787 0
1788 0
1789 0
1790 1
1791 0
1792 1
1793 0
1794 0
1795 0
1796 0
1797 0
1798 1
1799 1
1800 0
1801 1
1802 2
1803 0
1804 0
1805 0
1806 0
1807 0
1808 0
1809 1
1810 0
1811 1
1812 1
1813 0
1814 0
1815 0
1816 0
1817 1
1818 1
1819 0
1820 0
1821 1
1822 0
1823 0
1824 1
1825 0
1826 0
1827 0
1828 1
1829 0
1830 0
1831 0
1832 1
1833 0
1834 0
1835 1
1836 0
1837 0
1838 1
1839 0
1840 0
1841 1
1842 0
1843 0
1844 0
1845 0
1846 0
1847 2
1848 1
1849 1
1850 1
1851 0
1852 0
1853 1
1854 0
1855 2
1856 0
1857 1
1858 0
1859 0
1860 0
1861 0
1862 0
1863 0
1864 0
1865 2
1866 1
1867 0
1868 0
1869 0
1870 0
1871 0
1872 0
1873 0
1874 0
1875 0
1876 0
1877 0
1878 0
1879 0
1880 0
1881 0
1882 0
1883 0
1884 2
1885 1
1886 1
1887 0
1888 1
1889 0
1890 0
1891 0
1892 0
1893 0
1894 2
1895 2
1896 0
1897 0
1898 2
1899 1
1900 0
1901 0
1902 0
1903 0
1904 0
1905 1
1906 0
1907 1
1908 0
1909 0
1910 0
1911 0
1912 0
1913 1
1914 0
1915 0
1916 1
1917 0
1918 1
1919 0
1920 0
1921 0
1922 0
1923 0
1924 1
1925 0
1926 0
1927 0
1928 0
1929 0
1930 0
1931 0
1932 0
1933 0
1934 0
1935 0
1936 0
1937 0
1938 0
1939 0
1940 0
1941 0
1942 0
1943 0
1944 0
1945 0
1946 0
1947 1
1948 0
1949 0
1950 0
1951 0
1952 1
1953 0
1954 1
1955 0
1956 0
1957 0
1958 0
1959 0
1960 1
1961 0
1962 0
1963 0
1964 1
1965 1
1966 1
1967 0
1968 1
1969 0
1970 0
1971 1
1972 0
1973 0
1974 0
1975 0
1976 0
1977 0
1978 0
1979 0
1980 0
1981 1
1982 0
1983 0
1984 1
1985 0
1986 1
1987 0
1988 0
1989 0
1990 0
1991 0
1992 0
1993 0
1994 2
1995 0
1996 1
1997 1
1998 1
1999 0
2000 1
2001 1
2002 0
2003 0
2004 2
2005 1
2006 0
2007 1
2008 0
2009 0
2010 1
2011 0
2012 2
2013 0
2014 0
2015 0
2016 1
2017 0
2018 0
2019 0
2020 0
2021 0
2022 0
2023 0
2024 0
2025 1
2026 0
2027 0
2028 0
2029 0
2030 0
2031 0
2032 0
2033 0
2034 0
2035 0
2036 0
2037 0
2038 0
2039 0
2040 0
2041 0
2042 0
2043 0
2044 0
2045 0
2046 0
2047 0
