# Dead time factor = 1.00000
0 0
1 0
2 0
3 0
4 0
5 0
6 0
7 0
8 0
9 0
10 0
11 0
12 0
13 0
14 0
15 0
16 0
17 0
18 0
19 0
20 1
21 7
22 14
23 11
24 3
25 10
26 14
27 11
28 13
29 11
30 23
31 9
32 17
33 18
34 15
35 19
36 21
37 23
38 17
39 16
40 23
41 19
42 27
43 15
44 25
45 20
46 43
47 38
48 72
49 93
50 133
51 138
52 99
53 122
54 85
55 64
56 46
57 38
58 25
59 27
60 16
61 7
62 4
63 13
64 9
65 8
66 6
67 7
68 9
69 6
70 4
71 9
72 4
73 6
74 3
75 0
76 4
77 2
78 3
79 3
80 3
81 2
82 2
83 4
84 4
85 2
86 5
87 3
88 3
89 6
90 4
91 3
92 2
93 5
94 3
95 3
96 2
97 3
98 3
99 4
100 2
101 2
102 1
103 2
104 1
105 3
106 4
107 1
108 2
109 0
110 1
111 1
112 7
113 2
114 0
115 4
116 1
117 2
118 3
119 2
120 2
121 4
122 1
123 1
124 3
125 3
126 3
127 2
128 4
129 1
130 1
131 4
132 0
133 1
134 3
135 0
136 3
137 0
138 1
139 1
140 5
141 3
142 1
143 1
144 1
145 1
146 2
147 0
148 2
149 2
150 0
151 0
152 3
153 0
154 1
155 0
156 1
157 2
158 0
159 2
160 1
161 2
162 2
163 1
164 5
165 0
166 0
167 2
168 0
169 3
170 3
171 1
172 3
173 3
174 1
175 3
176 3
177 2
178 1
179 3
180 0
181 1
182 2
183 1
184 2
185 0
186 1
187 2
188 3
189 1
190 2
191 1
192 1
193 0
194 0
195 1
196 0
197 0
198 1
199 0
200 4
201 1
202 1
203 0
204 0
205 0
206 2
207 0
208 1
209 2
210 3
211 2
212 2
213 0
214 0
215 1
216 0
217 1
218 4
219 3
220 1
221 1
222 0
223 1
224 0
225 1
226 0
227 2
228 0
229 0
230 1
231 0
232 1
233 1
234 2
235 1
236 2
237 2
238 0
239 0
240 0
241 0
242 0
243 2
244 0
245 0
246 1
247 1
248 0
249 1
250 1
251 0
252 1
253 0
254 1
255 0
256 1
257 1
258 0
259 1
260 2
261 1
262 2
263 3
264 0
265 0
266 1
267 1
268 0
269 3
270 1
271 1
272 0
273 1
274 0
275 1
276 0
277 0
278 2
279 1
280 1
281 0
282 2
283 1
284 1
285 0
286 0
287 0
288 1
289 0
290 0
291 0
292 1
293 2
294 2
295 0
296 1
297 1
298 1
299 1
300 0
301 1
302 1
303 1
304 0
305 0
306 2
307 1
308 2
309 0
310 0
311 1
312 0
313 2
314 0
315 0
316 0
317 1
318 0
319 1
320 1
321 0
322 0
323 0
324 0
325 2
326 0
327 3
328 0
329 2
330 1
331 0
332 0
333 0
334 0
335 2
336 1
337 0
338 1
339 1
340 2
341 0
342 0
343 1
344 1
345 0
346 0
347 1
348 0
349 2
350 0
351 0
352 1
353 1
354 2
355 0
356 0
357 1
358 1
359 0
360 0
361 0
362 0
363 2
364 1
365 1
366 0
367 3
368 1
369 1
370 0
371 0
372 1
373 1
374 0
375 2
376 1
377 0
378 2
379 2
380 0
381 1
382 0
383 0
384 1
385 0
386 1
387 0
388 1
389 0
390 1
391 1
392 2
393 1
394 1
395 1
396 0
397 1
398 0
399 0
400 0
401 0
402 0
403 1
404 0
405 0
406 2
407 0
408 1
409 1
410 0
411 0
412 0
413 0
414 0
415 1
416 1
417 0
418 2
419 0
420 1
421 0
422 0
423 1
424 1
425 2
426 1
427 2
428 0
429 3
430 0
431 0
432 0
433 1
434 1
435 0
436 0
437 1
438 1
439 1
440 0
441 0
442 0
443 1
444 1
445 1
446 1
447 0
448 0
449 0
450 0
451 0
452 1
453 0
454 0
455 0
456 0
457 1
458 0
459 0
460 0
461 0
462 1
463 0
464 0
465 0
466 1
467 0
468 2
469 0
470 0
471 3
472 0
473 0
474 1
475 0
476 0
477 0
478 1
479 1
480 1
481 0
482 1
483 0
484 0
485 1
486 0
487 1
488 0
489 1
490 1
491 1
492 0
493 0
494 1
495 0
496 0
497 1
498 2
499 0
500 0
501 1
502 1
503 1
504 0
505 0
506 3
507 1
508 0
509 0
510 1
511 1
512 0
513 0
514 0
515 1
516 0
517 2
518 0
519 0
520 0
521 1
522 0
523 0
524 0
525 0
526 0
527 0
528 0
529 0
530 0
531 0
532 0
533 1
534 1
535 1
536 0
537 0
538 0
539 0
540 1
541 1
542 0
543 0
544 1
545 1
546 0
547 0
548 1
549 1
550 0
551 2
552 0
553 0
554 0
555 0
556 0
557 0
558 0
559 0
560 0
561 0
562 2
563 0
564 0
565 0
566 1
567 1
568 0
569 1
570 0
571 0
572 0
573 0
574 1
575 0
576 2
577 0
578 0
579 1
580 0
581 1
582 1
583 0
584 1
585 0
586 0
587 1
588 2
589 0
590 0
591 0
592 0
593 1
594 0
595 1
596 0
597 0
598 0
599 0
600 1
601 0
602 0
603 1
604 0
605 0
606 1
607 0
608 3
609 0
610 0
611 1
612 0
613 0
614 0
615 0
616 0
617 1
618 0
619 0
620 0
621 0
622 0
623 1
624 0
625 0
626 0
627 0
628 0
629 0
630 0
631 2
632 1
633 0
634 2
635 1
636 1
637 0
638 0
639 0
640 1
641 1
642 1
643 0
644 0
645 0
646 0
647 0
648 0
649 3
650 1
651 1
652 1
653 2
654 1
655 0
656 0
657 0
658 0
659 1
660 2
661 0
662 0
663 0
664 0
665 1
666 0
667 0
668 2
669 0
670 2
671 0
672 0
673 0
674 0
675 1
676 1
677 1
678 1
679 1
680 0
681 1
682 0
683 1
684 1
685 0
686 0
687 0
688 1
689 0
690 1
691 0
692 0
693 0
694 1
695 0
696 0
697 0
698 1
699 2
700 1
701 0
702 0
703 1
704 0
705 1
706 0
707 0
708 0
709 1
710 0
711 0
712 0
713 1
714 2
715 0
716 0
717 0
718 1
719 0
720 0
721 0
722 0
723 1
724 1
725 1
726 1
727 0
728 0
729 1
730 0
731 0
732 0
733 0
734 0
735 0
736 1
737 0
738 0
739 0
740 1
741 0
742 0
743 1
744 0
745 1
746 0
747 0
748 1
749 0
750 0
751 0
752 1
753 0
754 0
755 0
756 0
757 1
758 2
759 0
760 0
761 1
762 0
763 0
764 0
765 0
766 0
767 0
768 1
769 0
770 0
771 2
772 0
773 2
774 0
775 2
776 0
777 2
778 0
779 0
780 0
781 1
782 0
783 2
784 1
785 0
786 1
787 0
788 0
789 2
790 0
791 0
792 0
793 2
794 0
795 0
796 0
797 1
798 1
799 1
800 0
801 0
802 1
803 0
804 0
805 0
806 0
807 1
808 1
809 0
810 1
811 1
812 1
813 0
814 1
815 0
816 3
817 1
818 0
819 1
820 0
821 3
822 0
823 1
824 1
825 0
826 0
827 1
828 0
829 0
830 0
831 1
832 0
833 1
834 0
835 0
836 0
837 0
838 3
839 0
840 0
841 0
842 0
843 0
844 1
845 0
846 0
847 2
848 1
849 0
850 0
851 0
852 1
853 0
854 0
855 0
856 0
857 0
858 1
859 1
860 1
861 0
862 2
863 0
864 0
865 1
866 1
867 1
868 0
869 1
870 0
871 0
872 0
873 0
874 0
875 1
876 1
877 0
878 0
879 0
880 0
881 0
882 0
883 1
884 0
885 0
886 0
887 1
888 0
889 0
890 0
891 1
892 0
893 0
894 0
895 1
896 0
897 1
898 2
899 0
900 0
901 1
902 2
903 0
904 2
905 1
906 0
907 0
908 0
909 1
910 0
911 1
912 0
913 0
914 4
915 0
916 1
917 0
918 0
919 1
920 0
921 0
922 1
923 0
924 0
925 1
926 0
927 0
928 0
929 0
930 1
931 1
932 0
933 1
934 1
935 0
936 0
937 1
938 1
939 0
940 0
941 0
942 0
943 0
944 2
945 1
946 0
947 0
948 0
949 1
950 0
951 1
952 0
953 0
954 1
955 0
956 0
957 1
958 1
959 0
960 0
961 2
962 0
963 4
964 0
965 0
966 0
967 1
968 0
969 0
970 1
971 1
972 3
973 0
974 1
975 0
976 0
977 0
978 1
979 1
980 0
981 0
982 1
983 2
984 0
985 1
986 1
987 0
988 0
989 0
990 0
991 2
992 0
993 2
994 2
995 0
996 1
997 0
998 1
999 2
1000 0
1001 1
1002 0
1003 0
1004 0
1005 1
1006 0
1007 1
1008 0
1009 1
1010 1
1011 0
1012 0
1013 0
1014 0
1015 0
1016 1
1017 0
1018 1
1019 0
1020 1
1021 0
1022 0
1023 1
1024 0
1025 0
1026 1
1027 0
1028 1
1029 1
1030 0
1031 0
1032 0
1033 2
1034 0
1035 1
1036 0
1037 0
1038 0
1039 0
1040 1
1041 1
1042 1
1043 0
1044 2
1045 3
1046 2
1047 0
1048 2
1049 1
1050 1
1051 0
1052 1
1053 0
1054 0
1055 2
1056 0
1057 0
1058 0
1059 1
1060 0
1061 0
1062 0
1063 0
1064 1
1065 0
1066 0
1067 0
1068 0
1069 1
1070 0
1071 1
1072 1
1073 2
1074 1
1075 0
1076 1
1077 0
1078 2
1079 1
1080 0
1081 1
1082 1
1083 1
1084 0
1085 0
1086 0
1087 1
1088 0
1089 0
1090 2
1091 1
1092 3
1093 0
1094 0
1095 1
1096 0
1097 1
1098 2
1099 3
1100 1
1101 1
1102 0
1103 0
1104 0
1105 0
1106 1
1107 2
1108 1
1109 3
1110 1
1111 1
1112 0
1113 1
1114 1
1115 1
1116 0
1117 4
1118 1
1119 2
1120 2
1121 0
1122 1
1123 1
1124 1
1125 0
1126 0
1127 2
1128 0
1129 0
1130 1
1131 0
1132 2
1133 2
1134 0
1135 0
1136 0
1137 1
1138 0
1139 4
1140 2
1141 1
1142 3
1143 0
1144 1
1145 0
1146 1
1147 0
1148 0
1149 1
1150 0
1151 3
1152 3
1153 2
1154 0
1155 0
1156 1
1157 1
1158 1
1159 2
1160 0
1161 1
1162 0
1163 0
1164 0
1165 3
1166 1
1167 0
1168 1
1169 1
1170 0
1171 0
1172 1
1173 2
1174 0
1175 0
1176 0
1177 0
1178 2
1179 0
1180 2
1181 0
1182 0
1183 1
1184 0
1185 3
1186 0
1187 1
1188 1
1189 1
1190 1
1191 0
1192 1
1193 1
1194 0
1195 0
1196 0
1197 1
1198 1
1199 0
1200 1
1201 0
1202 2
1203 0
1204 2
1205 0
1206 0
1207 1
1208 2
1209 2
1210 2
1211 1
1212 1
1213 3
1214 0
1215 1
1216 0
1217 1
1218 0
1219 0
1220 2
1221 1
1222 1
1223 2
1224 1
1225 1
1226 2
1227 0
1228 0
1229 0
1230 4
1231 3
1232 2
1233 0
1234 0
1235 1
1236 0
1237 1
1238 1
1239 0
1240 1
1241 0
1242 2
1243 0
1244 1
1245 0
1246 1
1247 0
1248 2
1249 2
1250 1
1251 0
1252 1
1253 0
1254 2
1255 0
1256 0
1257 1
1258 1
1259 7
1260 0
1261 2
1262 1
1263 2
1264 1
1265 2
1266 2
1267 0
1268 0
1269 3
1270 2
1271 1
1272 3
1273 1
1274 1
1275 1
1276 1
1277 0
1278 1
1279 2
1280 1
1281 1
1282 1
1283 4
1284 3
1285 1
1286 1
1287 2
1288 1
1289 1
1290 2
1291 1
1292 1
1293 0
1294 1
1295 0
1296 0
1297 2
1298 0
1299 0
1300 0
1301 1
1302 0
1303 2
1304 1
1305 1
1306 1
1307 1
1308 1
1309 1
1310 1
1311 2
1312 2
1313 2
1314 2
1315 3
1316 0
1317 0
1318 0
1319 0
1320 2
1321 0
1322 0
1323 0
1324 2
1325 1
1326 0
1327 4
1328 0
1329 1
1330 0
1331 1
1332 4
1333 1
1334 3
1335 2
1336 0
1337 1
1338 3
1339 0
1340 2
1341 1
1342 0
1343 0
1344 1
1345 1
1346 0
1347 0
1348 2
1349 1
1350 2
1351 0
1352 2
1353 0
1354 1
1355 0
1356 3
1357 2
1358 1
1359 3
1360 0
1361 1
1362 0
1363 0
1364 0
1365 0
1366 1
1367 1
1368 1
1369 1
1370 1
1371 1
1372 1
1373 1
1374 3
1375 2
1376 1
1377 2
1378 1
1379 1
1380 2
1381 0
1382 1
1383 0
1384 1
1385 2
1386 0
1387 0
1388 0
1389 1
1390 0
1391 4
1392 0
1393 0
1394 1
1395 0
1396 3
1397 1
1398 1
1399 1
1400 0
1401 0
1402 0
1403 3
1404 2
1405 1
1406 2
1407 0
1408 3
1409 1
1410 1
1411 0
1412 0
1413 4
1414 3
1415 3
1416 0
1417 2
1418 1
1419 3
1420 1
1421 0
1422 2
1423 1
1424 2
1425 1
1426 2
1427 1
1428 5
1429 2
1430 2
1431 1
1432 0
1433 3
1434 1
1435 3
1436 1
1437 1
1438 1
1439 2
1440 0
1441 0
1442 3
1443 1
1444 1
1445 1
1446 1
1447 2
1448 2
1449 2
1450 2
1451 0
1452 2
1453 2
1454 0
1455 0
1456 0
1457 2
1458 0
1459 2
1460 1
1461 1
1462 2
1463 3
1464 6
1465 0
1466 0
1467 0
1468 1
1469 0
1470 2
1471 1
1472 0
1473 1
1474 1
1475 1
1476 1
1477 0
1478 4
1479 1
1480 2
1481 3
1482 0
1483 2
1484 1
1485 1
1486 1
1487 1
1488 1
1489 2
1490 3
1491 0
1492 2
1493 0
1494 1
1495 0
1496 1
1497 0
1498 0
1499 0
1500 1
1501 0
1502 2
1503 0
1504 2
1505 3
1506 0
1507 0
1508 0
1509 2
1510 0
1511 0
1512 1
1513 1
1514 0
1515 1
1516 0
1517 0
1518 1
1519 1
1520 0
1521 1
1522 1
1523 1
1524 0
1525 0
1526 0
1527 0
1528 0
1529 1
1530 0
1531 2
1532 0
1533 1
1534 1
1535 0
1536 0
1537 0
1538 1
1539 0
1540 1
1541 1
1542 1
1543 0
1544 1
1545 1
1546 0
1547 1
1548 0
1549 0
1550 0
1551 0
1552 1
1553 0
1554 0
1555 0
1556 0
1557 0
1558 1
1559 0
1560 0
1561 0
1562 0
1563 0
1564 0
1565 1
1566 0
1567 2
1568 0
1569 0
1570 1
1571 1
1572 0
1573 1
1574 1
1575 0
1576 0
1577 1
1578 0
1579 0
1580 0
1581 0
1582 0
1583 3
1584 0
1585 0
1586 0
1587 0
1588 0
1589 1
1590 1
1591 0
1592 0
1593 0
1594 0
1595 0
1596 0
1597 0
1598 1
1599 0
1600 0
1601 0
1602 0
1603 1
1604 0
1605 0
1606 1
1607 1
1608 0
1609 0
1610 1
1611 0
1612 0
1613 0
1614 1
1615 0
1616 0
1617 1
1618 0
1619 0
1620 1
1621 0
1622 1
1623 1
1624 1
1625 1
1626 2
1627 0
1628 0
1629 0
1630 0
1631 0
1632 0
1633 0
1634 0
1635 0
1636 0
1637 0
1638 0
1639 0
1640 0
1641 0
1642 1
1643 0
1644 2
1645 1
1646 0
1647 1
1648 0
1649 0
1650 0
1651 0
1652 0
1653 0
1654 0
1655 0
1656 0
1657 0
1658 0
1659 0
1660 0
1661 0
1662 0
1663 0
1664 0
1665 1
1666 0
1667 0
1668 0
1669 0
1670 0
1671 0
1672 1
1673 1
1674 0
1675 0
1676 0
1677 0
1678 0
1679 0
1680 0
1681 1
1682 0
1683 0
1684 0
1685 0
1686 0
1687 0
1688 1
1689 0
1690 0
1691 0
1692 0
1693 0
1694 0
1695 0
1696 0
1697 0
1698 0
1699 0
1700 0
1701 0
1702 1
1703 0
1704 1
1705 0
1706 0
1707 0
1708 0
1709 0
1710 1
1711 0
1712 0
1713 0
1714 0
1715 0
1716 0
1717 0
1718 0
1719 0
1720 0
1721 0
1722 0
1723 0
1724 0
1725 0
1726 0
1727 0
1728 0
1729 0
1730 1
1731 0
1732 0
1733 0
1734 0
1735 0
1736 0
1737 0
1738 1
1739 0
1740 0
1741 0
1742 0
1743 0
1744 0
1745 0
1746 0
1747 0
1748 0
1749 0
1750 0
1751 0
1752 0
1753 0
1754 0
1755 0
1756 0
1757 0
1758 0
1759 0
1760 1
1761 0
1762 0
1763 0
1764 0
1765 0
1766 0
1767 0
1768 0
1769 2
1770 0
1771 0
1772 0
1773 0
1774 0
1775 0
1776 0
1777 0
1778 0
1779 0
1780 0
1781 0
1782 0
1783 0
1784 0
1785 0
1786 0
1787 0
1788 0
1789 0
1790 0
1791 0
1792 0
1793 0
1794 0
1795 0
1796 0
1797 0
1798 0
1799 0
1800 0
1801 0
1802 0
1803 0
1804 0
1805 0
1806 0
1807 0
1808 0
1809 0
1810 0
1811 0
1812 0
1813 0
1814 0
1815 0
1816 0
1817 0
1818 0
1819 0
1820 0
1821 0
1822 0
1823 0
1824 0
1825 0
1826 0
1827 1
1828 0
1829 2
1830 0
1831 0
1832 0
1833 0
1834 0
1835 0
1836 0
1837 0
1838 0
1839 1
1840 0
1841 2
1842 1
1843 0
1844 0
1845 0
1846 0
1847 1
1848 0
1849 1
1850 1
1851 0
1852 1
1853 0
1854 0
1855 1
1856 0
1857 0
1858 0
1859 0
1860 0
1861 0
1862 0
1863 0
1864 0
1865 0
1866 0
1867 0
1868 0
1869 0
1870 0
1871 0
1872 0
1873 0
1874 0
1875 0
1876 0
1877 0
1878 0
1879 0
1880 0
1881 0
1882 0
1883 1
1884 2
1885 0
1886 0
1887 0
1888 0
1889 1
1890 0
1891 0
1892 0
1893 0
1894 0
1895 0
1896 0
1897 0
1898 0
1899 0
1900 0
1901 0
1902 0
1903 0
1904 0
1905 0
1906 0
1907 0
1908 0
1909 0
1910 0
1911 1
1912 0
1913 1
1914 0
1915 0
1916 0
1917 1
1918 0
1919 0
1920 0
1921 1
1922 0
1923 0
1924 1
1925 0
1926 0
1927 0
1928 0
1929 0
1930 0
1931 0
1932 0
1933 0
1934 0
1935 0
1936 0
1937 0
1938 0
1939 0
1940 0
1941 0
1942 0
1943 0
1944 1
1945 0
1946 0
1947 0
1948 0
1949 0
1950 0
1951 1
1952 0
1953 0
1954 0
1955 0
1956 0
1957 0
1958 0
1959 0
1960 0
1961 0
1962 0
1963 0
1964 0
1965 0
1966 0
1967 0
1968 0
1969 0
1970 0
1971 0
1972 0
1973 0
1974 0
1975 0
1976 0
1977 0
1978 0
1979 0
1980 0
1981 0
1982 0
1983 0
1984 0
1985 0
1986 0
1987 0
1988 0
1989 0
1990 0
1991 0
1992 0
1993 0
1994 0
1995 0
1996 0
1997 1
1998 0
1999 0
2000 0
2001 1
2002 0
2003 1
2004 0
2005 0
2006 2
2007 0
2008 0
2009 0
2010 0
2011 0
2012 0
2013 1
2014 0
2015 0
2016 0
2017 0
2018 0
2019 1
2020 0
2021 0
2022 0
2023 0
2024 0
2025 0
2026 0
2027 0
2028 0
2029 0
2030 0
2031 0
2032 0
2033 0
2034 0
2035 0
2036 0
2037 0
2038 0
2039 0
2040 0
2041 0
2042 0
2043 0
2044 0
2045 0
2046 0
2047 0
