# Dead time factor = 1.00000
0 0
1 0
2 0
3 0
4 0
5 0
6 0
7 0
8 0
9 0
10 0
11 0
12 0
13 0
14 0
15 0
16 0
17 0
18 0
19 0
20 4
21 41
22 32
23 44
24 31
25 28
26 29
27 33
28 40
29 32
30 34
31 30
32 40
33 52
34 46
35 47
36 45
37 55
38 47
39 53
40 48
41 53
42 64
43 50
44 53
45 67
46 65
47 85
48 115
49 126
50 182
51 154
52 177
53 155
54 112
55 97
56 94
57 73
58 62
59 36
60 46
61 41
62 46
63 50
64 32
65 47
66 22
67 29
68 19
69 38
70 33
71 24
72 32
73 22
74 28
75 35
76 26
77 22
78 31
79 48
80 36
81 34
82 43
83 46
84 36
85 36
86 50
87 38
88 30
89 30
90 37
91 43
92 31
93 44
94 27
95 40
96 30
97 43
98 25
99 27
100 21
101 22
102 22
103 26
104 38
105 25
106 19
107 19
108 28
109 20
110 27
111 28
112 23
113 20
114 17
115 28
116 20
117 19
118 20
119 23
120 22
121 20
122 21
123 21
124 19
125 20
126 28
127 31
128 24
129 17
130 26
131 19
132 21
133 29
134 19
135 14
136 22
137 20
138 23
139 19
140 23
141 24
142 23
143 20
144 25
145 19
146 25
147 20
148 19
149 24
150 16
151 19
152 16
153 22
154 21
155 26
156 19
157 19
158 21
159 32
160 20
161 26
162 35
163 30
164 34
165 28
166 36
167 46
168 37
169 48
170 47
171 37
172 51
173 56
174 52
175 43
176 39
177 35
178 23
179 34
180 24
181 28
182 15
183 27
184 27
185 21
186 24
187 19
188 21
189 17
190 18
191 16
192 18
193 14
194 26
195 19
196 24
197 6
198 17
199 16
200 16
201 18
202 15
203 13
204 15
205 21
206 18
207 22
208 16
209 16
210 10
211 16
212 19
213 7
214 19
215 15
216 16
217 12
218 23
219 27
220 13
221 10
222 18
223 11
224 15
225 15
226 16
227 19
228 5
229 12
230 16
231 19
232 14
233 15
234 16
235 15
236 15
237 15
238 14
239 13
240 15
241 15
242 18
243 13
244 25
245 12
246 12
247 19
248 12
249 20
250 17
251 14
252 16
253 10
254 12
255 17
256 12
257 12
258 16
259 13
260 18
261 18
262 21
263 20
264 15
265 23
266 14
267 16
268 14
269 12
270 10
271 16
272 19
273 13
274 9
275 14
276 8
277 18
278 14
279 11
280 15
281 12
282 11
283 21
284 14
285 14
286 19
287 15
288 15
289 9
290 6
291 13
292 10
293 6
294 12
295 18
296 6
297 12
298 15
299 12
300 16
301 10
302 15
303 7
304 12
305 19
306 15
307 14
308 16
309 13
310 10
311 7
312 7
313 16
314 14
315 11
316 10
317 13
318 11
319 10
320 10
321 9
322 13
323 11
324 11
325 7
326 13
327 9
328 9
329 12
330 7
331 15
332 11
333 23
334 12
335 9
336 17
337 13
338 12
339 9
340 14
341 20
342 12
343 9
344 8
345 15
346 20
347 12
348 14
349 12
350 11
351 20
352 14
353 9
354 18
355 9
356 17
357 18
358 14
359 14
360 13
361 18
362 13
363 20
364 18
365 8
366 11
367 13
368 16
369 11
370 9
371 8
372 12
373 10
374 11
375 14
376 12
377 11
378 13
379 6
380 12
381 11
382 8
383 16
384 7
385 10
386 7
387 10
388 14
389 14
390 15
391 9
392 10
393 13
394 10
395 13
396 11
397 11
398 13
399 12
400 12
401 9
402 14
403 9
404 12
405 6
406 11
407 7
408 9
409 20
410 10
411 15
412 22
413 14
414 5
415 17
416 11
417 13
418 7
419 9
420 12
421 18
422 9
423 10
424 8
425 9
426 13
427 8
428 12
429 18
430 8
431 17
432 18
433 14
434 15
435 11
436 11
437 8
438 11
439 9
440 14
441 17
442 10
443 12
444 8
445 10
446 10
447 10
448 9
449 12
450 9
451 10
452 11
453 11
454 13
455 8
456 13
457 13
458 8
459 12
460 7
461 9
462 15
463 9
464 9
465 11
466 11
467 7
468 20
469 11
470 16
471 7
472 1
473 9
474 6
475 17
476 13
477 15
478 7
479 10
480 7
481 11
482 3
483 15
484 10
485 14
486 11
487 12
488 11
489 14
490 13
491 8
492 6
493 9
494 11
495 13
496 7
497 9
498 11
499 7
500 10
501 5
502 8
503 12
504 11
505 9
506 13
507 6
508 5
509 5
510 13
511 7
512 5
513 10
514 8
515 8
516 14
517 13
518 15
519 10
520 6
521 13
522 13
523 11
524 12
525 9
526 16
527 5
528 11
529 8
530 10
531 9
532 18
533 16
534 13
535 10
536 8
537 14
538 8
539 8
540 11
541 9
542 11
543 9
544 8
545 11
546 4
547 9
548 13
549 9
550 9
551 10
552 6
553 7
554 10
555 14
556 15
557 12
558 8
559 17
560 11
561 7
562 8
563 13
564 14
565 14
566 6
567 6
568 10
569 5
570 5
571 11
572 8
573 7
574 12
575 9
576 8
577 11
578 8
579 10
580 8
581 12
582 12
583 14
584 9
585 16
586 10
587 9
588 13
589 6
590 13
591 6
592 7
593 11
594 12
595 6
596 12
597 9
598 9
599 11
600 12
601 15
602 7
603 14
604 8
605 6
606 9
607 9
608 14
609 14
610 7
611 13
612 3
613 15
614 9
615 7
616 13
617 13
618 11
619 8
620 7
621 19
622 7
623 13
624 13
625 12
626 16
627 6
628 13
629 13
630 10
631 11
632 8
633 8
634 14
635 10
636 7
637 9
638 14
639 6
640 5
641 12
642 11
643 7
644 11
645 8
646 13
647 14
648 12
649 10
650 16
651 15
652 7
653 12
654 11
655 13
656 12
657 12
658 11
659 8
660 6
661 15
662 9
663 8
664 6
665 4
666 12
667 12
668 9
669 14
670 7
671 6
672 12
673 10
674 11
675 16
676 12
677 7
678 6
679 5
680 11
681 4
682 9
683 8
684 9
685 19
686 18
687 6
688 10
689 9
690 12
691 9
692 7
693 15
694 10
695 8
696 9
697 13
698 6
699 11
700 7
701 15
702 6
703 12
704 14
705 14
706 11
707 9
708 11
709 17
710 11
711 7
712 8
713 12
714 10
715 6
716 10
717 6
718 9
719 17
720 11
721 5
722 7
723 12
724 16
725 5
726 10
727 9
728 7
729 9
730 6
731 15
732 10
733 11
734 6
735 11
736 13
737 13
738 9
739 9
740 16
741 9
742 15
743 9
744 15
745 17
746 15
747 3
748 6
749 10
750 7
751 10
752 11
753 11
754 11
755 7
756 16
757 7
758 11
759 14
760 16
761 9
762 7
763 6
764 7
765 15
766 11
767 10
768 6
769 12
770 9
771 13
772 9
773 15
774 8
775 5
776 10
777 10
778 15
779 12
780 10
781 9
782 13
783 12
784 12
785 9
786 12
787 15
788 9
789 12
790 14
791 9
792 7
793 9
794 9
795 14
796 13
797 11
798 12
799 13
800 17
801 16
802 12
803 9
804 11
805 12
806 10
807 7
808 10
809 6
810 13
811 12
812 6
813 9
814 8
815 10
816 8
817 12
818 7
819 14
820 15
821 17
822 6
823 15
824 14
825 7
826 10
827 7
828 18
829 16
830 14
831 9
832 10
833 7
834 13
835 17
836 10
837 12
838 14
839 13
840 9
841 25
842 10
843 13
844 8
845 11
846 16
847 13
848 20
849 16
850 14
851 13
852 16
853 9
854 11
855 8
856 11
857 14
858 5
859 13
860 13
861 15
862 10
863 13
864 17
865 9
866 16
867 12
868 14
869 9
870 13
871 23
872 11
873 8
874 9
875 14
876 15
877 7
878 18
879 13
880 11
881 9
882 8
883 12
884 15
885 10
886 11
887 13
888 12
889 12
890 11
891 13
892 10
893 12
894 14
895 10
896 13
897 12
898 8
899 17
900 15
901 14
902 16
903 15
904 12
905 20
906 17
907 8
908 12
909 7
910 8
911 12
912 10
913 15
914 7
915 12
916 16
917 9
918 11
919 14
920 16
921 10
922 13
923 9
924 10
925 9
926 14
927 9
928 15
929 15
930 13
931 16
932 11
933 14
934 20
935 11
936 11
937 10
938 10
939 11
940 7
941 18
942 18
943 8
944 11
945 11
946 18
947 16
948 12
949 9
950 15
951 11
952 14
953 16
954 11
955 8
956 13
957 15
958 18
959 16
960 14
961 14
962 10
963 10
964 15
965 7
966 22
967 10
968 7
969 12
970 8
971 15
972 11
973 19
974 11
975 15
976 13
977 14
978 11
979 13
980 10
981 19
982 17
983 16
984 23
985 9
986 15
987 13
988 14
989 9
990 18
991 13
992 12
993 13
994 8
995 17
996 10
997 10
998 14
999 17
1000 16
1001 19
1002 11
1003 15
1004 24
1005 10
1006 15
1007 11
1008 16
1009 11
1010 15
1011 14
1012 14
1013 15
1014 8
1015 11
1016 17
1017 15
1018 12
1019 12
1020 17
1021 16
1022 12
1023 21
1024 11
1025 16
1026 12
1027 18
1028 6
1029 14
1030 16
1031 10
1032 13
1033 16
1034 18
1035 11
1036 23
1037 5
1038 15
1039 15
1040 7
1041 12
1042 18
1043 13
1044 9
1045 18
1046 20
1047 12
1048 8
1049 10
1050 20
1051 12
1052 18
1053 27
1054 16
1055 12
1056 12
1057 13
1058 16
1059 12
1060 13
1061 12
1062 16
1063 17
1064 10
1065 15
1066 16
1067 16
1068 21
1069 21
1070 13
1071 11
1072 16
1073 16
1074 17
1075 14
1076 17
1077 18
1078 17
1079 18
1080 21
1081 22
1082 19
1083 21
1084 14
1085 15
1086 16
1087 25
1088 16
1089 26
1090 25
1091 20
1092 16
1093 13
1094 28
1095 18
1096 22
1097 25
1098 14
1099 19
1100 13
1101 26
1102 17
1103 25
1104 25
1105 20
1106 26
1107 25
1108 24
1109 17
1110 31
1111 19
1112 23
1113 22
1114 25
1115 20
1116 32
1117 28
1118 20
1119 25
1120 23
1121 19
1122 26
1123 17
1124 33
1125 20
1126 19
1127 20
1128 26
1129 33
1130 27
1131 25
1132 26
1133 23
1134 29
1135 29
1136 13
1137 22
1138 23
1139 24
1140 29
1141 23
1142 24
1143 15
1144 22
1145 27
1146 25
1147 21
1148 23
1149 22
1150 19
1151 26
1152 25
1153 28
1154 24
1155 18
1156 34
1157 24
1158 27
1159 24
1160 23
1161 35
1162 25
1163 22
1164 32
1165 29
1166 30
1167 20
1168 36
1169 28
1170 23
1171 15
1172 20
1173 25
1174 24
1175 23
1176 28
1177 19
1178 23
1179 22
1180 28
1181 20
1182 27
1183 28
1184 12
1185 24
1186 30
1187 29
1188 26
1189 22
1190 27
1191 22
1192 25
1193 28
1194 22
1195 24
1196 23
1197 25
1198 30
1199 26
1200 24
1201 21
1202 27
1203 31
1204 29
1205 25
1206 23
1207 19
1208 25
1209 22
1210 20
1211 38
1212 21
1213 29
1214 26
1215 37
1216 27
1217 24
1218 29
1219 18
1220 33
1221 33
1222 28
1223 21
1224 28
1225 20
1226 23
1227 34
1228 20
1229 33
1230 21
1231 30
1232 27
1233 16
1234 27
1235 28
1236 34
1237 29
1238 24
1239 27
1240 33
1241 19
1242 30
1243 29
1244 33
1245 29
1246 35
1247 37
1248 34
1249 28
1250 37
1251 31
1252 23
1253 35
1254 43
1255 33
1256 33
1257 33
1258 34
1259 34
1260 39
1261 36
1262 34
1263 21
1264 35
1265 38
1266 37
1267 34
1268 47
1269 32
1270 39
1271 43
1272 34
1273 41
1274 42
1275 32
1276 31
1277 30
1278 32
1279 45
1280 33
1281 41
1282 41
1283 47
1284 30
1285 39
1286 51
1287 39
1288 39
1289 35
1290 30
1291 34
1292 43
1293 44
1294 48
1295 34
1296 48
1297 33
1298 38
1299 36
1300 43
1301 35
1302 41
1303 41
1304 32
1305 33
1306 45
1307 41
1308 33
1309 48
1310 44
1311 45
1312 26
1313 39
1314 30
1315 39
1316 32
1317 33
1318 42
1319 34
1320 45
1321 43
1322 32
1323 40
1324 34
1325 38
1326 37
1327 37
1328 31
1329 33
1330 39
1331 42
1332 40
1333 27
1334 39
1335 34
1336 38
1337 34
1338 30
1339 44
1340 37
1341 34
1342 34
1343 40
1344 24
1345 34
1346 29
1347 32
1348 36
1349 43
1350 28
1351 27
1352 28
1353 22
1354 33
1355 23
1356 25
1357 30
1358 33
1359 20
1360 31
1361 31
1362 29
1363 24
1364 30
1365 24
1366 22
1367 24
1368 27
1369 25
1370 23
1371 24
1372 21
1373 22
1374 31
1375 20
1376 27
1377 27
1378 26
1379 38
1380 17
1381 22
1382 19
1383 24
1384 25
1385 32
1386 20
1387 23
1388 31
1389 17
1390 31
1391 16
1392 32
1393 30
1394 24
1395 25
1396 22
1397 25
1398 28
1399 31
1400 30
1401 37
1402 27
1403 31
1404 21
1405 29
1406 34
1407 22
1408 42
1409 27
1410 23
1411 29
1412 24
1413 43
1414 29
1415 35
1416 29
1417 38
1418 38
1419 28
1420 33
1421 39
1422 42
1423 40
1424 34
1425 40
1426 38
1427 27
1428 38
1429 43
1430 42
1431 45
1432 35
1433 37
1434 43
1435 42
1436 36
1437 36
1438 35
1439 29
1440 41
1441 36
1442 34
1443 53
1444 40
1445 44
1446 36
1447 46
1448 31
1449 37
1450 42
1451 41
1452 38
1453 39
1454 37
1455 36
1456 46
1457 42
1458 38
1459 47
1460 39
1461 39
1462 45
1463 47
1464 42
1465 51
1466 29
1467 42
1468 36
1469 33
1470 27
1471 41
1472 33
1473 41
1474 55
1475 43
1476 40
1477 41
1478 45
1479 49
1480 38
1481 37
1482 25
1483 30
1484 33
1485 32
1486 32
1487 39
1488 28
1489 43
1490 28
1491 35
1492 36
1493 28
1494 40
1495 41
1496 31
1497 30
1498 26
1499 16
1500 25
1501 31
1502 32
1503 27
1504 27
1505 31
1506 32
1507 31
1508 27
1509 34
1510 20
1511 35
1512 15
1513 12
1514 11
1515 14
1516 22
1517 18
1518 15
1519 16
1520 23
1521 18
1522 20
1523 14
1524 17
1525 14
1526 17
1527 12
1528 11
1529 15
1530 10
1531 11
1532 16
1533 3
1534 13
1535 13
1536 15
1537 11
1538 4
1539 18
1540 10
1541 5
1542 10
1543 12
1544 13
1545 4
1546 8
1547 9
1548 6
1549 13
1550 5
1551 8
1552 6
1553 8
1554 15
1555 12
1556 8
1557 17
1558 11
1559 9
1560 7
1561 5
1562 10
1563 9
1564 7
1565 7
1566 5
1567 8
1568 4
1569 9
1570 10
1571 5
1572 3
1573 8
1574 10
1575 3
1576 12
1577 11
1578 5
1579 8
1580 10
1581 7
1582 5
1583 2
1584 7
1585 7
1586 7
1587 8
1588 13
1589 7
1590 8
1591 11
1592 6
1593 18
1594 10
1595 6
1596 8
1597 9
1598 7
1599 9
1600 12
1601 11
1602 9
1603 13
1604 15
1605 11
1606 13
1607 12
1608 6
1609 13
1610 8
1611 9
1612 11
1613 18
1614 6
1615 16
1616 11
1617 17
1618 13
1619 8
1620 15
1621 10
1622 8
1623 10
1624 8
1625 5
1626 13
1627 12
1628 11
1629 8
1630 11
1631 11
1632 11
1633 8
1634 14
1635 7
1636 6
1637 8
1638 12
1639 10
1640 10
1641 3
1642 5
1643 2
1644 9
1645 8
1646 13
1647 8
1648 3
1649 4
1650 11
1651 10
1652 6
1653 5
1654 7
1655 5
1656 5
1657 3
1658 5
1659 6
1660 3
1661 6
1662 3
1663 11
1664 2
1665 4
1666 3
1667 3
1668 2
1669 5
1670 3
1671 3
1672 3
1673 3
1674 7
1675 7
1676 3
1677 3
1678 6
1679 3
1680 4
1681 2
1682 1
1683 1
1684 0
1685 3
1686 4
1687 2
1688 2
1689 0
1690 1
1691 0
1692 0
1693 0
1694 0
1695 1
1696 3
1697 1
1698 3
1699 2
1700 1
1701 1
1702 1
1703 2
1704 0
1705 0
1706 0
1707 0
1708 2
1709 0
1710 0
1711 0
1712 0
1713 0
1714 1
1715 0
1716 1
1717 1
1718 0
1719 0
1720 1
1721 0
1722 0
1723 1
1724 1
1725 1
1726 1
1727 0
1728 0
1729 0
1730 1
1731 2
1732 0
1733 0
1734 0
1735 2
1736 1
1737 0
1738 0
1739 0
1740 0
1741 0
1742 0
1743 1
1744 0
1745 0
1746 0
1747 0
1748 0
1749 1
1750 1
1751 0
1752 1
1753 1
1754 1
1755 0
1756 1
1757 0
1758 1
1759 0
1760 0
1761 1
1762 0
1763 1
1764 0
1765 1
1766 0
1767 1
1768 0
1769 0
1770 0
1771 0
1772 0
1773 0
1774 0
1775 0
1776 1
1777 0
1778 0
1779 0
1780 0
1781 0
1782 0
1783 0
1784 0
1785 1
1786 1
1787 1
1788 1
1789 0
1790 0
1791 0
1792 0
1793 0
1794 0
1795 0
1796 0
1797 0
1798 0
1799 0
1800 0
1801 0
1802 1
1803 0
1804 0
1805 1
1806 0
1807 0
1808 0
1809 1
1810 1
1811 0
1812 0
1813 1
1814 1
1815 0
1816 0
1817 1
1818 1
1819 1
1820 0
1821 1
1822 0
1823 0
1824 0
1825 0
1826 0
1827 0
1828 0
1829 1
1830 0
1831 0
1832 1
1833 0
1834 0
1835 0
1836 0
1837 0
1838 0
1839 0
1840 0
1841 0
1842 2
1843 1
1844 0
1845 0
1846 0
1847 1
1848 0
1849 1
1850 0
1851 0
1852 0
1853 0
1854 0
1855 1
1856 1
1857 0
1858 0
1859 0
1860 0
1861 0
1862 1
1863 0
1864 0
1865 0
1866 0
1867 0
1868 0
1869 0
1870 0
1871 0
1872 1
1873 1
1874 0
1875 1
1876 0
1877 1
1878 0
1879 0
1880 1
1881 1
1882 0
1883 0
1884 0
1885 0
1886 0
1887 0
1888 0
1889 1
1890 1
1891 0
1892 0
1893 0
1894 0
1895 0
1896 0
1897 1
1898 0
1899 0
1900 0
1901 0
1902 0
1903 1
1904 1
1905 0
1906 1
1907 0
1908 1
1909 0
1910 0
1911 1
1912 0
1913 0
1914 4
1915 0
1916 0
1917 0
1918 0
1919 1
1920 0
1921 0
1922 0
1923 0
1924 2
1925 0
1926 0
1927 0
1928 1
1929 0
1930 1
1931 0
1932 0
1933 0
1934 0
1935 0
1936 1
1937 0
1938 0
1939 0
1940 0
1941 0
1942 0
1943 1
1944 0
1945 0
1946 0
1947 0
1948 1
1949 0
1950 0
1951 0
1952 0
1953 1
1954 0
1955 0
1956 1
1957 0
1958 0
1959 0
1960 0
1961 0
1962 1
1963 2
1964 0
1965 1
1966 0
1967 0
1968 0
1969 0
1970 1
1971 0
1972 0
1973 1
1974 0
1975 1
1976 0
1977 1
1978 1
1979 0
1980 0
1981 1
1982 1
1983 0
1984 0
1985 0
1986 0
1987 3
1988 0
1989 0
1990 0
1991 1
1992 1
1993 1
1994 0
1995 1
1996 0
1997 0
1998 0
1999 0
2000 0
2001 0
2002 0
2003 0
2004 0
2005 0
2006 0
2007 1
2008 0
2009 0
2010 0
2011 1
2012 0
2013 0
2014 1
2015 1
2016 0
2017 0
2018 0
2019 0
2020 0
2021 0
2022 1
2023 0
2024 0
2025 0
2026 0
2027 0
2028 1
2029 0
2030 0
2031 0
2032 0
2033 0
2034 0
2035 0
2036 0
2037 0
2038 0
2039 0
2040 0
2041 0
2042 0
2043 0
2044 0
2045 0
2046 0
2047 0
