# Dead time factor = 1.00000
0 0
1 0
2 0
3 0
4 0
5 0
6 0
7 0
8 0
9 0
10 0
11 0
12 0
13 0
14 0
15 0
16 0
17 0
18 0
19 0
20 2
21 28
22 27
23 26
24 42
25 21
26 31
27 42
28 32
29 33
30 38
31 40
32 41
33 37
34 49
35 45
36 41
37 52
38 36
39 55
40 60
41 39
42 59
43 43
44 58
45 53
46 75
47 67
48 95
49 153
50 153
51 150
52 183
53 163
54 112
55 87
56 86
57 52
58 56
59 48
60 44
61 39
62 43
63 24
64 33
65 47
66 44
67 25
68 40
69 31
70 32
71 29
72 41
73 38
74 30
75 27
76 36
77 30
78 29
79 34
80 32
81 35
82 51
83 39
84 33
85 29
86 34
87 37
88 33
89 30
90 37
91 35
92 33
93 39
94 38
95 27
96 32
97 33
98 33
99 28
100 30
101 30
102 23
103 22
104 20
105 24
106 27
107 29
108 25
109 24
110 21
111 15
112 23
113 29
114 26
115 19
116 21
117 19
118 11
119 21
120 26
121 24
122 22
123 32
124 16
125 23
126 23
127 22
128 22
129 20
130 23
131 21
132 26
133 26
134 16
135 15
136 23
137 22
138 20
139 22
140 21
141 22
142 20
143 19
144 16
145 16
146 19
147 31
148 12
149 19
150 15
151 20
152 16
153 18
154 18
155 15
156 19
157 17
158 16
159 20
160 30
161 27
162 23
163 31
164 21
165 38
166 36
167 40
168 37
169 44
170 38
171 42
172 44
173 37
174 37
175 36
176 33
177 34
178 30
179 29
180 25
181 27
182 26
183 28
184 16
185 30
186 25
187 21
188 29
189 15
190 20
191 21
192 20
193 13
194 16
195 21
196 12
197 20
198 12
199 16
200 19
201 13
202 12
203 15
204 18
205 14
206 14
207 14
208 14
209 19
210 14
211 17
212 16
213 10
214 15
215 13
216 17
217 17
218 19
219 17
220 13
221 19
222 16
223 17
224 15
225 17
226 17
227 22
228 15
229 17
230 12
231 9
232 23
233 12
234 20
235 12
236 20
237 16
238 16
239 16
240 17
241 23
242 19
243 12
244 11
245 11
246 18
247 15
248 13
249 16
250 15
251 24
252 15
253 9
254 14
255 14
256 7
257 11
258 8
259 12
260 17
261 16
262 9
263 12
264 15
265 16
266 14
267 15
268 12
269 14
270 21
271 18
272 16
273 11
274 16
275 8
276 14
277 8
278 11
279 14
280 12
281 13
282 19
283 12
284 8
285 11
286 13
287 12
288 15
289 17
290 15
291 13
292 13
293 21
294 12
295 15
296 12
297 11
298 11
299 11
300 14
301 10
302 18
303 12
304 12
305 16
306 5
307 11
308 11
309 14
310 13
311 13
312 15
313 17
314 9
315 15
316 7
317 9
318 11
319 12
320 9
321 7
322 5
323 8
324 18
325 10
326 10
327 10
328 15
329 9
330 15
331 13
332 10
333 10
334 13
335 9
336 8
337 12
338 11
339 15
340 14
341 20
342 8
343 13
344 11
345 14
346 13
347 17
348 18
349 17
350 12
351 22
352 8
353 18
354 9
355 18
356 14
357 18
358 13
359 18
360 26
361 11
362 12
363 15
364 12
365 9
366 11
367 9
368 8
369 12
370 9
371 13
372 8
373 11
374 10
375 11
376 9
377 14
378 12
379 14
380 14
381 5
382 9
383 12
384 11
385 13
386 12
387 8
388 10
389 5
390 13
391 13
392 7
393 6
394 9
395 9
396 13
397 12
398 6
399 6
400 13
401 10
402 7
403 13
404 8
405 6
406 13
407 14
408 4
409 9
410 10
411 10
412 9
413 9
414 9
415 6
416 6
417 9
418 13
419 13
420 10
421 5
422 8
423 11
424 16
425 14
426 15
427 14
428 10
429 11
430 12
431 8
432 11
433 17
434 10
435 6
436 10
437 13
438 13
439 9
440 4
441 11
442 10
443 9
444 13
445 15
446 11
447 7
448 8
449 8
450 12
451 13
452 14
453 8
454 8
455 15
456 4
457 11
458 18
459 10
460 8
461 14
462 11
463 13
464 10
465 8
466 10
467 11
468 7
469 8
470 10
471 15
472 7
473 7
474 9
475 12
476 6
477 7
478 15
479 12
480 7
481 12
482 12
483 6
484 7
485 9
486 14
487 11
488 14
489 11
490 9
491 5
492 11
493 7
494 9
495 10
496 18
497 7
498 10
499 4
500 7
501 10
502 14
503 9
504 6
505 10
506 9
507 11
508 8
509 2
510 10
511 8
512 5
513 11
514 8
515 8
516 9
517 10
518 11
519 8
520 9
521 16
522 8
523 11
524 7
525 6
526 13
527 8
528 12
529 9
530 7
531 11
532 18
533 10
534 14
535 6
536 11
537 11
538 6
539 17
540 14
541 7
542 6
543 5
544 10
545 14
546 6
547 14
548 10
549 16
550 12
551 8
552 14
553 8
554 8
555 8
556 6
557 9
558 11
559 9
560 7
561 11
562 12
563 11
564 12
565 11
566 7
567 8
568 9
569 6
570 8
571 7
572 13
573 8
574 12
575 13
576 9
577 9
578 13
579 11
580 15
581 7
582 14
583 8
584 11
585 15
586 12
587 11
588 8
589 10
590 6
591 8
592 10
593 8
594 5
595 12
596 16
597 7
598 7
599 9
600 10
601 3
602 13
603 8
604 12
605 10
606 8
607 11
608 12
609 8
610 14
611 14
612 10
613 12
614 7
615 9
616 8
617 8
618 10
619 11
620 9
621 6
622 16
623 9
624 10
625 9
626 6
627 10
628 8
629 10
630 8
631 10
632 5
633 17
634 11
635 13
636 10
637 8
638 6
639 14
640 10
641 11
642 5
643 15
644 11
645 11
646 7
647 7
648 10
649 11
650 9
651 12
652 8
653 12
654 12
655 8
656 8
657 7
658 9
659 13
660 12
661 9
662 12
663 7
664 10
665 14
666 7
667 7
668 7
669 12
670 15
671 17
672 8
673 12
674 11
675 15
676 14
677 14
678 9
679 8
680 9
681 12
682 13
683 14
684 9
685 12
686 13
687 8
688 9
689 8
690 9
691 11
692 8
693 13
694 11
695 8
696 6
697 12
698 12
699 11
700 14
701 8
702 6
703 10
704 14
705 11
706 5
707 9
708 8
709 10
710 9
711 10
712 13
713 10
714 9
715 8
716 10
717 8
718 7
719 8
720 9
721 8
722 9
723 9
724 11
725 10
726 17
727 13
728 7
729 9
730 13
731 8
732 16
733 7
734 12
735 11
736 8
737 10
738 14
739 10
740 9
741 13
742 9
743 10
744 20
745 10
746 9
747 13
748 9
749 8
750 10
751 11
752 11
753 12
754 8
755 13
756 6
757 6
758 16
759 11
760 17
761 7
762 8
763 10
764 12
765 12
766 7
767 11
768 17
769 12
770 7
771 14
772 12
773 10
774 9
775 5
776 14
777 9
778 13
779 12
780 13
781 14
782 13
783 10
784 9
785 12
786 8
787 6
788 11
789 15
790 13
791 9
792 8
793 7
794 19
795 8
796 6
797 7
798 15
799 9
800 15
801 8
802 6
803 9
804 11
805 11
806 14
807 12
808 13
809 16
810 11
811 10
812 12
813 10
814 10
815 7
816 6
817 8
818 12
819 11
820 15
821 10
822 15
823 11
824 11
825 6
826 5
827 11
828 11
829 16
830 11
831 8
832 12
833 10
834 12
835 14
836 13
837 12
838 14
839 14
840 19
841 10
842 11
843 12
844 8
845 9
846 14
847 13
848 16
849 12
850 11
851 13
852 13
853 8
854 16
855 11
856 13
857 11
858 11
859 9
860 11
861 12
862 8
863 13
864 11
865 13
866 11
867 11
868 9
869 8
870 12
871 7
872 9
873 20
874 10
875 15
876 8
877 17
878 14
879 16
880 11
881 11
882 13
883 12
884 8
885 8
886 11
887 10
888 10
889 15
890 13
891 14
892 6
893 14
894 13
895 15
896 12
897 16
898 15
899 13
900 13
901 14
902 10
903 14
904 12
905 18
906 11
907 5
908 9
909 14
910 10
911 14
912 12
913 11
914 16
915 11
916 14
917 15
918 16
919 10
920 6
921 19
922 7
923 10
924 15
925 13
926 8
927 9
928 8
929 13
930 18
931 8
932 17
933 13
934 11
935 17
936 12
937 11
938 10
939 13
940 11
941 13
942 15
943 9
944 10
945 13
946 9
947 22
948 9
949 16
950 21
951 16
952 14
953 12
954 16
955 22
956 18
957 17
958 8
959 15
960 18
961 8
962 14
963 17
964 15
965 7
966 6
967 14
968 12
969 9
970 11
971 16
972 7
973 11
974 7
975 19
976 14
977 6
978 14
979 18
980 11
981 6
982 12
983 13
984 10
985 12
986 14
987 13
988 12
989 9
990 7
991 9
992 18
993 11
994 9
995 17
996 12
997 11
998 14
999 9
1000 16
1001 15
1002 16
1003 4
1004 11
1005 16
1006 13
1007 12
1008 15
1009 14
1010 15
1011 12
1012 12
1013 15
1014 11
1015 13
1016 14
1017 13
1018 11
1019 14
1020 13
1021 17
1022 15
1023 19
1024 6
1025 18
1026 27
1027 15
1028 13
1029 14
1030 11
1031 15
1032 8
1033 14
1034 17
1035 11
1036 14
1037 11
1038 13
1039 11
1040 13
1041 14
1042 10
1043 14
1044 13
1045 11
1046 18
1047 20
1048 17
1049 12
1050 11
1051 20
1052 10
1053 19
1054 10
1055 16
1056 12
1057 26
1058 16
1059 19
1060 17
1061 19
1062 9
1063 16
1064 10
1065 19
1066 18
1067 15
1068 14
1069 13
1070 15
1071 24
1072 12
1073 18
1074 17
1075 17
1076 17
1077 13
1078 26
1079 12
1080 19
1081 20
1082 12
1083 22
1084 15
1085 23
1086 14
1087 19
1088 19
1089 16
1090 21
1091 22
1092 24
1093 22
1094 25
1095 18
1096 21
1097 24
1098 15
1099 19
1100 17
1101 24
1102 22
1103 24
1104 15
1105 20
1106 19
1107 24
1108 22
1109 15
1110 21
1111 21
1112 20
1113 18
1114 18
1115 31
1116 35
1117 16
1118 22
1119 24
1120 20
1121 28
1122 16
1123 23
1124 29
1125 20
1126 21
1127 25
1128 21
1129 28
1130 17
1131 26
1132 27
1133 17
1134 30
1135 25
1136 26
1137 23
1138 32
1139 19
1140 20
1141 17
1142 24
1143 26
1144 30
1145 16
1146 31
1147 23
1148 20
1149 25
1150 26
1151 20
1152 17
1153 15
1154 18
1155 13
1156 22
1157 19
1158 21
1159 18
1160 20
1161 26
1162 19
1163 24
1164 18
1165 16
1166 25
1167 21
1168 22
1169 21
1170 23
1171 27
1172 19
1173 17
1174 24
1175 23
1176 26
1177 25
1178 29
1179 23
1180 22
1181 19
1182 25
1183 20
1184 27
1185 38
1186 22
1187 22
1188 28
1189 22
1190 28
1191 23
1192 21
1193 25
1194 26
1195 22
1196 30
1197 17
1198 22
1199 19
1200 24
1201 19
1202 19
1203 31
1204 24
1205 27
1206 27
1207 31
1208 23
1209 21
1210 36
1211 19
1212 28
1213 24
1214 21
1215 20
1216 23
1217 28
1218 19
1219 21
1220 21
1221 21
1222 30
1223 23
1224 27
1225 31
1226 25
1227 23
1228 21
1229 31
1230 30
1231 22
1232 25
1233 24
1234 15
1235 24
1236 16
1237 38
1238 29
1239 29
1240 30
1241 24
1242 30
1243 37
1244 32
1245 32
1246 28
1247 31
1248 43
1249 33
1250 32
1251 25
1252 24
1253 28
1254 33
1255 30
1256 28
1257 34
1258 41
1259 30
1260 30
1261 33
1262 32
1263 26
1264 39
1265 29
1266 36
1267 32
1268 37
1269 37
1270 34
1271 35
1272 44
1273 38
1274 38
1275 28
1276 36
1277 37
1278 33
1279 34
1280 35
1281 50
1282 30
1283 40
1284 40
1285 42
1286 40
1287 40
1288 28
1289 35
1290 39
1291 35
1292 41
1293 37
1294 36
1295 39
1296 31
1297 32
1298 31
1299 47
1300 38
1301 41
1302 38
1303 34
1304 44
1305 35
1306 40
1307 40
1308 31
1309 31
1310 33
1311 41
1312 49
1313 39
1314 27
1315 36
1316 30
1317 37
1318 36
1319 37
1320 49
1321 36
1322 38
1323 24
1324 33
1325 33
1326 34
1327 39
1328 23
1329 32
1330 30
1331 34
1332 32
1333 41
1334 36
1335 37
1336 36
1337 24
1338 31
1339 37
1340 31
1341 30
1342 25
1343 32
1344 28
1345 28
1346 38
1347 34
1348 23
1349 22
1350 22
1351 19
1352 24
1353 26
1354 17
1355 28
1356 33
1357 24
1358 17
1359 31
1360 25
1361 19
1362 23
1363 26
1364 27
1365 33
1366 20
1367 12
1368 20
1369 36
1370 25
1371 24
1372 20
1373 20
1374 21
1375 18
1376 23
1377 23
1378 23
1379 26
1380 24
1381 30
1382 23
1383 22
1384 19
1385 14
1386 33
1387 28
1388 21
1389 32
1390 33
1391 19
1392 26
1393 15
1394 16
1395 23
1396 36
1397 31
1398 23
1399 32
1400 27
1401 24
1402 22
1403 27
1404 29
1405 28
1406 34
1407 28
1408 39
1409 45
1410 29
1411 23
1412 34
1413 28
1414 26
1415 41
1416 28
1417 27
1418 29
1419 33
1420 34
1421 33
1422 30
1423 35
1424 32
1425 35
1426 47
1427 38
1428 35
1429 40
1430 42
1431 29
1432 33
1433 25
1434 38
1435 44
1436 35
1437 34
1438 39
1439 36
1440 34
1441 38
1442 31
1443 32
1444 33
1445 37
1446 50
1447 33
1448 32
1449 49
1450 45
1451 28
1452 46
1453 39
1454 32
1455 53
1456 40
1457 42
1458 43
1459 52
1460 39
1461 46
1462 45
1463 35
1464 35
1465 29
1466 45
1467 52
1468 42
1469 45
1470 34
1471 32
1472 46
1473 34
1474 35
1475 42
1476 44
1477 41
1478 39
1479 36
1480 37
1481 38
1482 26
1483 23
1484 24
1485 29
1486 36
1487 35
1488 35
1489 33
1490 31
1491 30
1492 22
1493 27
1494 30
1495 26
1496 22
1497 31
1498 27
1499 21
1500 24
1501 26
1502 24
1503 16
1504 19
1505 32
1506 26
1507 28
1508 19
1509 24
1510 35
1511 18
1512 15
1513 16
1514 15
1515 21
1516 14
1517 13
1518 18
1519 15
1520 7
1521 11
1522 17
1523 11
1524 16
1525 10
1526 10
1527 12
1528 10
1529 11
1530 14
1531 21
1532 10
1533 12
1534 14
1535 10
1536 11
1537 9
1538 12
1539 11
1540 6
1541 5
1542 11
1543 11
1544 13
1545 14
1546 14
1547 4
1548 11
1549 6
1550 9
1551 11
1552 11
1553 4
1554 13
1555 9
1556 8
1557 9
1558 5
1559 8
1560 4
1561 13
1562 6
1563 7
1564 9
1565 10
1566 3
1567 10
1568 7
1569 10
1570 3
1571 13
1572 8
1573 6
1574 7
1575 7
1576 12
1577 8
1578 7
1579 9
1580 8
1581 9
1582 6
1583 9
1584 8
1585 5
1586 4
1587 10
1588 11
1589 10
1590 12
1591 8
1592 14
1593 11
1594 11
1595 11
1596 8
1597 11
1598 11
1599 8
1600 4
1601 3
1602 12
1603 7
1604 14
1605 9
1606 11
1607 9
1608 9
1609 12
1610 7
1611 14
1612 11
1613 14
1614 12
1615 13
1616 12
1617 10
1618 14
1619 5
1620 12
1621 8
1622 11
1623 7
1624 12
1625 4
1626 14
1627 12
1628 9
1629 7
1630 13
1631 10
1632 13
1633 7
1634 12
1635 4
1636 4
1637 11
1638 8
1639 5
1640 9
1641 9
1642 7
1643 12
1644 10
1645 15
1646 8
1647 7
1648 4
1649 10
1650 5
1651 6
1652 8
1653 8
1654 5
1655 3
1656 6
1657 2
1658 4
1659 4
1660 2
1661 6
1662 7
1663 5
1664 5
1665 2
1666 1
1667 4
1668 7
1669 4
1670 1
1671 3
1672 3
1673 7
1674 6
1675 1
1676 4
1677 1
1678 2
1679 3
1680 3
1681 1
1682 5
1683 6
1684 0
1685 2
1686 1
1687 1
1688 1
1689 1
1690 3
1691 1
1692 1
1693 1
1694 3
1695 1
1696 2
1697 0
1698 2
1699 1
1700 1
1701 2
1702 4
1703 0
1704 1
1705 0
1706 1
1707 1
1708 0
1709 2
1710 0
1711 0
1712 0
1713 2
1714 0
1715 1
1716 1
1717 1
1718 0
1719 1
1720 2
1721 1
1722 0
1723 0
1724 1
1725 0
1726 2
1727 0
1728 0
1729 1
1730 0
1731 1
1732 0
1733 0
1734 0
1735 1
1736 0
1737 1
1738 0
1739 0
1740 1
1741 0
1742 0
1743 0
1744 0
1745 0
1746 1
1747 1
1748 1
1749 0
1750 0
1751 0
1752 0
1753 3
1754 1
1755 0
1756 0
1757 0
1758 0
1759 0
1760 0
1761 0
1762 1
1763 0
1764 0
1765 0
1766 0
1767 0
1768 0
1769 1
1770 0
1771 1
1772 1
1773 1
1774 1
1775 0
1776 1
1777 1
1778 1
1779 1
1780 0
1781 1
1782 1
1783 0
1784 0
1785 0
1786 0
1787 0
1788 0
1789 0
1790 0
1791 0
1792 0
1793 1
1794 0
1795 0
1796 0
1797 0
1798 0
1799 0
1800 0
1801 0
1802 0
1803 0
1804 0
1805 1
1806 0
1807 0
1808 0
1809 0
1810 0
1811 0
1812 0
1813 0
1814 1
1815 0
1816 0
1817 0
1818 0
1819 1
1820 0
1821 0
1822 2
1823 1
1824 0
1825 0
1826 1
1827 1
1828 0
1829 0
1830 0
1831 1
1832 0
1833 1
1834 0
1835 1
1836 0
1837 1
1838 0
1839 1
1840 0
1841 1
1842 0
1843 1
1844 0
1845 0
1846 1
1847 0
1848 2
1849 0
1850 0
1851 0
1852 0
1853 1
1854 1
1855 1
1856 0
1857 0
1858 0
1859 0
1860 0
1861 0
1862 0
1863 1
1864 0
1865 0
1866 1
1867 0
1868 0
1869 1
1870 0
1871 0
1872 0
1873 0
1874 1
1875 0
1876 1
1877 0
1878 0
1879 0
1880 0
1881 0
1882 0
1883 1
1884 0
1885 1
1886 0
1887 0
1888 0
1889 0
1890 0
1891 0
1892 0
1893 2
1894 2
1895 0
1896 0
1897 0
1898 0
1899 0
1900 0
1901 0
1902 2
1903 2
1904 0
1905 0
1906 1
1907 0
1908 0
1909 0
1910 0
1911 0
1912 0
1913 1
1914 0
1915 1
1916 0
1917 1
1918 2
1919 0
1920 2
1921 0
1922 0
1923 1
1924 0
1925 0
1926 0
1927 1
1928 1
1929 0
1930 0
1931 0
1932 0
1933 1
1934 1
1935 0
1936 0
1937 0
1938 1
1939 0
1940 1
1941 0
1942 1
1943 0
1944 0
1945 1
1946 2
1947 0
1948 1
1949 0
1950 0
1951 0
1952 0
1953 1
1954 0
1955 0
1956 1
1957 0
1958 0
1959 0
1960 0
1961 2
1962 0
1963 1
1964 1
1965 0
1966 2
1967 1
1968 0
1969 1
1970 0
1971 1
1972 0
1973 1
1974 0
1975 0
1976 1
1977 0
1978 0
1979 0
1980 0
1981 0
1982 0
1983 1
1984 0
1985 1
1986 0
1987 0
1988 0
1989 0
1990 0
1991 0
1992 0
1993 2
1994 0
1995 1
1996 0
1997 0
1998 0
1999 0
2000 0
2001 1
2002 0
2003 0
2004 0
2005 0
2006 0
2007 2
2008 0
2009 1
2010 0
2011 0
2012 0
2013 0
2014 0
2015 0
2016 0
2017 1
2018 0
2019 0
2020 0
2021 0
2022 1
2023 0
2024 0
2025 0
2026 0
2027 1
2028 1
2029 1
2030 0
2031 0
2032 0
2033 0
2034 0
2035 0
2036 0
2037 0
2038 0
2039 0
2040 0
2041 0
2042 0
2043 0
2044 0
2045 0
2046 0
2047 0
