# Dead time factor = 1.00000
0 0
1 0
2 0
3 0
4 0
5 0
6 0
7 0
8 0
9 0
10 0
11 0
12 0
13 0
14 0
15 0
16 0
17 0
18 0
19 0
20 1
21 7
22 14
23 3
24 5
25 13
26 14
27 12
28 13
29 8
30 17
31 10
32 19
33 15
34 12
35 19
36 18
37 30
38 27
39 26
40 19
41 26
42 28
43 15
44 19
45 28
46 40
47 59
48 80
49 103
50 122
51 122
52 118
53 100
54 71
55 50
56 39
57 38
58 32
59 11
60 8
61 10
62 6
63 6
64 5
65 4
66 11
67 4
68 6
69 2
70 4
71 4
72 6
73 3
74 2
75 0
76 5
77 2
78 2
79 3
80 3
81 4
82 2
83 4
84 2
85 0
86 8
87 5
88 5
89 6
90 7
91 6
92 8
93 2
94 4
95 7
96 5
97 1
98 7
99 2
100 1
101 2
102 1
103 0
104 3
105 0
106 2
107 1
108 2
109 4
110 4
111 2
112 0
113 2
114 0
115 2
116 2
117 3
118 0
119 3
120 4
121 1
122 3
123 2
124 1
125 1
126 1
127 2
128 2
129 4
130 2
131 2
132 2
133 2
134 0
135 1
136 0
137 1
138 2
139 2
140 1
141 1
142 0
143 0
144 1
145 1
146 0
147 2
148 0
149 2
150 4
151 1
152 0
153 0
154 0
155 0
156 1
157 0
158 1
159 1
160 1
161 0
162 1
163 0
164 1
165 1
166 4
167 2
168 2
169 2
170 4
171 2
172 3
173 3
174 2
175 2
176 2
177 5
178 4
179 2
180 3
181 0
182 2
183 0
184 0
185 1
186 1
187 2
188 1
189 0
190 4
191 2
192 0
193 1
194 1
195 0
196 0
197 2
198 1
199 0
200 1
201 2
202 0
203 1
204 2
205 1
206 0
207 4
208 1
209 4
210 1
211 4
212 2
213 2
214 1
215 1
216 1
217 1
218 0
219 0
220 1
221 0
222 3
223 0
224 0
225 0
226 3
227 1
228 0
229 0
230 0
231 0
232 2
233 2
234 3
235 1
236 2
237 0
238 4
239 1
240 0
241 2
242 1
243 0
244 0
245 1
246 1
247 1
248 1
249 0
250 0
251 0
252 1
253 0
254 1
255 0
256 3
257 1
258 0
259 1
260 0
261 0
262 1
263 2
264 0
265 0
266 0
267 0
268 1
269 0
270 1
271 0
272 1
273 1
274 1
275 3
276 0
277 0
278 2
279 0
280 1
281 0
282 2
283 1
284 0
285 2
286 1
287 0
288 1
289 0
290 0
291 2
292 0
293 2
294 2
295 0
296 0
297 1
298 1
299 0
300 0
301 1
302 3
303 2
304 2
305 1
306 1
307 3
308 0
309 1
310 1
311 1
312 0
313 1
314 1
315 0
316 0
317 2
318 0
319 0
320 2
321 1
322 2
323 0
324 1
325 0
326 0
327 1
328 0
329 0
330 0
331 0
332 1
333 0
334 0
335 0
336 1
337 0
338 1
339 1
340 1
341 1
342 1
343 2
344 1
345 0
346 2
347 0
348 1
349 0
350 1
351 1
352 0
353 1
354 0
355 0
356 0
357 0
358 2
359 0
360 0
361 0
362 1
363 0
364 1
365 2
366 1
367 1
368 0
369 0
370 1
371 0
372 0
373 1
374 0
375 0
376 0
377 0
378 0
379 0
380 1
381 0
382 0
383 3
384 0
385 2
386 0
387 0
388 1
389 1
390 1
391 0
392 2
393 0
394 0
395 0
396 0
397 1
398 0
399 0
400 0
401 0
402 2
403 0
404 1
405 0
406 0
407 0
408 1
409 0
410 1
411 0
412 1
413 0
414 1
415 1
416 2
417 0
418 1
419 0
420 1
421 0
422 2
423 0
424 0
425 0
426 0
427 1
428 1
429 0
430 2
431 0
432 1
433 0
434 1
435 0
436 0
437 0
438 0
439 0
440 0
441 2
442 0
443 0
444 0
445 4
446 0
447 0
448 1
449 0
450 1
451 0
452 1
453 2
454 1
455 3
456 0
457 0
458 0
459 0
460 1
461 0
462 0
463 0
464 1
465 0
466 1
467 1
468 0
469 0
470 0
471 0
472 0
473 0
474 0
475 1
476 0
477 0
478 0
479 0
480 1
481 3
482 0
483 0
484 0
485 1
486 0
487 1
488 0
489 2
490 1
491 0
492 0
493 0
494 0
495 0
496 2
497 0
498 0
499 1
500 0
501 1
502 0
503 0
504 0
505 0
506 0
507 0
508 0
509 0
510 1
511 1
512 0
513 0
514 2
515 0
516 0
517 0
518 0
519 0
520 0
521 0
522 0
523 0
524 1
525 1
526 1
527 1
528 1
529 1
530 1
531 0
532 1
533 1
534 1
535 1
536 0
537 2
538 1
539 0
540 0
541 0
542 1
543 0
544 0
545 0
546 0
547 2
548 2
549 0
550 0
551 0
552 0
553 1
554 0
555 0
556 1
557 1
558 0
559 1
560 0
561 0
562 0
563 1
564 0
565 0
566 0
567 0
568 0
569 0
570 0
571 1
572 0
573 0
574 0
575 0
576 0
577 1
578 1
579 0
580 0
581 0
582 1
583 0
584 0
585 1
586 0
587 1
588 0
589 0
590 1
591 0
592 1
593 1
594 0
595 1
596 1
597 1
598 1
599 0
600 2
601 0
602 0
603 1
604 1
605 0
606 0
607 0
608 0
609 0
610 2
611 0
612 1
613 0
614 0
615 0
616 1
617 0
618 1
619 1
620 3
621 1
622 2
623 0
624 1
625 0
626 1
627 0
628 0
629 0
630 2
631 0
632 1
633 1
634 2
635 0
636 0
637 0
638 1
639 1
640 0
641 1
642 0
643 0
644 1
645 0
646 3
647 0
648 0
649 0
650 1
651 0
652 0
653 1
654 1
655 1
656 0
657 0
658 1
659 2
660 1
661 0
662 0
663 0
664 0
665 0
666 0
667 0
668 0
669 0
670 2
671 0
672 0
673 0
674 2
675 0
676 0
677 0
678 2
679 0
680 1
681 0
682 0
683 1
684 0
685 1
686 0
687 0
688 0
689 0
690 0
691 0
692 1
693 0
694 0
695 1
696 0
697 1
698 0
699 1
700 0
701 0
702 0
703 2
704 0
705 0
706 0
707 1
708 0
709 0
710 0
711 1
712 0
713 0
714 0
715 0
716 0
717 0
718 0
719 0
720 0
721 1
722 0
723 1
724 1
725 0
726 0
727 1
728 0
729 0
730 0
731 0
732 1
733 1
734 0
735 1
736 0
737 1
738 1
739 1
740 0
741 0
742 1
743 0
744 1
745 0
746 2
747 0
748 1
749 1
750 0
751 0
752 0
753 3
754 0
755 0
756 0
757 0
758 1
759 0
760 0
761 0
762 1
763 0
764 0
765 0
766 0
767 2
768 0
769 0
770 1
771 0
772 0
773 0
774 1
775 0
776 0
777 1
778 0
779 0
780 0
781 0
782 1
783 0
784 0
785 1
786 1
787 2
788 0
789 0
790 1
791 0
792 0
793 0
794 0
795 0
796 0
797 0
798 1
799 0
800 0
801 0
802 0
803 2
804 1
805 1
806 3
807 1
808 1
809 1
810 0
811 2
812 0
813 0
814 2
815 0
816 0
817 1
818 3
819 0
820 2
821 0
822 1
823 1
824 0
825 0
826 0
827 0
828 1
829 1
830 1
831 0
832 0
833 0
834 1
835 1
836 1
837 0
838 1
839 0
840 3
841 0
842 0
843 0
844 1
845 0
846 1
847 0
848 1
849 0
850 1
851 0
852 0
853 0
854 0
855 0
856 0
857 0
858 2
859 0
860 0
861 1
862 1
863 1
864 0
865 0
866 0
867 3
868 0
869 0
870 1
871 2
872 1
873 0
874 0
875 0
876 1
877 1
878 2
879 1
880 0
881 0
882 0
883 2
884 0
885 1
886 2
887 0
888 0
889 0
890 1
891 2
892 1
893 1
894 0
895 1
896 1
897 2
898 0
899 1
900 1
901 0
902 0
903 1
904 0
905 0
906 1
907 1
908 1
909 0
910 1
911 0
912 1
913 0
914 0
915 0
916 1
917 1
918 1
919 0
920 0
921 0
922 1
923 0
924 2
925 0
926 0
927 0
928 1
929 1
930 1
931 0
932 0
933 0
934 1
935 2
936 0
937 0
938 0
939 0
940 1
941 0
942 0
943 0
944 0
945 1
946 0
947 0
948 0
949 1
950 0
951 1
952 1
953 1
954 0
955 1
956 1
957 1
958 0
959 0
960 1
961 0
962 0
963 2
964 0
965 1
966 1
967 1
968 1
969 0
970 0
971 1
972 0
973 0
974 1
975 0
976 0
977 0
978 0
979 0
980 0
981 0
982 1
983 1
984 1
985 0
986 0
987 1
988 2
989 1
990 4
991 1
992 1
993 1
994 0
995 0
996 0
997 0
998 1
999 0
1000 1
1001 0
1002 0
1003 0
1004 1
1005 1
1006 0
1007 0
1008 0
1009 0
1010 1
1011 1
1012 0
1013 2
1014 0
1015 0
1016 0
1017 1
1018 0
1019 1
1020 1
1021 0
1022 0
1023 0
1024 3
1025 0
1026 1
1027 0
1028 0
1029 0
1030 1
1031 1
1032 0
1033 4
1034 0
1035 0
1036 0
1037 2
1038 0
1039 1
1040 0
1041 0
1042 0
1043 1
1044 3
1045 0
1046 0
1047 1
1048 0
1049 0
1050 1
1051 0
1052 0
1053 1
1054 1
1055 1
1056 0
1057 0
1058 1
1059 0
1060 0
1061 0
1062 1
1063 1
1064 0
1065 0
1066 1
1067 3
1068 2
1069 0
1070 0
1071 0
1072 3
1073 1
1074 0
1075 0
1076 0
1077 0
1078 1
1079 2
1080 0
1081 1
1082 0
1083 0
1084 1
1085 0
1086 0
1087 0
1088 0
1089 0
1090 1
1091 0
1092 2
1093 2
1094 0
1095 1
1096 3
1097 1
1098 1
1099 3
1100 1
1101 2
1102 1
1103 0
1104 1
1105 0
1106 2
1107 0
1108 1
1109 0
1110 2
1111 1
1112 1
1113 0
1114 0
1115 0
1116 1
1117 0
1118 1
1119 1
1120 0
1121 2
1122 2
1123 0
1124 1
1125 1
1126 3
1127 0
1128 1
1129 2
1130 1
1131 0
1132 1
1133 2
1134 3
1135 0
1136 0
1137 1
1138 2
1139 1
1140 1
1141 2
1142 1
1143 1
1144 0
1145 1
1146 1
1147 1
1148 1
1149 2
1150 1
1151 2
1152 2
1153 0
1154 0
1155 1
1156 0
1157 2
1158 3
1159 0
1160 0
1161 0
1162 2
1163 2
1164 1
1165 0
1166 0
1167 0
1168 3
1169 1
1170 0
1171 1
1172 1
1173 1
1174 2
1175 2
1176 0
1177 0
1178 0
1179 0
1180 1
1181 0
1182 1
1183 2
1184 0
1185 1
1186 0
1187 0
1188 0
1189 0
1190 0
1191 0
1192 3
1193 0
1194 1
1195 0
1196 2
1197 0
1198 2
1199 1
1200 2
1201 1
1202 2
1203 3
1204 0
1205 1
1206 1
1207 1
1208 0
1209 1
1210 0
1211 0
1212 0
1213 1
1214 1
1215 0
1216 1
1217 1
1218 1
1219 1
1220 1
1221 2
1222 1
1223 1
1224 1
1225 1
1226 1
1227 2
1228 0
1229 1
1230 1
1231 0
1232 1
1233 0
1234 0
1235 1
1236 1
1237 0
1238 3
1239 0
1240 0
1241 1
1242 2
1243 2
1244 1
1245 1
1246 3
1247 2
1248 5
1249 0
1250 1
1251 3
1252 0
1253 0
1254 1
1255 0
1256 1
1257 3
1258 1
1259 1
1260 0
1261 0
1262 3
1263 0
1264 1
1265 2
1266 3
1267 2
1268 0
1269 0
1270 0
1271 1
1272 2
1273 1
1274 1
1275 1
1276 0
1277 1
1278 2
1279 2
1280 6
1281 1
1282 0
1283 3
1284 1
1285 2
1286 2
1287 2
1288 2
1289 1
1290 3
1291 0
1292 2
1293 1
1294 0
1295 3
1296 1
1297 1
1298 2
1299 1
1300 1
1301 4
1302 0
1303 2
1304 3
1305 0
1306 3
1307 2
1308 3
1309 1
1310 0
1311 1
1312 2
1313 2
1314 3
1315 6
1316 0
1317 1
1318 2
1319 1
1320 2
1321 1
1322 2
1323 2
1324 1
1325 1
1326 3
1327 4
1328 2
1329 0
1330 3
1331 2
1332 0
1333 1
1334 1
1335 1
1336 0
1337 0
1338 1
1339 0
1340 2
1341 1
1342 4
1343 2
1344 1
1345 2
1346 0
1347 2
1348 0
1349 0
1350 2
1351 2
1352 2
1353 0
1354 1
1355 3
1356 0
1357 0
1358 0
1359 0
1360 2
1361 0
1362 1
1363 0
1364 0
1365 2
1366 1
1367 0
1368 1
1369 1
1370 0
1371 1
1372 1
1373 0
1374 2
1375 1
1376 1
1377 1
1378 1
1379 3
1380 0
1381 2
1382 0
1383 0
1384 0
1385 1
1386 2
1387 2
1388 0
1389 1
1390 0
1391 0
1392 1
1393 0
1394 0
1395 0
1396 1
1397 0
1398 0
1399 0
1400 0
1401 1
1402 1
1403 1
1404 2
1405 1
1406 2
1407 0
1408 0
1409 1
1410 1
1411 2
1412 0
1413 1
1414 1
1415 1
1416 0
1417 0
1418 1
1419 3
1420 1
1421 1
1422 2
1423 0
1424 0
1425 1
1426 0
1427 2
1428 0
1429 0
1430 1
1431 1
1432 2
1433 1
1434 2
1435 1
1436 1
1437 3
1438 1
1439 5
1440 2
1441 1
1442 1
1443 0
1444 4
1445 4
1446 2
1447 1
1448 1
1449 4
1450 0
1451 2
1452 2
1453 2
1454 1
1455 1
1456 0
1457 2
1458 1
1459 2
1460 0
1461 1
1462 2
1463 1
1464 0
1465 2
1466 1
1467 1
1468 2
1469 0
1470 2
1471 1
1472 1
1473 2
1474 1
1475 0
1476 1
1477 1
1478 1
1479 1
1480 2
1481 1
1482 1
1483 0
1484 1
1485 0
1486 1
1487 0
1488 1
1489 0
1490 1
1491 4
1492 0
1493 1
1494 0
1495 1
1496 0
1497 0
1498 1
1499 0
1500 0
1501 0
1502 0
1503 0
1504 2
1505 0
1506 2
1507 0
1508 0
1509 0
1510 0
1511 0
1512 1
1513 1
1514 0
1515 0
1516 0
1517 1
1518 0
1519 0
1520 0
1521 1
1522 0
1523 1
1524 0
1525 0
1526 0
1527 1
1528 1
1529 2
1530 0
1531 1
1532 0
1533 1
1534 0
1535 0
1536 1
1537 0
1538 0
1539 0
1540 3
1541 0
1542 0
1543 1
1544 0
1545 0
1546 0
1547 0
1548 0
1549 0
1550 0
1551 0
1552 1
1553 0
1554 0
1555 1
1556 0
1557 0
1558 0
1559 0
1560 0
1561 0
1562 0
1563 0
1564 0
1565 0
1566 0
1567 0
1568 0
1569 0
1570 1
1571 0
1572 0
1573 1
1574 0
1575 1
1576 0
1577 0
1578 1
1579 0
1580 0
1581 0
1582 0
1583 0
1584 1
1585 1
1586 0
1587 0
1588 1
1589 0
1590 1
1591 1
1592 0
1593 0
1594 0
1595 1
1596 1
1597 0
1598 0
1599 1
1600 0
1601 1
1602 0
1603 0
1604 0
1605 1
1606 0
1607 1
1608 1
1609 0
1610 0
1611 0
1612 0
1613 0
1614 1
1615 1
1616 0
1617 0
1618 1
1619 0
1620 1
1621 1
1622 0
1623 0
1624 1
1625 0
1626 1
1627 1
1628 0
1629 1
1630 1
1631 0
1632 0
1633 0
1634 0
1635 0
1636 3
1637 0
1638 1
1639 0
1640 0
1641 0
1642 1
1643 1
1644 1
1645 0
1646 1
1647 0
1648 0
1649 0
1650 0
1651 0
1652 0
1653 0
1654 1
1655 1
1656 0
1657 0
1658 0
1659 0
1660 0
1661 0
1662 0
1663 0
1664 0
1665 0
1666 0
1667 0
1668 0
1669 0
1670 0
1671 0
1672 0
1673 0
1674 1
1675 0
1676 0
1677 0
1678 0
1679 0
1680 0
1681 0
1682 0
1683 0
1684 0
1685 0
1686 1
1687 1
1688 0
1689 0
1690 0
1691 0
1692 0
1693 0
1694 2
1695 1
1696 1
1697 0
1698 0
1699 1
1700 0
1701 0
1702 0
1703 0
1704 0
1705 0
1706 0
1707 0
1708 0
1709 0
1710 0
1711 0
1712 0
1713 0
1714 0
1715 0
1716 0
1717 0
1718 0
1719 0
1720 0
1721 0
1722 2
1723 0
1724 0
1725 0
1726 0
1727 0
1728 0
1729 0
1730 0
1731 0
1732 0
1733 0
1734 0
1735 0
1736 0
1737 0
1738 0
1739 1
1740 0
1741 0
1742 0
1743 0
1744 0
1745 0
1746 0
1747 0
1748 0
1749 0
1750 0
1751 0
1752 0
1753 0
1754 0
1755 0
1756 0
1757 0
1758 0
1759 0
1760 1
1761 1
1762 0
1763 0
1764 0
1765 0
1766 0
1767 0
1768 0
1769 0
1770 0
1771 0
1772 0
1773 0
1774 0
1775 0
1776 0
1777 0
1778 0
1779 0
1780 0
1781 0
1782 1
1783 0
1784 0
1785 0
1786 0
1787 0
1788 0
1789 0
1790 0
1791 0
1792 2
1793 1
1794 2
1795 0
1796 0
1797 0
1798 0
1799 2
1800 0
1801 0
1802 0
1803 0
1804 0
1805 0
1806 0
1807 0
1808 2
1809 1
1810 0
1811 0
1812 0
1813 0
1814 0
1815 1
1816 1
1817 0
1818 0
1819 1
1820 0
1821 0
1822 0
1823 0
1824 0
1825 0
1826 0
1827 0
1828 0
1829 0
1830 0
1831 0
1832 1
1833 0
1834 1
1835 0
1836 0
1837 0
1838 0
1839 0
1840 0
1841 0
1842 0
1843 0
1844 0
1845 0
1846 0
1847 0
1848 0
1849 0
1850 0
1851 0
1852 0
1853 1
1854 0
1855 0
1856 0
1857 0
1858 1
1859 0
1860 0
1861 0
1862 0
1863 0
1864 0
1865 1
1866 0
1867 0
1868 0
1869 0
1870 0
1871 0
1872 0
1873 0
1874 0
1875 0
1876 1
1877 0
1878 0
1879 0
1880 0
1881 0
1882 0
1883 0
1884 1
1885 0
1886 0
1887 0
1888 1
1889 0
1890 0
1891 2
1892 0
1893 0
1894 0
1895 0
1896 0
1897 0
1898 0
1899 0
1900 1
1901 0
1902 1
1903 0
1904 1
1905 0
1906 0
1907 0
1908 0
1909 0
1910 1
1911 0
1912 0
1913 0
1914 0
1915 1
1916 0
1917 0
1918 0
1919 0
1920 0
1921 0
1922 0
1923 1
1924 0
1925 1
1926 0
1927 0
1928 0
1929 0
1930 1
1931 0
1932 0
1933 0
1934 0
1935 0
1936 1
1937 0
1938 0
1939 0
1940 0
1941 0
1942 0
1943 0
1944 0
1945 0
1946 1
1947 0
1948 0
1949 0
1950 0
1951 0
1952 0
1953 0
1954 0
1955 1
1956 0
1957 0
1958 0
1959 0
1960 1
1961 0
1962 0
1963 0
1964 0
1965 0
1966 1
1967 0
1968 0
1969 0
1970 0
1971 1
1972 0
1973 0
1974 0
1975 0
1976 0
1977 0
1978 1
1979 0
1980 0
1981 0
1982 0
1983 0
1984 0
1985 0
1986 0
1987 0
1988 0
1989 0
1990 0
1991 0
1992 0
1993 0
1994 0
1995 0
1996 0
1997 1
1998 1
1999 0
2000 0
2001 0
2002 0
2003 0
2004 0
2005 0
2006 1
2007 0
2008 0
2009 0
2010 0
2011 0
2012 0
2013 0
2014 0
2015 1
2016 0
2017 0
2018 0
2019 0
2020 0
2021 0
2022 0
2023 0
2024 1
2025 0
2026 0
2027 0
2028 0
2029 0
2030 0
2031 0
2032 0
2033 0
2034 0
2035 0
2036 0
2037 0
2038 0
2039 0
2040 0
2041 0
2042 0
2043 0
2044 0
2045 0
2046 0
2047 0
