# Dead time factor = 1.00000
0 0
1 0
2 0
3 0
4 0
5 0
6 0
7 0
8 0
9 0
10 0
11 0
12 0
13 0
14 0
15 0
16 0
17 0
18 0
19 0
20 0
21 9
22 14
23 12
24 12
25 11
26 12
27 9
28 14
29 12
30 23
31 21
32 19
33 24
34 29
35 22
36 22
37 26
38 29
39 26
40 25
41 20
42 26
43 28
44 30
45 42
46 32
47 63
48 90
49 104
50 130
51 133
52 125
53 120
54 76
55 78
56 46
57 39
58 26
59 26
60 12
61 18
62 10
63 12
64 15
65 12
66 15
67 9
68 6
69 9
70 9
71 9
72 6
73 8
74 6
75 8
76 2
77 9
78 12
79 6
80 9
81 7
82 9
83 9
84 9
85 4
86 11
87 13
88 5
89 7
90 3
91 5
92 13
93 7
94 5
95 8
96 10
97 10
98 8
99 12
100 3
101 5
102 2
103 5
104 8
105 6
106 9
107 1
108 5
109 7
110 8
111 4
112 2
113 0
114 9
115 4
116 3
117 3
118 7
119 4
120 5
121 5
122 4
123 5
124 6
125 8
126 6
127 3
128 4
129 1
130 9
131 8
132 3
133 3
134 6
135 5
136 5
137 4
138 2
139 4
140 3
141 3
142 6
143 9
144 4
145 2
146 3
147 2
148 3
149 5
150 5
151 3
152 4
153 4
154 2
155 6
156 4
157 6
158 4
159 3
160 6
161 4
162 6
163 5
164 3
165 3
166 9
167 9
168 12
169 5
170 14
171 2
172 11
173 9
174 5
175 10
176 5
177 8
178 11
179 12
180 8
181 6
182 6
183 5
184 4
185 8
186 7
187 3
188 6
189 3
190 2
191 4
192 5
193 4
194 3
195 3
196 2
197 7
198 1
199 4
200 2
201 2
202 9
203 4
204 3
205 1
206 1
207 1
208 0
209 2
210 4
211 4
212 0
213 2
214 5
215 3
216 6
217 4
218 2
219 3
220 4
221 5
222 4
223 6
224 3
225 3
226 2
227 6
228 4
229 4
230 5
231 5
232 3
233 3
234 6
235 2
236 1
237 2
238 0
239 3
240 1
241 4
242 2
243 5
244 6
245 5
246 1
247 3
248 1
249 2
250 2
251 3
252 1
253 1
254 3
255 4
256 1
257 5
258 3
259 3
260 2
261 4
262 6
263 2
264 2
265 5
266 3
267 0
268 3
269 1
270 5
271 3
272 2
273 4
274 1
275 3
276 1
277 2
278 5
279 1
280 2
281 5
282 3
283 4
284 2
285 2
286 1
287 2
288 3
289 2
290 4
291 3
292 3
293 0
294 4
295 3
296 4
297 1
298 2
299 3
300 4
301 2
302 3
303 3
304 4
305 2
306 1
307 2
308 2
309 3
310 2
311 1
312 3
313 2
314 2
315 5
316 2
317 4
318 2
319 1
320 5
321 1
322 3
323 2
324 1
325 3
326 1
327 1
328 1
329 4
330 4
331 1
332 4
333 3
334 2
335 2
336 3
337 3
338 3
339 2
340 3
341 3
342 2
343 2
344 2
345 5
346 4
347 4
348 1
349 6
350 5
351 1
352 3
353 1
354 4
355 1
356 3
357 3
358 2
359 1
360 3
361 3
362 1
363 2
364 2
365 1
366 3
367 2
368 2
369 1
370 3
371 1
372 1
373 1
374 4
375 2
376 1
377 1
378 0
379 2
380 3
381 3
382 1
383 1
384 0
385 1
386 1
387 4
388 2
389 2
390 3
391 4
392 2
393 2
394 1
395 1
396 3
397 1
398 1
399 2
400 3
401 0
402 2
403 5
404 2
405 1
406 1
407 2
408 2
409 1
410 1
411 2
412 0
413 3
414 1
415 3
416 2
417 0
418 1
419 0
420 2
421 3
422 1
423 3
424 1
425 0
426 2
427 2
428 7
429 3
430 3
431 0
432 4
433 1
434 3
435 0
436 1
437 0
438 1
439 4
440 0
441 4
442 1
443 1
444 0
445 2
446 1
447 2
448 0
449 0
450 4
451 1
452 3
453 1
454 3
455 3
456 1
457 1
458 2
459 0
460 2
461 2
462 2
463 0
464 0
465 1
466 1
467 2
468 2
469 3
470 0
471 2
472 1
473 1
474 1
475 1
476 0
477 2
478 2
479 0
480 3
481 1
482 2
483 1
484 1
485 0
486 5
487 3
488 1
489 1
490 2
491 1
492 5
493 1
494 0
495 0
496 4
497 2
498 1
499 4
500 0
501 0
502 0
503 4
504 1
505 2
506 1
507 1
508 1
509 1
510 1
511 0
512 3
513 0
514 2
515 3
516 0
517 1
518 3
519 4
520 4
521 2
522 0
523 4
524 0
525 0
526 3
527 5
528 0
529 4
530 1
531 3
532 1
533 2
534 0
535 5
536 0
537 4
538 2
539 3
540 5
541 3
542 2
543 1
544 1
545 0
546 3
547 2
548 2
549 1
550 1
551 1
552 3
553 1
554 3
555 2
556 2
557 2
558 1
559 1
560 1
561 3
562 2
563 1
564 1
565 3
566 1
567 3
568 2
569 1
570 3
571 2
572 1
573 2
574 0
575 0
576 2
577 2
578 1
579 3
580 2
581 3
582 5
583 0
584 4
585 2
586 1
587 2
588 4
589 2
590 2
591 5
592 1
593 3
594 1
595 3
596 2
597 1
598 1
599 0
600 1
601 1
602 1
603 3
604 2
605 5
606 2
607 0
608 0
609 2
610 4
611 3
612 2
613 1
614 2
615 1
616 0
617 0
618 3
619 1
620 2
621 4
622 1
623 2
624 3
625 2
626 1
627 0
628 2
629 3
630 0
631 1
632 0
633 1
634 1
635 1
636 3
637 2
638 5
639 0
640 1
641 3
642 3
643 1
644 0
645 0
646 1
647 5
648 1
649 1
650 2
651 1
652 7
653 1
654 3
655 1
656 2
657 3
658 1
659 3
660 1
661 2
662 4
663 4
664 1
665 2
666 0
667 1
668 1
669 2
670 2
671 1
672 1
673 3
674 2
675 1
676 3
677 0
678 2
679 1
680 2
681 3
682 0
683 1
684 0
685 3
686 1
687 3
688 0
689 1
690 1
691 0
692 2
693 2
694 1
695 0
696 0
697 0
698 2
699 0
700 2
701 3
702 2
703 2
704 2
705 4
706 0
707 5
708 1
709 2
710 2
711 1
712 3
713 4
714 2
715 2
716 1
717 0
718 3
719 2
720 0
721 1
722 2
723 3
724 0
725 0
726 1
727 3
728 2
729 2
730 1
731 2
732 1
733 1
734 3
735 2
736 1
737 1
738 1
739 2
740 1
741 0
742 2
743 2
744 0
745 2
746 2
747 1
748 1
749 2
750 2
751 1
752 4
753 3
754 1
755 4
756 3
757 3
758 3
759 0
760 4
761 2
762 1
763 1
764 1
765 3
766 0
767 2
768 2
769 5
770 4
771 1
772 2
773 2
774 2
775 2
776 0
777 3
778 1
779 1
780 0
781 3
782 1
783 2
784 2
785 1
786 4
787 4
788 1
789 1
790 3
791 2
792 2
793 0
794 2
795 1
796 2
797 1
798 2
799 2
800 1
801 1
802 3
803 4
804 3
805 2
806 1
807 2
808 3
809 1
810 0
811 0
812 3
813 0
814 3
815 2
816 1
817 2
818 3
819 1
820 6
821 2
822 0
823 1
824 4
825 2
826 2
827 0
828 3
829 1
830 2
831 2
832 0
833 3
834 3
835 3
836 3
837 3
838 2
839 4
840 4
841 2
842 1
843 0
844 1
845 2
846 2
847 1
848 2
849 1
850 1
851 1
852 3
853 1
854 2
855 5
856 2
857 2
858 1
859 0
860 0
861 0
862 1
863 2
864 4
865 0
866 0
867 3
868 2
869 3
870 4
871 0
872 4
873 1
874 2
875 2
876 4
877 0
878 3
879 3
880 4
881 4
882 2
883 3
884 2
885 2
886 2
887 0
888 4
889 1
890 2
891 2
892 2
893 3
894 2
895 2
896 3
897 3
898 2
899 1
900 4
901 5
902 3
903 4
904 2
905 1
906 2
907 1
908 1
909 2
910 2
911 2
912 1
913 3
914 0
915 2
916 2
917 3
918 5
919 1
920 4
921 2
922 5
923 2
924 1
925 3
926 3
927 2
928 1
929 4
930 0
931 2
932 1
933 2
934 2
935 2
936 4
937 4
938 2
939 2
940 3
941 2
942 3
943 0
944 0
945 1
946 3
947 3
948 2
949 3
950 1
951 2
952 0
953 2
954 4
955 4
956 4
957 4
958 2
959 4
960 4
961 1
962 4
963 0
964 2
965 3
966 1
967 4
968 1
969 3
970 2
971 2
972 4
973 3
974 0
975 0
976 3
977 0
978 1
979 2
980 5
981 1
982 7
983 1
984 1
985 0
986 3
987 0
988 9
989 1
990 0
991 6
992 2
993 5
994 2
995 2
996 1
997 6
998 0
999 0
1000 4
1001 1
1002 1
1003 4
1004 2
1005 5
1006 0
1007 4
1008 3
1009 1
1010 3
1011 0
1012 1
1013 4
1014 3
1015 4
1016 2
1017 4
1018 4
1019 3
1020 3
1021 1
1022 3
1023 2
1024 2
1025 2
1026 2
1027 1
1028 4
1029 2
1030 2
1031 0
1032 2
1033 4
1034 3
1035 3
1036 1
1037 4
1038 1
1039 3
1040 1
1041 0
1042 2
1043 0
1044 2
1045 1
1046 5
1047 2
1048 3
1049 4
1050 5
1051 3
1052 7
1053 1
1054 0
1055 3
1056 4
1057 5
1058 2
1059 5
1060 2
1061 3
1062 2
1063 2
1064 3
1065 3
1066 3
1067 2
1068 2
1069 4
1070 3
1071 0
1072 3
1073 6
1074 7
1075 5
1076 2
1077 4
1078 2
1079 3
1080 3
1081 6
1082 6
1083 2
1084 4
1085 3
1086 2
1087 1
1088 5
1089 6
1090 5
1091 3
1092 3
1093 3
1094 2
1095 2
1096 2
1097 1
1098 5
1099 3
1100 1
1101 3
1102 2
1103 8
1104 4
1105 4
1106 5
1107 7
1108 3
1109 5
1110 3
1111 6
1112 5
1113 4
1114 4
1115 3
1116 3
1117 13
1118 3
1119 2
1120 3
1121 1
1122 3
1123 8
1124 6
1125 6
1126 4
1127 5
1128 7
1129 1
1130 3
1131 5
1132 7
1133 2
1134 3
1135 4
1136 3
1137 3
1138 3
1139 4
1140 4
1141 5
1142 7
1143 4
1144 3
1145 3
1146 2
1147 7
1148 4
1149 2
1150 6
1151 2
1152 2
1153 3
1154 5
1155 5
1156 1
1157 5
1158 4
1159 2
1160 4
1161 2
1162 3
1163 5
1164 3
1165 3
1166 4
1167 5
1168 3
1169 3
1170 5
1171 3
1172 3
1173 4
1174 6
1175 3
1176 3
1177 1
1178 5
1179 3
1180 3
1181 6
1182 2
1183 4
1184 1
1185 5
1186 3
1187 4
1188 3
1189 2
1190 3
1191 3
1192 1
1193 3
1194 4
1195 6
1196 5
1197 3
1198 5
1199 5
1200 4
1201 2
1202 2
1203 2
1204 3
1205 6
1206 3
1207 7
1208 5
1209 2
1210 5
1211 5
1212 2
1213 3
1214 4
1215 1
1216 0
1217 6
1218 2
1219 2
1220 8
1221 4
1222 6
1223 2
1224 6
1225 7
1226 4
1227 5
1228 6
1229 7
1230 3
1231 6
1232 4
1233 2
1234 4
1235 4
1236 4
1237 3
1238 9
1239 4
1240 3
1241 11
1242 5
1243 4
1244 11
1245 6
1246 8
1247 3
1248 4
1249 8
1250 3
1251 3
1252 3
1253 5
1254 8
1255 2
1256 6
1257 9
1258 7
1259 4
1260 5
1261 5
1262 3
1263 6
1264 10
1265 12
1266 9
1267 4
1268 7
1269 6
1270 6
1271 6
1272 4
1273 7
1274 9
1275 7
1276 4
1277 4
1278 5
1279 4
1280 6
1281 8
1282 8
1283 5
1284 7
1285 4
1286 2
1287 7
1288 9
1289 5
1290 6
1291 7
1292 7
1293 7
1294 5
1295 5
1296 2
1297 4
1298 11
1299 8
1300 7
1301 10
1302 5
1303 6
1304 12
1305 7
1306 5
1307 9
1308 5
1309 5
1310 4
1311 7
1312 4
1313 4
1314 2
1315 5
1316 8
1317 6
1318 8
1319 8
1320 6
1321 2
1322 8
1323 7
1324 2
1325 10
1326 4
1327 6
1328 4
1329 5
1330 1
1331 3
1332 6
1333 9
1334 4
1335 8
1336 6
1337 9
1338 6
1339 7
1340 4
1341 6
1342 7
1343 4
1344 12
1345 6
1346 6
1347 4
1348 4
1349 6
1350 5
1351 5
1352 3
1353 10
1354 5
1355 5
1356 1
1357 4
1358 4
1359 4
1360 2
1361 4
1362 2
1363 7
1364 3
1365 6
1366 4
1367 4
1368 5
1369 5
1370 5
1371 7
1372 7
1373 3
1374 5
1375 2
1376 2
1377 4
1378 4
1379 4
1380 1
1381 8
1382 8
1383 1
1384 5
1385 0
1386 2
1387 6
1388 1
1389 1
1390 5
1391 4
1392 8
1393 5
1394 3
1395 4
1396 2
1397 7
1398 2
1399 5
1400 3
1401 6
1402 3
1403 6
1404 7
1405 4
1406 9
1407 1
1408 10
1409 9
1410 4
1411 3
1412 3
1413 5
1414 3
1415 8
1416 4
1417 5
1418 7
1419 5
1420 11
1421 9
1422 3
1423 7
1424 9
1425 6
1426 5
1427 8
1428 3
1429 5
1430 9
1431 8
1432 6
1433 3
1434 11
1435 10
1436 5
1437 9
1438 6
1439 4
1440 11
1441 8
1442 6
1443 9
1444 5
1445 9
1446 2
1447 4
1448 7
1449 2
1450 4
1451 5
1452 8
1453 5
1454 8
1455 9
1456 2
1457 8
1458 11
1459 9
1460 9
1461 7
1462 3
1463 12
1464 7
1465 11
1466 6
1467 10
1468 6
1469 7
1470 7
1471 9
1472 9
1473 7
1474 6
1475 6
1476 3
1477 6
1478 5
1479 4
1480 4
1481 7
1482 8
1483 7
1484 6
1485 4
1486 3
1487 7
1488 6
1489 3
1490 5
1491 6
1492 4
1493 5
1494 10
1495 5
1496 1
1497 5
1498 5
1499 5
1500 3
1501 4
1502 3
1503 2
1504 2
1505 5
1506 4
1507 5
1508 5
1509 5
1510 1
1511 5
1512 0
1513 6
1514 6
1515 2
1516 0
1517 3
1518 4
1519 4
1520 5
1521 6
1522 5
1523 6
1524 4
1525 4
1526 2
1527 7
1528 1
1529 1
1530 2
1531 3
1532 1
1533 5
1534 2
1535 3
1536 3
1537 2
1538 2
1539 1
1540 3
1541 3
1542 1
1543 1
1544 1
1545 1
1546 0
1547 0
1548 4
1549 0
1550 2
1551 2
1552 2
1553 0
1554 1
1555 1
1556 1
1557 1
1558 0
1559 4
1560 0
1561 0
1562 3
1563 0
1564 1
1565 0
1566 2
1567 0
1568 3
1569 0
1570 1
1571 0
1572 0
1573 4
1574 0
1575 1
1576 1
1577 1
1578 2
1579 2
1580 1
1581 2
1582 1
1583 0
1584 1
1585 4
1586 2
1587 0
1588 2
1589 2
1590 1
1591 1
1592 1
1593 0
1594 4
1595 0
1596 2
1597 0
1598 3
1599 1
1600 4
1601 0
1602 3
1603 0
1604 3
1605 3
1606 3
1607 1
1608 1
1609 0
1610 2
1611 3
1612 1
1613 3
1614 1
1615 1
1616 2
1617 2
1618 3
1619 2
1620 1
1621 2
1622 4
1623 5
1624 0
1625 0
1626 1
1627 1
1628 1
1629 1
1630 0
1631 1
1632 4
1633 2
1634 3
1635 1
1636 2
1637 5
1638 1
1639 2
1640 4
1641 1
1642 1
1643 2
1644 1
1645 2
1646 1
1647 3
1648 2
1649 1
1650 0
1651 3
1652 1
1653 2
1654 2
1655 2
1656 0
1657 4
1658 0
1659 0
1660 1
1661 0
1662 1
1663 0
1664 0
1665 1
1666 1
1667 3
1668 0
1669 0
1670 1
1671 1
1672 0
1673 1
1674 1
1675 0
1676 0
1677 0
1678 0
1679 1
1680 0
1681 1
1682 1
1683 0
1684 0
1685 0
1686 0
1687 0
1688 0
1689 0
1690 0
1691 0
1692 0
1693 1
1694 0
1695 0
1696 0
1697 0
1698 0
1699 0
1700 0
1701 0
1702 0
1703 0
1704 0
1705 0
1706 0
1707 0
1708 0
1709 0
1710 0
1711 2
1712 0
1713 0
1714 1
1715 0
1716 0
1717 0
1718 0
1719 0
1720 0
1721 0
1722 0
1723 0
1724 1
1725 0
1726 0
1727 0
1728 0
1729 0
1730 0
1731 0
1732 0
1733 1
1734 0
1735 0
1736 0
1737 0
1738 0
1739 0
1740 0
1741 0
1742 0
1743 0
1744 1
1745 0
1746 1
1747 0
1748 0
1749 0
1750 0
1751 0
1752 0
1753 0
1754 0
1755 0
1756 0
1757 1
1758 0
1759 0
1760 0
1761 0
1762 1
1763 0
1764 0
1765 0
1766 0
1767 0
1768 0
1769 0
1770 1
1771 0
1772 0
1773 0
1774 0
1775 0
1776 0
1777 0
1778 0
1779 0
1780 0
1781 0
1782 0
1783 0
1784 0
1785 0
1786 0
1787 1
1788 0
1789 0
1790 0
1791 0
1792 0
1793 0
1794 0
1795 0
1796 0
1797 0
1798 1
1799 0
1800 0
1801 1
1802 1
1803 1
1804 0
1805 0
1806 0
1807 1
1808 0
1809 0
1810 0
1811 0
1812 1
1813 1
1814 0
1815 0
1816 1
1817 1
1818 1
1819 0
1820 0
1821 0
1822 0
1823 0
1824 0
1825 0
1826 1
1827 0
1828 0
1829 0
1830 0
1831 0
1832 1
1833 0
1834 0
1835 1
1836 0
1837 0
1838 0
1839 1
1840 1
1841 0
1842 0
1843 0
1844 0
1845 1
1846 0
1847 0
1848 0
1849 0
1850 0
1851 0
1852 0
1853 0
1854 0
1855 0
1856 2
1857 0
1858 0
1859 0
1860 1
1861 0
1862 0
1863 0
1864 0
1865 0
1866 0
1867 0
1868 0
1869 0
1870 0
1871 0
1872 0
1873 0
1874 0
1875 0
1876 0
1877 0
1878 0
1879 1
1880 0
1881 1
1882 0
1883 1
1884 0
1885 0
1886 1
1887 0
1888 1
1889 0
1890 0
1891 0
1892 0
1893 0
1894 0
1895 0
1896 1
1897 1
1898 0
1899 0
1900 1
1901 0
1902 0
1903 0
1904 0
1905 0
1906 1
1907 0
1908 0
1909 0
1910 0
1911 0
1912 0
1913 0
1914 0
1915 0
1916 0
1917 0
1918 0
1919 1
1920 0
1921 0
1922 1
1923 0
1924 0
1925 0
1926 1
1927 0
1928 0
1929 0
1930 0
1931 0
1932 0
1933 0
1934 0
1935 0
1936 0
1937 0
1938 0
1939 0
1940 0
1941 1
1942 0
1943 0
1944 0
1945 0
1946 1
1947 0
1948 0
1949 0
1950 0
1951 0
1952 0
1953 0
1954 0
1955 1
1956 0
1957 0
1958 0
1959 0
1960 0
1961 0
1962 0
1963 0
1964 0
1965 1
1966 0
1967 0
1968 0
1969 0
1970 0
1971 0
1972 0
1973 0
1974 0
1975 0
1976 0
1977 0
1978 0
1979 0
1980 0
1981 0
1982 0
1983 0
1984 0
1985 0
1986 0
1987 0
1988 0
1989 1
1990 0
1991 0
1992 0
1993 1
1994 0
1995 0
1996 0
1997 0
1998 0
1999 0
2000 0
2001 0
2002 0
2003 1
2004 0
2005 0
2006 1
2007 0
2008 1
2009 0
2010 0
2011 0
2012 2
2013 0
2014 0
2015 1
2016 0
2017 0
2018 0
2019 0
2020 0
2021 0
2022 0
2023 0
2024 0
2025 0
2026 0
2027 0
2028 1
2029 0
2030 0
2031 0
2032 0
2033 0
2034 0
2035 0
2036 0
2037 0
2038 0
2039 0
2040 0
2041 0
2042 0
2043 0
2044 0
2045 0
2046 0
2047 0
