# Dead time factor = 1.00000
0 0
1 0
2 0
3 0
4 0
5 0
6 0
7 0
8 0
9 0
10 0
11 0
12 0
13 0
14 0
15 0
16 0
17 0
18 0
19 0
20 1
21 27
22 28
23 27
24 20
25 26
26 33
27 45
28 37
29 25
30 36
31 44
32 46
33 41
34 43
35 36
36 45
37 51
38 59
39 47
40 46
41 52
42 62
43 41
44 41
45 64
46 72
47 93
48 121
49 132
50 180
51 163
52 170
53 125
54 120
55 92
56 78
57 61
58 62
59 61
60 48
61 40
62 34
63 30
64 50
65 40
66 38
67 35
68 34
69 36
70 31
71 38
72 35
73 27
74 28
75 36
76 41
77 42
78 28
79 41
80 30
81 28
82 45
83 36
84 38
85 34
86 37
87 44
88 38
89 39
90 43
91 44
92 36
93 22
94 29
95 20
96 25
97 37
98 32
99 44
100 34
101 27
102 37
103 20
104 31
105 25
106 34
107 22
108 21
109 33
110 21
111 27
112 30
113 18
114 25
115 22
116 27
117 27
118 27
119 19
120 24
121 24
122 26
123 11
124 28
125 21
126 26
127 20
128 27
129 16
130 15
131 11
132 17
133 18
134 23
135 21
136 19
137 15
138 20
139 15
140 20
141 13
142 20
143 16
144 12
145 22
146 20
147 15
148 23
149 21
150 27
151 20
152 23
153 20
154 22
155 12
156 23
157 17
158 18
159 13
160 30
161 25
162 34
163 27
164 30
165 39
166 41
167 54
168 42
169 42
170 45
171 51
172 46
173 43
174 39
175 28
176 31
177 38
178 29
179 28
180 21
181 17
182 19
183 35
184 29
185 18
186 22
187 16
188 23
189 27
190 22
191 20
192 26
193 30
194 13
195 13
196 20
197 16
198 20
199 19
200 12
201 22
202 16
203 16
204 20
205 12
206 19
207 14
208 14
209 15
210 19
211 12
212 14
213 15
214 15
215 13
216 11
217 17
218 13
219 17
220 12
221 16
222 14
223 22
224 12
225 11
226 16
227 15
228 13
229 20
230 15
231 16
232 17
233 18
234 17
235 16
236 25
237 19
238 11
239 10
240 19
241 18
242 15
243 25
244 16
245 15
246 12
247 13
248 14
249 13
250 17
251 13
252 15
253 15
254 16
255 11
256 24
257 12
258 18
259 8
260 13
261 19
262 15
263 13
264 15
265 21
266 14
267 17
268 14
269 17
270 12
271 18
272 13
273 13
274 19
275 11
276 17
277 13
278 14
279 10
280 17
281 16
282 14
283 18
284 12
285 10
286 11
287 14
288 16
289 15
290 10
291 20
292 19
293 13
294 13
295 14
296 17
297 13
298 13
299 14
300 17
301 13
302 13
303 8
304 14
305 16
306 12
307 8
308 14
309 20
310 10
311 18
312 11
313 13
314 20
315 21
316 10
317 16
318 12
319 16
320 14
321 17
322 12
323 13
324 10
325 19
326 14
327 10
328 9
329 15
330 8
331 15
332 14
333 13
334 13
335 10
336 11
337 18
338 10
339 14
340 19
341 18
342 14
343 23
344 13
345 13
346 12
347 16
348 15
349 20
350 7
351 14
352 15
353 14
354 13
355 11
356 17
357 14
358 16
359 12
360 9
361 15
362 7
363 6
364 13
365 16
366 18
367 17
368 11
369 14
370 11
371 14
372 10
373 8
374 18
375 8
376 8
377 6
378 12
379 10
380 7
381 15
382 15
383 9
384 8
385 12
386 10
387 15
388 15
389 7
390 17
391 14
392 9
393 13
394 7
395 9
396 6
397 12
398 10
399 12
400 9
401 14
402 9
403 13
404 10
405 8
406 7
407 7
408 10
409 8
410 8
411 11
412 12
413 9
414 12
415 9
416 7
417 11
418 11
419 11
420 12
421 17
422 14
423 9
424 9
425 16
426 8
427 8
428 9
429 14
430 5
431 14
432 6
433 9
434 13
435 10
436 14
437 9
438 7
439 12
440 11
441 22
442 10
443 14
444 12
445 13
446 11
447 10
448 12
449 12
450 10
451 18
452 7
453 7
454 10
455 13
456 8
457 13
458 11
459 14
460 13
461 10
462 7
463 9
464 11
465 12
466 5
467 9
468 10
469 12
470 15
471 7
472 8
473 13
474 13
475 12
476 12
477 10
478 6
479 10
480 12
481 7
482 9
483 8
484 6
485 18
486 14
487 9
488 10
489 14
490 5
491 7
492 12
493 11
494 9
495 8
496 11
497 8
498 12
499 12
500 9
501 5
502 12
503 8
504 15
505 10
506 7
507 10
508 10
509 11
510 15
511 7
512 9
513 12
514 10
515 11
516 6
517 9
518 4
519 7
520 10
521 10
522 9
523 9
524 8
525 6
526 8
527 12
528 12
529 9
530 16
531 11
532 17
533 11
534 12
535 10
536 9
537 11
538 12
539 13
540 7
541 7
542 7
543 8
544 8
545 12
546 7
547 18
548 16
549 8
550 12
551 12
552 5
553 13
554 11
555 9
556 10
557 10
558 12
559 11
560 11
561 18
562 12
563 6
564 7
565 9
566 12
567 17
568 12
569 7
570 10
571 11
572 14
573 7
574 7
575 14
576 9
577 10
578 12
579 8
580 12
581 8
582 12
583 12
584 10
585 11
586 13
587 11
588 10
589 7
590 14
591 8
592 13
593 11
594 15
595 8
596 6
597 9
598 5
599 16
600 10
601 13
602 13
603 9
604 12
605 8
606 12
607 6
608 9
609 11
610 18
611 8
612 14
613 6
614 14
615 11
616 12
617 8
618 8
619 12
620 13
621 7
622 10
623 12
624 14
625 12
626 6
627 16
628 12
629 7
630 4
631 11
632 9
633 10
634 12
635 10
636 7
637 11
638 8
639 8
640 17
641 12
642 12
643 5
644 13
645 13
646 12
647 10
648 13
649 15
650 15
651 6
652 12
653 13
654 9
655 7
656 18
657 10
658 10
659 5
660 14
661 12
662 6
663 10
664 5
665 5
666 10
667 7
668 14
669 12
670 11
671 9
672 6
673 8
674 15
675 11
676 7
677 6
678 10
679 12
680 13
681 11
682 8
683 8
684 12
685 13
686 11
687 11
688 13
689 9
690 11
691 8
692 9
693 12
694 11
695 7
696 11
697 13
698 5
699 12
700 8
701 11
702 12
703 10
704 10
705 10
706 9
707 10
708 10
709 11
710 17
711 8
712 15
713 14
714 9
715 10
716 14
717 12
718 10
719 12
720 10
721 11
722 13
723 9
724 12
725 9
726 14
727 11
728 15
729 14
730 11
731 9
732 10
733 16
734 14
735 17
736 14
737 12
738 18
739 7
740 16
741 9
742 8
743 10
744 14
745 17
746 17
747 12
748 11
749 11
750 10
751 10
752 14
753 9
754 8
755 11
756 8
757 12
758 15
759 14
760 7
761 13
762 9
763 6
764 8
765 20
766 12
767 13
768 15
769 9
770 16
771 11
772 12
773 13
774 12
775 9
776 6
777 13
778 3
779 12
780 10
781 7
782 14
783 9
784 12
785 11
786 16
787 8
788 13
789 5
790 7
791 6
792 13
793 8
794 20
795 15
796 9
797 13
798 10
799 9
800 8
801 16
802 7
803 12
804 10
805 12
806 14
807 14
808 10
809 19
810 8
811 12
812 14
813 10
814 8
815 13
816 11
817 9
818 19
819 14
820 14
821 15
822 8
823 15
824 11
825 7
826 20
827 14
828 17
829 14
830 10
831 12
832 15
833 10
834 12
835 10
836 14
837 11
838 11
839 11
840 14
841 9
842 17
843 12
844 9
845 13
846 11
847 13
848 11
849 8
850 10
851 9
852 12
853 6
854 11
855 7
856 14
857 10
858 18
859 16
860 12
861 7
862 9
863 17
864 11
865 10
866 22
867 12
868 10
869 14
870 11
871 10
872 10
873 7
874 9
875 7
876 13
877 13
878 17
879 11
880 13
881 11
882 13
883 13
884 15
885 12
886 18
887 9
888 15
889 13
890 14
891 16
892 11
893 13
894 12
895 13
896 10
897 14
898 13
899 5
900 22
901 10
902 16
903 11
904 10
905 11
906 21
907 8
908 13
909 8
910 10
911 16
912 16
913 17
914 18
915 17
916 7
917 10
918 19
919 8
920 15
921 14
922 7
923 11
924 11
925 10
926 10
927 14
928 18
929 10
930 13
931 20
932 18
933 14
934 13
935 15
936 8
937 15
938 24
939 17
940 6
941 10
942 17
943 16
944 16
945 17
946 16
947 17
948 7
949 19
950 14
951 13
952 13
953 20
954 12
955 10
956 15
957 12
958 11
959 9
960 10
961 15
962 9
963 9
964 11
965 14
966 18
967 19
968 14
969 11
970 19
971 15
972 13
973 13
974 13
975 14
976 13
977 15
978 14
979 16
980 15
981 10
982 9
983 21
984 15
985 10
986 15
987 9
988 19
989 10
990 14
991 14
992 17
993 15
994 11
995 13
996 14
997 10
998 14
999 15
1000 10
1001 12
1002 12
1003 10
1004 13
1005 11
1006 10
1007 10
1008 9
1009 14
1010 8
1011 24
1012 13
1013 9
1014 13
1015 11
1016 14
1017 14
1018 21
1019 11
1020 13
1021 11
1022 23
1023 14
1024 21
1025 8
1026 13
1027 17
1028 23
1029 13
1030 12
1031 14
1032 15
1033 13
1034 12
1035 13
1036 18
1037 14
1038 16
1039 19
1040 16
1041 19
1042 18
1043 11
1044 19
1045 16
1046 12
1047 20
1048 14
1049 24
1050 13
1051 16
1052 10
1053 18
1054 14
1055 15
1056 28
1057 20
1058 17
1059 26
1060 12
1061 13
1062 20
1063 20
1064 24
1065 16
1066 23
1067 15
1068 17
1069 21
1070 24
1071 22
1072 16
1073 31
1074 15
1075 16
1076 16
1077 19
1078 24
1079 14
1080 19
1081 15
1082 13
1083 19
1084 17
1085 31
1086 17
1087 27
1088 23
1089 23
1090 25
1091 25
1092 20
1093 27
1094 29
1095 16
1096 13
1097 18
1098 24
1099 17
1100 16
1101 27
1102 25
1103 22
1104 22
1105 26
1106 18
1107 27
1108 22
1109 26
1110 24
1111 22
1112 18
1113 18
1114 14
1115 19
1116 26
1117 19
1118 32
1119 19
1120 29
1121 23
1122 22
1123 26
1124 23
1125 22
1126 25
1127 29
1128 31
1129 28
1130 22
1131 32
1132 26
1133 20
1134 22
1135 26
1136 21
1137 22
1138 25
1139 29
1140 30
1141 21
1142 22
1143 21
1144 33
1145 25
1146 29
1147 20
1148 33
1149 23
1150 26
1151 25
1152 22
1153 26
1154 25
1155 29
1156 12
1157 22
1158 28
1159 19
1160 27
1161 25
1162 31
1163 26
1164 24
1165 30
1166 27
1167 25
1168 24
1169 21
1170 22
1171 24
1172 19
1173 23
1174 27
1175 26
1176 26
1177 27
1178 32
1179 25
1180 24
1181 22
1182 22
1183 22
1184 28
1185 36
1186 27
1187 23
1188 26
1189 13
1190 18
1191 23
1192 22
1193 23
1194 26
1195 19
1196 30
1197 34
1198 24
1199 19
1200 24
1201 24
1202 25
1203 24
1204 17
1205 16
1206 31
1207 19
1208 19
1209 22
1210 21
1211 27
1212 15
1213 25
1214 26
1215 31
1216 21
1217 23
1218 19
1219 31
1220 12
1221 36
1222 21
1223 24
1224 35
1225 23
1226 23
1227 17
1228 31
1229 31
1230 27
1231 33
1232 27
1233 29
1234 32
1235 33
1236 32
1237 26
1238 32
1239 36
1240 34
1241 39
1242 27
1243 33
1244 31
1245 33
1246 37
1247 33
1248 33
1249 38
1250 39
1251 41
1252 33
1253 44
1254 33
1255 37
1256 26
1257 38
1258 47
1259 39
1260 34
1261 34
1262 38
1263 39
1264 33
1265 42
1266 35
1267 40
1268 43
1269 33
1270 25
1271 28
1272 51
1273 43
1274 35
1275 42
1276 37
1277 37
1278 46
1279 31
1280 47
1281 41
1282 28
1283 40
1284 40
1285 45
1286 41
1287 35
1288 37
1289 39
1290 24
1291 50
1292 37
1293 33
1294 32
1295 50
1296 47
1297 36
1298 36
1299 30
1300 41
1301 44
1302 39
1303 37
1304 37
1305 48
1306 33
1307 37
1308 47
1309 46
1310 40
1311 33
1312 44
1313 41
1314 42
1315 33
1316 41
1317 37
1318 32
1319 45
1320 35
1321 29
1322 34
1323 42
1324 40
1325 41
1326 29
1327 40
1328 35
1329 26
1330 29
1331 43
1332 29
1333 35
1334 38
1335 32
1336 27
1337 29
1338 38
1339 28
1340 26
1341 36
1342 28
1343 37
1344 32
1345 33
1346 31
1347 38
1348 24
1349 30
1350 26
1351 23
1352 22
1353 33
1354 24
1355 29
1356 20
1357 23
1358 29
1359 27
1360 16
1361 21
1362 23
1363 29
1364 17
1365 28
1366 25
1367 27
1368 23
1369 20
1370 26
1371 28
1372 25
1373 24
1374 23
1375 28
1376 26
1377 18
1378 24
1379 21
1380 30
1381 24
1382 23
1383 28
1384 23
1385 27
1386 26
1387 37
1388 20
1389 29
1390 30
1391 21
1392 34
1393 19
1394 36
1395 29
1396 23
1397 33
1398 29
1399 26
1400 31
1401 24
1402 34
1403 35
1404 25
1405 30
1406 31
1407 27
1408 25
1409 32
1410 34
1411 34
1412 34
1413 34
1414 30
1415 38
1416 25
1417 35
1418 43
1419 43
1420 33
1421 31
1422 33
1423 27
1424 41
1425 42
1426 51
1427 36
1428 28
1429 36
1430 32
1431 36
1432 37
1433 39
1434 35
1435 36
1436 38
1437 33
1438 44
1439 35
1440 31
1441 27
1442 41
1443 45
1444 38
1445 45
1446 41
1447 47
1448 46
1449 25
1450 35
1451 40
1452 38
1453 56
1454 42
1455 41
1456 44
1457 50
1458 40
1459 37
1460 43
1461 40
1462 31
1463 38
1464 37
1465 42
1466 44
1467 46
1468 44
1469 30
1470 40
1471 33
1472 44
1473 28
1474 42
1475 43
1476 37
1477 42
1478 34
1479 36
1480 33
1481 38
1482 33
1483 46
1484 36
1485 33
1486 25
1487 35
1488 33
1489 31
1490 33
1491 37
1492 40
1493 32
1494 25
1495 32
1496 28
1497 30
1498 22
1499 38
1500 36
1501 29
1502 27
1503 33
1504 20
1505 30
1506 20
1507 29
1508 19
1509 25
1510 28
1511 28
1512 18
1513 20
1514 22
1515 25
1516 14
1517 19
1518 16
1519 16
1520 22
1521 24
1522 10
1523 17
1524 15
1525 13
1526 13
1527 13
1528 9
1529 8
1530 8
1531 13
1532 11
1533 18
1534 11
1535 13
1536 11
1537 6
1538 10
1539 6
1540 14
1541 6
1542 8
1543 10
1544 12
1545 9
1546 9
1547 5
1548 6
1549 10
1550 8
1551 10
1552 8
1553 9
1554 8
1555 7
1556 9
1557 10
1558 9
1559 13
1560 6
1561 12
1562 8
1563 9
1564 7
1565 7
1566 8
1567 6
1568 9
1569 7
1570 7
1571 11
1572 5
1573 12
1574 8
1575 6
1576 6
1577 7
1578 11
1579 10
1580 4
1581 9
1582 6
1583 5
1584 4
1585 9
1586 13
1587 6
1588 7
1589 8
1590 8
1591 14
1592 4
1593 12
1594 5
1595 6
1596 13
1597 11
1598 6
1599 10
1600 8
1601 7
1602 13
1603 7
1604 13
1605 6
1606 14
1607 12
1608 8
1609 5
1610 7
1611 20
1612 12
1613 15
1614 10
1615 7
1616 21
1617 7
1618 8
1619 9
1620 8
1621 12
1622 9
1623 12
1624 7
1625 10
1626 11
1627 10
1628 8
1629 17
1630 10
1631 6
1632 9
1633 6
1634 11
1635 4
1636 7
1637 15
1638 9
1639 11
1640 9
1641 9
1642 14
1643 7
1644 6
1645 6
1646 10
1647 11
1648 7
1649 7
1650 3
1651 9
1652 5
1653 6
1654 7
1655 9
1656 4
1657 5
1658 5
1659 6
1660 7
1661 5
1662 5
1663 2
1664 6
1665 1
1666 9
1667 7
1668 2
1669 1
1670 6
1671 4
1672 3
1673 2
1674 3
1675 2
1676 1
1677 2
1678 0
1679 3
1680 2
1681 1
1682 4
1683 1
1684 1
1685 0
1686 1
1687 1
1688 2
1689 0
1690 0
1691 1
1692 1
1693 1
1694 4
1695 1
1696 0
1697 0
1698 1
1699 0
1700 1
1701 2
1702 3
1703 1
1704 1
1705 0
1706 0
1707 3
1708 0
1709 0
1710 1
1711 1
1712 1
1713 0
1714 0
1715 0
1716 1
1717 1
1718 0
1719 2
1720 2
1721 1
1722 0
1723 0
1724 1
1725 0
1726 1
1727 0
1728 1
1729 0
1730 0
1731 0
1732 0
1733 1
1734 1
1735 1
1736 0
1737 1
1738 1
1739 1
1740 0
1741 1
1742 0
1743 1
1744 0
1745 0
1746 1
1747 1
1748 0
1749 0
1750 0
1751 1
1752 0
1753 0
1754 1
1755 0
1756 0
1757 1
1758 0
1759 0
1760 1
1761 0
1762 0
1763 0
1764 2
1765 1
1766 0
1767 0
1768 0
1769 0
1770 0
1771 0
1772 0
1773 0
1774 0
1775 1
1776 0
1777 0
1778 0
1779 0
1780 0
1781 0
1782 1
1783 0
1784 0
1785 1
1786 0
1787 1
1788 0
1789 0
1790 0
1791 0
1792 0
1793 0
1794 0
1795 0
1796 0
1797 0
1798 1
1799 0
1800 0
1801 0
1802 0
1803 1
1804 1
1805 1
1806 0
1807 0
1808 0
1809 0
1810 0
1811 0
1812 1
1813 0
1814 0
1815 1
1816 0
1817 0
1818 0
1819 0
1820 0
1821 1
1822 1
1823 1
1824 0
1825 1
1826 0
1827 0
1828 0
1829 0
1830 0
1831 0
1832 0
1833 1
1834 1
1835 1
1836 1
1837 0
1838 0
1839 0
1840 2
1841 1
1842 2
1843 1
1844 0
1845 1
1846 0
1847 0
1848 0
1849 0
1850 0
1851 0
1852 0
1853 2
1854 0
1855 1
1856 1
1857 0
1858 1
1859 0
1860 0
1861 0
1862 0
1863 0
1864 0
1865 1
1866 0
1867 1
1868 0
1869 1
1870 0
1871 0
1872 0
1873 0
1874 1
1875 0
1876 0
1877 0
1878 0
1879 0
1880 0
1881 0
1882 0
1883 0
1884 0
1885 0
1886 0
1887 0
1888 1
1889 0
1890 0
1891 0
1892 0
1893 0
1894 0
1895 0
1896 0
1897 1
1898 0
1899 1
1900 0
1901 1
1902 0
1903 0
1904 1
1905 0
1906 0
1907 0
1908 0
1909 0
1910 3
1911 0
1912 1
1913 0
1914 0
1915 1
1916 0
1917 0
1918 0
1919 0
1920 1
1921 0
1922 0
1923 0
1924 0
1925 0
1926 0
1927 1
1928 1
1929 0
1930 0
1931 0
1932 0
1933 0
1934 0
1935 0
1936 0
1937 1
1938 1
1939 0
1940 0
1941 0
1942 1
1943 0
1944 0
1945 0
1946 1
1947 0
1948 0
1949 2
1950 0
1951 1
1952 0
1953 0
1954 1
1955 2
1956 0
1957 1
1958 0
1959 0
1960 0
1961 0
1962 0
1963 1
1964 0
1965 1
1966 0
1967 0
1968 1
1969 0
1970 0
1971 0
1972 0
1973 0
1974 0
1975 1
1976 0
1977 1
1978 1
1979 0
1980 0
1981 0
1982 0
1983 0
1984 0
1985 2
1986 0
1987 1
1988 0
1989 0
1990 0
1991 0
1992 0
1993 0
1994 0
1995 0
1996 1
1997 0
1998 0
1999 0
2000 0
2001 2
2002 1
2003 0
2004 0
2005 0
2006 0
2007 1
2008 0
2009 0
2010 0
2011 1
2012 0
2013 0
2014 0
2015 2
2016 1
2017 0
2018 0
2019 0
2020 1
2021 0
2022 0
2023 0
2024 0
2025 0
2026 0
2027 0
2028 0
2029 2
2030 0
2031 0
2032 0
2033 0
2034 0
2035 0
2036 0
2037 0
2038 0
2039 0
2040 0
2041 0
2042 0
2043 0
2044 0
2045 0
2046 0
2047 0
