# Dead time factor = 1.00000
0 0
1 0
2 0
3 0
4 0
5 0
6 0
7 0
8 0
9 0
10 0
11 0
12 0
13 0
14 0
15 0
16 0
17 0
18 0
19 0
20 3
21 22
22 36
23 28
24 24
25 40
26 33
27 23
28 30
29 34
30 36
31 38
32 47
33 34
34 35
35 34
36 55
37 50
38 51
39 58
40 43
41 46
42 41
43 44
44 51
45 47
46 65
47 84
48 125
49 136
50 145
51 161
52 149
53 146
54 108
55 95
56 84
57 50
58 57
59 52
60 34
61 42
62 34
63 29
64 36
65 32
66 26
67 37
68 31
69 38
70 39
71 36
72 31
73 27
74 28
75 34
76 22
77 42
78 31
79 41
80 31
81 32
82 28
83 32
84 48
85 28
86 44
87 36
88 38
89 42
90 29
91 34
92 39
93 34
94 26
95 32
96 40
97 39
98 27
99 29
100 21
101 32
102 20
103 24
104 27
105 34
106 27
107 23
108 19
109 25
110 29
111 22
112 22
113 30
114 23
115 28
116 29
117 32
118 23
119 21
120 24
121 19
122 23
123 24
124 17
125 22
126 21
127 22
128 17
129 21
130 22
131 20
132 27
133 32
134 22
135 19
136 23
137 16
138 14
139 24
140 25
141 21
142 22
143 16
144 28
145 19
146 16
147 16
148 22
149 16
150 14
151 18
152 18
153 24
154 19
155 29
156 16
157 21
158 19
159 28
160 24
161 24
162 30
163 26
164 38
165 33
166 42
167 41
168 27
169 36
170 47
171 40
172 50
173 45
174 40
175 38
176 32
177 23
178 38
179 32
180 32
181 25
182 21
183 22
184 27
185 19
186 15
187 15
188 17
189 28
190 21
191 26
192 19
193 21
194 15
195 16
196 18
197 19
198 19
199 16
200 19
201 18
202 18
203 17
204 11
205 19
206 16
207 16
208 18
209 16
210 18
211 11
212 19
213 17
214 19
215 17
216 13
217 11
218 20
219 6
220 17
221 9
222 12
223 15
224 18
225 21
226 16
227 17
228 10
229 19
230 17
231 15
232 19
233 14
234 20
235 24
236 19
237 15
238 12
239 18
240 17
241 6
242 6
243 12
244 15
245 15
246 17
247 13
248 9
249 12
250 13
251 19
252 13
253 12
254 15
255 9
256 14
257 17
258 7
259 14
260 13
261 13
262 14
263 12
264 10
265 7
266 15
267 15
268 11
269 10
270 13
271 5
272 12
273 10
274 23
275 14
276 13
277 12
278 13
279 18
280 14
281 8
282 13
283 12
284 10
285 22
286 15
287 9
288 9
289 9
290 12
291 11
292 16
293 12
294 7
295 7
296 18
297 13
298 13
299 6
300 5
301 15
302 5
303 11
304 14
305 14
306 23
307 15
308 8
309 17
310 10
311 7
312 12
313 14
314 9
315 11
316 17
317 6
318 9
319 17
320 13
321 11
322 7
323 20
324 18
325 11
326 13
327 9
328 7
329 11
330 13
331 10
332 13
333 14
334 10
335 13
336 12
337 19
338 12
339 9
340 10
341 19
342 15
343 12
344 19
345 16
346 17
347 15
348 10
349 16
350 13
351 13
352 17
353 18
354 13
355 20
356 11
357 16
358 10
359 15
360 10
361 13
362 21
363 20
364 6
365 10
366 17
367 17
368 11
369 10
370 14
371 18
372 16
373 10
374 10
375 11
376 10
377 12
378 7
379 7
380 13
381 12
382 12
383 8
384 13
385 13
386 7
387 12
388 17
389 9
390 13
391 11
392 13
393 9
394 10
395 11
396 15
397 8
398 8
399 5
400 13
401 11
402 12
403 11
404 8
405 6
406 17
407 11
408 11
409 14
410 12
411 11
412 17
413 9
414 6
415 7
416 12
417 13
418 11
419 5
420 11
421 12
422 6
423 6
424 10
425 8
426 9
427 11
428 6
429 6
430 12
431 8
432 8
433 9
434 10
435 12
436 14
437 11
438 9
439 7
440 7
441 9
442 6
443 15
444 13
445 4
446 15
447 8
448 17
449 14
450 8
451 10
452 12
453 9
454 11
455 14
456 9
457 8
458 13
459 8
460 11
461 10
462 11
463 12
464 12
465 8
466 6
467 12
468 14
469 10
470 9
471 9
472 9
473 17
474 11
475 6
476 6
477 9
478 8
479 4
480 7
481 10
482 4
483 12
484 8
485 7
486 10
487 7
488 15
489 9
490 11
491 11
492 12
493 8
494 8
495 14
496 15
497 16
498 8
499 11
500 11
501 12
502 6
503 10
504 8
505 13
506 12
507 5
508 10
509 13
510 10
511 8
512 19
513 13
514 14
515 7
516 12
517 8
518 12
519 9
520 15
521 17
522 11
523 8
524 7
525 10
526 12
527 9
528 7
529 7
530 8
531 15
532 5
533 10
534 7
535 9
536 11
537 12
538 8
539 14
540 10
541 17
542 8
543 6
544 8
545 10
546 9
547 9
548 8
549 8
550 15
551 9
552 5
553 11
554 8
555 9
556 14
557 13
558 11
559 10
560 14
561 13
562 13
563 7
564 7
565 13
566 8
567 10
568 8
569 18
570 1
571 11
572 7
573 14
574 10
575 14
576 9
577 7
578 10
579 7
580 6
581 1
582 6
583 6
584 6
585 7
586 14
587 8
588 8
589 8
590 11
591 4
592 12
593 7
594 18
595 8
596 9
597 10
598 9
599 14
600 14
601 9
602 11
603 7
604 11
605 12
606 11
607 5
608 14
609 13
610 8
611 7
612 6
613 8
614 7
615 9
616 7
617 17
618 8
619 10
620 8
621 11
622 12
623 9
624 15
625 13
626 17
627 10
628 11
629 3
630 10
631 7
632 7
633 14
634 10
635 6
636 9
637 11
638 15
639 11
640 9
641 8
642 12
643 13
644 8
645 13
646 5
647 8
648 14
649 8
650 12
651 5
652 7
653 11
654 10
655 9
656 16
657 13
658 6
659 10
660 6
661 7
662 9
663 13
664 8
665 6
666 7
667 9
668 8
669 10
670 10
671 6
672 15
673 14
674 9
675 3
676 8
677 6
678 6
679 10
680 7
681 8
682 10
683 6
684 9
685 8
686 13
687 12
688 14
689 8
690 11
691 12
692 12
693 18
694 11
695 9
696 8
697 10
698 10
699 14
700 12
701 11
702 15
703 5
704 9
705 8
706 7
707 9
708 12
709 7
710 9
711 15
712 9
713 11
714 6
715 11
716 6
717 7
718 22
719 8
720 19
721 13
722 13
723 9
724 20
725 5
726 14
727 8
728 8
729 12
730 6
731 11
732 15
733 11
734 8
735 13
736 11
737 5
738 18
739 12
740 11
741 8
742 15
743 6
744 12
745 12
746 7
747 10
748 5
749 6
750 10
751 9
752 18
753 12
754 12
755 10
756 12
757 9
758 17
759 17
760 6
761 9
762 13
763 9
764 15
765 13
766 9
767 18
768 15
769 9
770 5
771 13
772 4
773 9
774 6
775 10
776 10
777 11
778 12
779 9
780 8
781 9
782 13
783 8
784 7
785 8
786 10
787 8
788 14
789 8
790 9
791 6
792 12
793 11
794 12
795 11
796 15
797 5
798 12
799 11
800 10
801 14
802 8
803 7
804 6
805 15
806 12
807 10
808 15
809 10
810 10
811 12
812 10
813 11
814 10
815 15
816 14
817 16
818 8
819 9
820 8
821 9
822 8
823 13
824 11
825 16
826 10
827 9
828 15
829 6
830 18
831 12
832 9
833 9
834 12
835 17
836 11
837 11
838 13
839 17
840 13
841 10
842 10
843 14
844 14
845 10
846 11
847 17
848 7
849 11
850 5
851 13
852 12
853 14
854 16
855 6
856 8
857 6
858 17
859 7
860 15
861 15
862 20
863 13
864 15
865 11
866 14
867 13
868 11
869 19
870 21
871 9
872 12
873 6
874 15
875 12
876 14
877 9
878 9
879 8
880 11
881 18
882 13
883 11
884 8
885 8
886 13
887 15
888 14
889 16
890 13
891 13
892 11
893 11
894 13
895 12
896 9
897 14
898 6
899 11
900 15
901 10
902 12
903 10
904 6
905 9
906 17
907 7
908 12
909 8
910 10
911 9
912 14
913 7
914 8
915 14
916 14
917 13
918 15
919 9
920 16
921 13
922 20
923 16
924 9
925 9
926 12
927 7
928 20
929 16
930 8
931 14
932 18
933 14
934 17
935 15
936 7
937 11
938 10
939 10
940 7
941 19
942 11
943 12
944 11
945 12
946 10
947 13
948 12
949 9
950 16
951 14
952 23
953 10
954 17
955 11
956 14
957 7
958 20
959 11
960 15
961 12
962 12
963 11
964 12
965 14
966 16
967 13
968 16
969 16
970 20
971 12
972 10
973 17
974 13
975 15
976 16
977 9
978 10
979 16
980 13
981 13
982 14
983 9
984 23
985 9
986 18
987 12
988 18
989 8
990 4
991 18
992 13
993 13
994 13
995 18
996 13
997 9
998 8
999 16
1000 9
1001 10
1002 17
1003 13
1004 12
1005 8
1006 15
1007 8
1008 16
1009 18
1010 11
1011 10
1012 12
1013 12
1014 10
1015 16
1016 20
1017 10
1018 9
1019 19
1020 11
1021 14
1022 12
1023 11
1024 16
1025 8
1026 16
1027 16
1028 15
1029 13
1030 9
1031 20
1032 12
1033 12
1034 19
1035 11
1036 17
1037 15
1038 10
1039 12
1040 7
1041 15
1042 15
1043 19
1044 14
1045 16
1046 13
1047 7
1048 20
1049 25
1050 19
1051 18
1052 12
1053 19
1054 15
1055 13
1056 18
1057 11
1058 10
1059 6
1060 13
1061 20
1062 11
1063 19
1064 25
1065 19
1066 21
1067 14
1068 21
1069 19
1070 16
1071 23
1072 16
1073 18
1074 12
1075 14
1076 22
1077 22
1078 12
1079 11
1080 14
1081 16
1082 9
1083 18
1084 20
1085 18
1086 17
1087 19
1088 17
1089 26
1090 21
1091 19
1092 20
1093 25
1094 14
1095 21
1096 22
1097 18
1098 19
1099 16
1100 28
1101 22
1102 19
1103 22
1104 18
1105 19
1106 21
1107 11
1108 35
1109 15
1110 28
1111 25
1112 16
1113 13
1114 31
1115 21
1116 18
1117 17
1118 21
1119 17
1120 27
1121 23
1122 20
1123 21
1124 27
1125 25
1126 19
1127 25
1128 32
1129 21
1130 22
1131 22
1132 27
1133 25
1134 27
1135 20
1136 16
1137 23
1138 21
1139 19
1140 17
1141 33
1142 17
1143 27
1144 22
1145 26
1146 25
1147 16
1148 21
1149 23
1150 24
1151 32
1152 29
1153 16
1154 21
1155 32
1156 20
1157 21
1158 26
1159 20
1160 22
1161 19
1162 18
1163 25
1164 21
1165 21
1166 26
1167 21
1168 26
1169 29
1170 23
1171 22
1172 19
1173 16
1174 20
1175 16
1176 19
1177 24
1178 23
1179 18
1180 23
1181 21
1182 28
1183 17
1184 35
1185 32
1186 22
1187 22
1188 23
1189 20
1190 23
1191 19
1192 30
1193 21
1194 32
1195 26
1196 22
1197 23
1198 20
1199 19
1200 27
1201 26
1202 20
1203 20
1204 26
1205 23
1206 28
1207 10
1208 23
1209 21
1210 19
1211 24
1212 20
1213 23
1214 22
1215 25
1216 18
1217 24
1218 30
1219 26
1220 25
1221 24
1222 20
1223 23
1224 21
1225 29
1226 27
1227 15
1228 23
1229 18
1230 29
1231 25
1232 28
1233 29
1234 28
1235 14
1236 28
1237 28
1238 40
1239 25
1240 26
1241 33
1242 28
1243 29
1244 23
1245 22
1246 32
1247 32
1248 31
1249 34
1250 25
1251 23
1252 29
1253 21
1254 30
1255 37
1256 29
1257 38
1258 33
1259 30
1260 34
1261 38
1262 24
1263 25
1264 37
1265 29
1266 39
1267 35
1268 34
1269 44
1270 33
1271 41
1272 43
1273 40
1274 36
1275 26
1276 29
1277 27
1278 31
1279 29
1280 35
1281 35
1282 39
1283 47
1284 33
1285 43
1286 38
1287 42
1288 41
1289 44
1290 33
1291 38
1292 39
1293 33
1294 44
1295 36
1296 31
1297 35
1298 41
1299 37
1300 33
1301 28
1302 33
1303 46
1304 43
1305 31
1306 32
1307 51
1308 39
1309 31
1310 37
1311 38
1312 42
1313 42
1314 46
1315 41
1316 33
1317 36
1318 44
1319 42
1320 30
1321 33
1322 41
1323 33
1324 51
1325 30
1326 39
1327 28
1328 39
1329 44
1330 40
1331 34
1332 29
1333 41
1334 32
1335 25
1336 35
1337 39
1338 29
1339 33
1340 35
1341 37
1342 37
1343 30
1344 30
1345 34
1346 42
1347 26
1348 33
1349 32
1350 30
1351 28
1352 34
1353 28
1354 30
1355 25
1356 25
1357 28
1358 23
1359 21
1360 24
1361 21
1362 18
1363 38
1364 31
1365 23
1366 36
1367 24
1368 22
1369 31
1370 28
1371 23
1372 19
1373 27
1374 17
1375 25
1376 22
1377 17
1378 24
1379 31
1380 22
1381 19
1382 26
1383 20
1384 36
1385 20
1386 22
1387 26
1388 28
1389 22
1390 20
1391 24
1392 18
1393 16
1394 26
1395 25
1396 26
1397 28
1398 20
1399 22
1400 25
1401 28
1402 29
1403 20
1404 27
1405 33
1406 20
1407 33
1408 32
1409 29
1410 33
1411 27
1412 33
1413 23
1414 31
1415 31
1416 23
1417 31
1418 35
1419 31
1420 22
1421 27
1422 22
1423 37
1424 36
1425 33
1426 31
1427 33
1428 38
1429 35
1430 31
1431 36
1432 37
1433 43
1434 34
1435 42
1436 31
1437 43
1438 41
1439 42
1440 29
1441 33
1442 30
1443 36
1444 33
1445 28
1446 48
1447 36
1448 39
1449 43
1450 46
1451 38
1452 37
1453 38
1454 48
1455 20
1456 38
1457 27
1458 43
1459 25
1460 51
1461 40
1462 40
1463 34
1464 37
1465 38
1466 35
1467 28
1468 34
1469 41
1470 34
1471 39
1472 32
1473 29
1474 42
1475 41
1476 38
1477 39
1478 37
1479 38
1480 30
1481 32
1482 28
1483 35
1484 36
1485 32
1486 35
1487 29
1488 34
1489 40
1490 32
1491 21
1492 34
1493 39
1494 36
1495 34
1496 31
1497 28
1498 26
1499 18
1500 27
1501 23
1502 26
1503 24
1504 22
1505 28
1506 22
1507 23
1508 28
1509 21
1510 21
1511 23
1512 21
1513 33
1514 18
1515 17
1516 13
1517 25
1518 21
1519 14
1520 24
1521 17
1522 15
1523 15
1524 10
1525 11
1526 10
1527 12
1528 13
1529 17
1530 12
1531 9
1532 16
1533 15
1534 15
1535 12
1536 11
1537 8
1538 10
1539 10
1540 10
1541 9
1542 9
1543 11
1544 10
1545 8
1546 9
1547 5
1548 10
1549 6
1550 8
1551 7
1552 10
1553 10
1554 10
1555 7
1556 9
1557 4
1558 7
1559 6
1560 9
1561 11
1562 5
1563 4
1564 4
1565 11
1566 7
1567 4
1568 11
1569 4
1570 9
1571 8
1572 11
1573 9
1574 8
1575 11
1576 5
1577 6
1578 9
1579 5
1580 6
1581 6
1582 12
1583 6
1584 11
1585 6
1586 7
1587 5
1588 8
1589 9
1590 13
1591 8
1592 10
1593 7
1594 10
1595 10
1596 7
1597 7
1598 6
1599 12
1600 11
1601 4
1602 2
1603 13
1604 7
1605 16
1606 8
1607 10
1608 10
1609 5
1610 4
1611 9
1612 9
1613 12
1614 11
1615 19
1616 14
1617 9
1618 6
1619 9
1620 7
1621 9
1622 13
1623 12
1624 12
1625 9
1626 9
1627 9
1628 17
1629 6
1630 10
1631 10
1632 5
1633 5
1634 6
1635 8
1636 10
1637 8
1638 12
1639 9
1640 9
1641 5
1642 10
1643 9
1644 7
1645 5
1646 7
1647 6
1648 7
1649 9
1650 3
1651 3
1652 7
1653 7
1654 8
1655 3
1656 13
1657 1
1658 6
1659 4
1660 4
1661 4
1662 5
1663 2
1664 5
1665 2
1666 5
1667 3
1668 3
1669 3
1670 5
1671 0
1672 3
1673 2
1674 4
1675 3
1676 2
1677 4
1678 2
1679 2
1680 3
1681 3
1682 2
1683 0
1684 1
1685 5
1686 0
1687 3
1688 1
1689 0
1690 2
1691 2
1692 2
1693 1
1694 3
1695 2
1696 0
1697 2
1698 3
1699 1
1700 1
1701 1
1702 0
1703 1
1704 1
1705 3
1706 0
1707 0
1708 0
1709 2
1710 0
1711 3
1712 1
1713 0
1714 1
1715 0
1716 2
1717 0
1718 0
1719 0
1720 1
1721 0
1722 0
1723 0
1724 0
1725 0
1726 0
1727 0
1728 0
1729 0
1730 1
1731 1
1732 0
1733 1
1734 0
1735 2
1736 1
1737 0
1738 1
1739 1
1740 0
1741 0
1742 0
1743 3
1744 0
1745 0
1746 0
1747 1
1748 1
1749 1
1750 1
1751 0
1752 0
1753 0
1754 0
1755 1
1756 0
1757 0
1758 0
1759 0
1760 0
1761 2
1762 0
1763 2
1764 0
1765 0
1766 0
1767 1
1768 3
1769 0
1770 0
1771 0
1772 1
1773 0
1774 0
1775 0
1776 0
1777 1
1778 0
1779 0
1780 0
1781 0
1782 0
1783 1
1784 0
1785 0
1786 0
1787 0
1788 0
1789 0
1790 1
1791 2
1792 0
1793 0
1794 1
1795 0
1796 0
1797 0
1798 1
1799 2
1800 0
1801 0
1802 0
1803 2
1804 0
1805 1
1806 1
1807 1
1808 1
1809 1
1810 0
1811 0
1812 0
1813 0
1814 0
1815 0
1816 0
1817 0
1818 1
1819 0
1820 0
1821 1
1822 0
1823 0
1824 1
1825 0
1826 2
1827 0
1828 1
1829 0
1830 0
1831 0
1832 2
1833 0
1834 0
1835 1
1836 1
1837 0
1838 1
1839 1
1840 0
1841 0
1842 0
1843 0
1844 1
1845 1
1846 1
1847 0
1848 1
1849 0
1850 1
1851 0
1852 1
1853 1
1854 0
1855 0
1856 0
1857 0
1858 0
1859 0
1860 0
1861 0
1862 1
1863 0
1864 1
1865 1
1866 1
1867 1
1868 2
1869 0
1870 0
1871 0
1872 0
1873 0
1874 1
1875 0
1876 0
1877 0
1878 1
1879 1
1880 0
1881 0
1882 0
1883 0
1884 0
1885 0
1886 1
1887 0
1888 0
1889 2
1890 0
1891 1
1892 0
1893 0
1894 0
1895 1
1896 1
1897 1
1898 0
1899 1
1900 0
1901 1
1902 0
1903 1
1904 0
1905 0
1906 0
1907 0
1908 1
1909 0
1910 0
1911 0
1912 2
1913 0
1914 0
1915 0
1916 0
1917 0
1918 1
1919 0
1920 0
1921 1
1922 1
1923 0
1924 0
1925 1
1926 0
1927 0
1928 0
1929 1
1930 0
1931 3
1932 0
1933 0
1934 1
1935 0
1936 0
1937 0
1938 0
1939 0
1940 0
1941 0
1942 0
1943 0
1944 1
1945 1
1946 0
1947 1
1948 2
1949 0
1950 1
1951 0
1952 0
1953 0
1954 0
1955 0
1956 0
1957 0
1958 0
1959 0
1960 0
1961 0
1962 0
1963 1
1964 0
1965 0
1966 1
1967 0
1968 0
1969 0
1970 0
1971 0
1972 0
1973 0
1974 0
1975 0
1976 1
1977 1
1978 0
1979 1
1980 0
1981 0
1982 0
1983 1
1984 0
1985 0
1986 1
1987 2
1988 0
1989 1
1990 1
1991 0
1992 2
1993 0
1994 0
1995 1
1996 1
1997 0
1998 0
1999 0
2000 0
2001 0
2002 0
2003 0
2004 2
2005 0
2006 0
2007 1
2008 0
2009 0
2010 0
2011 0
2012 0
2013 0
2014 0
2015 0
2016 0
2017 1
2018 0
2019 1
2020 1
2021 0
2022 0
2023 0
2024 0
2025 1
2026 1
2027 0
2028 0
2029 0
2030 0
2031 0
2032 0
2033 0
2034 0
2035 0
2036 0
2037 0
2038 0
2039 0
2040 0
2041 0
2042 0
2043 0
2044 0
2045 0
2046 0
2047 0
