# Dead time factor = 1.00000
0 0
1 0
2 0
3 0
4 0
5 0
6 0
7 0
8 0
9 0
10 0
11 0
12 0
13 0
14 0
15 0
16 0
17 0
18 0
19 0
20 2
21 10
22 10
23 14
24 11
25 15
26 12
27 9
28 18
29 16
30 17
31 15
32 25
33 26
34 22
35 25
36 23
37 25
38 28
39 21
40 31
41 21
42 24
43 23
44 27
45 36
46 28
47 76
48 81
49 104
50 147
51 127
52 123
53 111
54 95
55 58
56 41
57 30
58 26
59 34
60 18
61 13
62 17
63 11
64 10
65 12
66 11
67 16
68 8
69 8
70 9
71 8
72 9
73 9
74 11
75 13
76 5
77 11
78 7
79 13
80 10
81 8
82 7
83 11
84 13
85 10
86 17
87 6
88 12
89 14
90 12
91 14
92 12
93 6
94 11
95 11
96 16
97 8
98 10
99 12
100 9
101 5
102 3
103 10
104 7
105 5
106 6
107 6
108 5
109 5
110 5
111 10
112 3
113 2
114 4
115 2
116 4
117 3
118 2
119 5
120 3
121 6
122 8
123 6
124 9
125 5
126 4
127 8
128 11
129 7
130 6
131 8
132 3
133 6
134 4
135 6
136 5
137 4
138 7
139 1
140 4
141 6
142 3
143 3
144 4
145 5
146 4
147 3
148 6
149 3
150 4
151 7
152 5
153 5
154 10
155 9
156 2
157 6
158 5
159 4
160 5
161 7
162 5
163 6
164 8
165 6
166 14
167 10
168 13
169 7
170 9
171 13
172 6
173 10
174 7
175 2
176 16
177 8
178 8
179 4
180 8
181 6
182 6
183 4
184 7
185 7
186 6
187 4
188 6
189 3
190 3
191 3
192 7
193 5
194 0
195 1
196 5
197 6
198 5
199 2
200 7
201 2
202 6
203 3
204 5
205 4
206 0
207 2
208 3
209 6
210 4
211 8
212 0
213 4
214 8
215 8
216 2
217 5
218 2
219 4
220 2
221 7
222 9
223 4
224 4
225 7
226 3
227 6
228 4
229 7
230 1
231 4
232 3
233 4
234 3
235 6
236 0
237 6
238 3
239 4
240 1
241 5
242 4
243 3
244 2
245 1
246 2
247 1
248 3
249 2
250 2
251 5
252 3
253 3
254 3
255 2
256 3
257 3
258 2
259 4
260 5
261 4
262 2
263 0
264 1
265 2
266 1
267 5
268 0
269 4
270 2
271 3
272 3
273 2
274 4
275 3
276 0
277 1
278 2
279 3
280 1
281 3
282 9
283 2
284 2
285 3
286 2
287 6
288 4
289 5
290 1
291 4
292 5
293 4
294 5
295 4
296 1
297 1
298 6
299 3
300 2
301 1
302 3
303 8
304 2
305 2
306 3
307 2
308 4
309 2
310 3
311 0
312 2
313 5
314 1
315 1
316 2
317 3
318 2
319 2
320 4
321 2
322 3
323 2
324 1
325 8
326 2
327 3
328 2
329 1
330 2
331 1
332 4
333 3
334 5
335 6
336 0
337 2
338 2
339 5
340 1
341 1
342 7
343 6
344 3
345 4
346 4
347 9
348 3
349 5
350 7
351 1
352 4
353 3
354 3
355 7
356 4
357 5
358 5
359 5
360 0
361 1
362 3
363 6
364 1
365 0
366 4
367 2
368 1
369 3
370 4
371 2
372 1
373 1
374 1
375 3
376 2
377 4
378 3
379 2
380 1
381 3
382 0
383 1
384 1
385 1
386 1
387 4
388 2
389 1
390 3
391 2
392 2
393 1
394 4
395 2
396 3
397 2
398 4
399 2
400 2
401 5
402 4
403 1
404 2
405 2
406 2
407 1
408 1
409 2
410 7
411 2
412 1
413 1
414 4
415 3
416 1
417 3
418 1
419 4
420 4
421 0
422 2
423 4
424 1
425 2
426 0
427 2
428 3
429 4
430 2
431 0
432 1
433 3
434 2
435 4
436 3
437 4
438 3
439 4
440 1
441 2
442 4
443 2
444 1
445 2
446 5
447 0
448 4
449 1
450 3
451 1
452 1
453 1
454 2
455 1
456 3
457 1
458 2
459 1
460 2
461 2
462 1
463 2
464 2
465 1
466 4
467 2
468 3
469 2
470 3
471 1
472 4
473 1
474 2
475 1
476 2
477 2
478 4
479 4
480 4
481 3
482 4
483 3
484 4
485 1
486 2
487 4
488 3
489 1
490 2
491 4
492 0
493 2
494 1
495 1
496 0
497 4
498 2
499 4
500 0
501 3
502 3
503 2
504 5
505 4
506 3
507 2
508 1
509 1
510 1
511 2
512 3
513 4
514 1
515 1
516 0
517 1
518 4
519 6
520 2
521 2
522 4
523 5
524 2
525 4
526 1
527 2
528 3
529 2
530 2
531 2
532 2
533 2
534 4
535 1
536 0
537 1
538 1
539 1
540 2
541 2
542 4
543 2
544 2
545 3
546 0
547 3
548 4
549 3
550 4
551 1
552 4
553 1
554 2
555 3
556 1
557 3
558 1
559 1
560 4
561 4
562 1
563 4
564 2
565 3
566 3
567 1
568 2
569 2
570 1
571 1
572 3
573 3
574 2
575 3
576 1
577 4
578 1
579 3
580 4
581 3
582 2
583 2
584 3
585 2
586 4
587 3
588 3
589 2
590 1
591 4
592 2
593 2
594 2
595 2
596 1
597 0
598 3
599 2
600 3
601 5
602 5
603 2
604 4
605 2
606 2
607 3
608 0
609 5
610 1
611 1
612 3
613 2
614 1
615 2
616 2
617 1
618 2
619 2
620 2
621 1
622 3
623 1
624 5
625 0
626 1
627 4
628 3
629 1
630 0
631 3
632 2
633 2
634 2
635 3
636 1
637 2
638 1
639 0
640 2
641 0
642 0
643 3
644 2
645 0
646 2
647 2
648 3
649 0
650 6
651 3
652 2
653 3
654 5
655 3
656 2
657 3
658 8
659 2
660 1
661 1
662 2
663 0
664 2
665 3
666 3
667 1
668 2
669 3
670 1
671 2
672 3
673 0
674 1
675 4
676 2
677 0
678 2
679 2
680 2
681 2
682 3
683 2
684 1
685 4
686 2
687 0
688 3
689 2
690 1
691 1
692 1
693 5
694 2
695 2
696 4
697 5
698 2
699 2
700 0
701 4
702 2
703 3
704 3
705 2
706 1
707 6
708 3
709 3
710 1
711 0
712 4
713 3
714 6
715 3
716 0
717 5
718 3
719 5
720 2
721 4
722 2
723 2
724 1
725 4
726 0
727 1
728 1
729 1
730 3
731 1
732 3
733 2
734 2
735 2
736 5
737 0
738 1
739 1
740 4
741 5
742 7
743 3
744 0
745 2
746 3
747 2
748 1
749 3
750 1
751 2
752 0
753 1
754 3
755 4
756 1
757 4
758 2
759 1
760 0
761 2
762 0
763 2
764 3
765 2
766 1
767 5
768 3
769 0
770 2
771 2
772 4
773 2
774 2
775 0
776 2
777 2
778 6
779 1
780 0
781 4
782 4
783 4
784 7
785 0
786 2
787 2
788 2
789 3
790 3
791 3
792 5
793 2
794 2
795 3
796 0
797 6
798 1
799 3
800 0
801 2
802 3
803 4
804 1
805 6
806 3
807 2
808 3
809 4
810 5
811 1
812 4
813 3
814 3
815 2
816 2
817 2
818 3
819 1
820 3
821 4
822 2
823 0
824 1
825 3
826 0
827 2
828 2
829 0
830 3
831 3
832 3
833 0
834 0
835 2
836 3
837 2
838 4
839 2
840 5
841 3
842 5
843 4
844 1
845 4
846 2
847 2
848 0
849 0
850 3
851 4
852 7
853 2
854 2
855 3
856 1
857 3
858 3
859 1
860 3
861 2
862 1
863 3
864 1
865 4
866 4
867 3
868 2
869 5
870 1
871 3
872 3
873 1
874 1
875 1
876 3
877 1
878 3
879 1
880 3
881 0
882 2
883 2
884 1
885 0
886 3
887 3
888 4
889 3
890 5
891 1
892 0
893 7
894 5
895 1
896 2
897 2
898 1
899 1
900 2
901 3
902 3
903 0
904 1
905 0
906 1
907 3
908 5
909 2
910 4
911 2
912 5
913 2
914 2
915 4
916 2
917 2
918 4
919 5
920 4
921 1
922 4
923 3
924 4
925 5
926 1
927 1
928 4
929 2
930 1
931 1
932 4
933 1
934 4
935 2
936 3
937 2
938 2
939 0
940 2
941 1
942 2
943 4
944 2
945 2
946 4
947 5
948 1
949 2
950 6
951 2
952 1
953 3
954 5
955 4
956 2
957 5
958 1
959 8
960 1
961 5
962 1
963 1
964 1
965 7
966 3
967 1
968 2
969 2
970 2
971 1
972 2
973 5
974 0
975 4
976 2
977 2
978 1
979 4
980 4
981 1
982 4
983 3
984 5
985 1
986 2
987 2
988 5
989 0
990 6
991 7
992 2
993 1
994 3
995 1
996 5
997 3
998 3
999 4
1000 4
1001 2
1002 1
1003 4
1004 0
1005 3
1006 6
1007 3
1008 1
1009 1
1010 0
1011 6
1012 6
1013 1
1014 3
1015 3
1016 0
1017 3
1018 1
1019 4
1020 5
1021 0
1022 5
1023 2
1024 3
1025 2
1026 3
1027 4
1028 4
1029 3
1030 4
1031 7
1032 3
1033 2
1034 0
1035 2
1036 3
1037 3
1038 1
1039 2
1040 7
1041 3
1042 3
1043 2
1044 3
1045 1
1046 0
1047 4
1048 4
1049 1
1050 6
1051 7
1052 4
1053 3
1054 5
1055 4
1056 3
1057 2
1058 7
1059 3
1060 1
1061 2
1062 3
1063 4
1064 5
1065 10
1066 2
1067 5
1068 4
1069 3
1070 4
1071 6
1072 1
1073 7
1074 3
1075 7
1076 7
1077 6
1078 4
1079 4
1080 2
1081 5
1082 2
1083 5
1084 3
1085 6
1086 3
1087 3
1088 3
1089 3
1090 5
1091 3
1092 7
1093 3
1094 4
1095 8
1096 6
1097 4
1098 4
1099 4
1100 4
1101 4
1102 4
1103 5
1104 4
1105 7
1106 8
1107 8
1108 3
1109 9
1110 2
1111 5
1112 2
1113 3
1114 3
1115 5
1116 7
1117 9
1118 4
1119 4
1120 10
1121 5
1122 4
1123 7
1124 6
1125 4
1126 2
1127 1
1128 5
1129 4
1130 4
1131 7
1132 8
1133 7
1134 7
1135 7
1136 7
1137 3
1138 3
1139 6
1140 3
1141 4
1142 2
1143 8
1144 9
1145 4
1146 9
1147 3
1148 2
1149 9
1150 5
1151 3
1152 7
1153 7
1154 11
1155 5
1156 3
1157 7
1158 2
1159 7
1160 7
1161 4
1162 2
1163 5
1164 6
1165 7
1166 5
1167 4
1168 9
1169 4
1170 3
1171 5
1172 6
1173 7
1174 7
1175 4
1176 2
1177 6
1178 5
1179 4
1180 8
1181 4
1182 5
1183 3
1184 7
1185 5
1186 2
1187 8
1188 7
1189 7
1190 3
1191 3
1192 7
1193 6
1194 9
1195 10
1196 3
1197 5
1198 5
1199 7
1200 2
1201 7
1202 2
1203 4
1204 7
1205 8
1206 2
1207 10
1208 2
1209 5
1210 3
1211 3
1212 8
1213 7
1214 6
1215 3
1216 5
1217 9
1218 2
1219 4
1220 4
1221 4
1222 3
1223 6
1224 8
1225 7
1226 6
1227 10
1228 9
1229 7
1230 8
1231 4
1232 3
1233 6
1234 6
1235 11
1236 4
1237 3
1238 1
1239 3
1240 5
1241 9
1242 9
1243 8
1244 10
1245 5
1246 11
1247 7
1248 5
1249 9
1250 3
1251 5
1252 10
1253 8
1254 7
1255 8
1256 8
1257 7
1258 8
1259 6
1260 6
1261 4
1262 6
1263 7
1264 7
1265 8
1266 6
1267 9
1268 11
1269 9
1270 7
1271 8
1272 8
1273 12
1274 9
1275 8
1276 2
1277 9
1278 8
1279 10
1280 10
1281 13
1282 12
1283 10
1284 7
1285 8
1286 7
1287 11
1288 7
1289 10
1290 9
1291 5
1292 10
1293 8
1294 6
1295 4
1296 13
1297 5
1298 7
1299 16
1300 7
1301 8
1302 6
1303 11
1304 11
1305 8
1306 7
1307 10
1308 4
1309 7
1310 1
1311 11
1312 4
1313 8
1314 5
1315 11
1316 8
1317 5
1318 15
1319 5
1320 5
1321 9
1322 7
1323 12
1324 12
1325 14
1326 12
1327 6
1328 10
1329 8
1330 11
1331 6
1332 6
1333 5
1334 7
1335 10
1336 7
1337 11
1338 8
1339 9
1340 1
1341 10
1342 4
1343 3
1344 7
1345 7
1346 11
1347 11
1348 4
1349 4
1350 4
1351 5
1352 5
1353 4
1354 6
1355 6
1356 11
1357 7
1358 5
1359 4
1360 5
1361 8
1362 3
1363 4
1364 6
1365 5
1366 3
1367 5
1368 6
1369 9
1370 7
1371 6
1372 4
1373 4
1374 3
1375 7
1376 2
1377 5
1378 4
1379 9
1380 3
1381 5
1382 5
1383 3
1384 6
1385 6
1386 6
1387 6
1388 5
1389 4
1390 5
1391 3
1392 3
1393 4
1394 4
1395 6
1396 2
1397 2
1398 2
1399 8
1400 11
1401 2
1402 5
1403 7
1404 6
1405 5
1406 3
1407 8
1408 9
1409 13
1410 5
1411 6
1412 2
1413 6
1414 7
1415 7
1416 5
1417 6
1418 6
1419 12
1420 10
1421 8
1422 5
1423 6
1424 6
1425 7
1426 5
1427 10
1428 7
1429 15
1430 4
1431 15
1432 4
1433 8
1434 14
1435 9
1436 7
1437 9
1438 9
1439 8
1440 9
1441 3
1442 5
1443 8
1444 11
1445 5
1446 12
1447 9
1448 8
1449 7
1450 9
1451 12
1452 12
1453 14
1454 6
1455 12
1456 10
1457 7
1458 13
1459 9
1460 3
1461 6
1462 8
1463 3
1464 7
1465 6
1466 11
1467 10
1468 8
1469 5
1470 14
1471 5
1472 9
1473 6
1474 9
1475 10
1476 5
1477 12
1478 7
1479 7
1480 8
1481 5
1482 4
1483 11
1484 10
1485 10
1486 6
1487 4
1488 7
1489 14
1490 8
1491 6
1492 9
1493 4
1494 6
1495 10
1496 5
1497 9
1498 12
1499 3
1500 11
1501 3
1502 6
1503 5
1504 6
1505 3
1506 8
1507 4
1508 5
1509 6
1510 6
1511 9
1512 3
1513 2
1514 5
1515 3
1516 5
1517 2
1518 6
1519 4
1520 2
1521 0
1522 7
1523 1
1524 1
1525 1
1526 3
1527 2
1528 3
1529 3
1530 2
1531 2
1532 3
1533 3
1534 1
1535 1
1536 2
1537 1
1538 1
1539 4
1540 2
1541 0
1542 3
1543 2
1544 3
1545 1
1546 5
1547 0
1548 0
1549 4
1550 2
1551 1
1552 2
1553 1
1554 0
1555 1
1556 0
1557 1
1558 1
1559 2
1560 0
1561 1
1562 0
1563 0
1564 1
1565 0
1566 0
1567 1
1568 0
1569 1
1570 1
1571 2
1572 2
1573 2
1574 1
1575 0
1576 2
1577 2
1578 3
1579 2
1580 3
1581 1
1582 1
1583 2
1584 1
1585 1
1586 3
1587 0
1588 3
1589 0
1590 3
1591 0
1592 5
1593 2
1594 1
1595 1
1596 0
1597 2
1598 0
1599 2
1600 1
1601 0
1602 4
1603 2
1604 4
1605 3
1606 1
1607 1
1608 3
1609 4
1610 0
1611 2
1612 1
1613 1
1614 1
1615 4
1616 5
1617 3
1618 2
1619 4
1620 4
1621 0
1622 1
1623 2
1624 1
1625 2
1626 3
1627 1
1628 2
1629 3
1630 3
1631 2
1632 1
1633 1
1634 0
1635 1
1636 0
1637 4
1638 2
1639 0
1640 3
1641 5
1642 4
1643 1
1644 1
1645 1
1646 0
1647 3
1648 2
1649 2
1650 2
1651 0
1652 2
1653 3
1654 1
1655 6
1656 3
1657 2
1658 1
1659 1
1660 1
1661 2
1662 1
1663 4
1664 1
1665 1
1666 0
1667 0
1668 0
1669 1
1670 2
1671 2
1672 1
1673 0
1674 1
1675 3
1676 1
1677 0
1678 0
1679 0
1680 1
1681 0
1682 0
1683 0
1684 1
1685 0
1686 0
1687 0
1688 2
1689 1
1690 0
1691 0
1692 0
1693 0
1694 0
1695 0
1696 1
1697 0
1698 0
1699 0
1700 0
1701 0
1702 1
1703 0
1704 0
1705 0
1706 0
1707 0
1708 2
1709 0
1710 2
1711 0
1712 0
1713 0
1714 0
1715 0
1716 0
1717 1
1718 0
1719 0
1720 0
1721 0
1722 0
1723 0
1724 0
1725 0
1726 0
1727 1
1728 1
1729 0
1730 1
1731 0
1732 0
1733 0
1734 0
1735 0
1736 0
1737 0
1738 0
1739 0
1740 0
1741 0
1742 0
1743 0
1744 0
1745 1
1746 0
1747 0
1748 1
1749 0
1750 0
1751 0
1752 1
1753 0
1754 0
1755 1
1756 0
1757 0
1758 0
1759 0
1760 0
1761 0
1762 0
1763 0
1764 0
1765 0
1766 1
1767 0
1768 0
1769 0
1770 0
1771 0
1772 0
1773 0
1774 0
1775 0
1776 0
1777 0
1778 0
1779 0
1780 1
1781 0
1782 0
1783 0
1784 1
1785 0
1786 0
1787 0
1788 0
1789 0
1790 0
1791 0
1792 0
1793 0
1794 0
1795 0
1796 0
1797 0
1798 0
1799 0
1800 0
1801 0
1802 0
1803 0
1804 0
1805 0
1806 0
1807 0
1808 0
1809 0
1810 0
1811 1
1812 0
1813 0
1814 0
1815 0
1816 0
1817 0
1818 0
1819 0
1820 0
1821 0
1822 0
1823 0
1824 0
1825 0
1826 0
1827 2
1828 0
1829 0
1830 0
1831 1
1832 0
1833 0
1834 0
1835 0
1836 0
1837 1
1838 0
1839 0
1840 0
1841 0
1842 0
1843 0
1844 0
1845 0
1846 0
1847 0
1848 0
1849 1
1850 0
1851 0
1852 0
1853 0
1854 2
1855 2
1856 0
1857 0
1858 0
1859 1
1860 1
1861 0
1862 0
1863 0
1864 0
1865 0
1866 0
1867 0
1868 1
1869 0
1870 0
1871 0
1872 1
1873 0
1874 0
1875 0
1876 0
1877 0
1878 0
1879 0
1880 0
1881 0
1882 0
1883 0
1884 0
1885 0
1886 0
1887 0
1888 0
1889 0
1890 0
1891 2
1892 0
1893 1
1894 0
1895 1
1896 0
1897 0
1898 0
1899 0
1900 0
1901 1
1902 0
1903 0
1904 0
1905 0
1906 0
1907 0
1908 1
1909 0
1910 0
1911 0
1912 0
1913 0
1914 0
1915 0
1916 0
1917 0
1918 0
1919 0
1920 1
1921 0
1922 0
1923 0
1924 0
1925 0
1926 0
1927 0
1928 1
1929 0
1930 0
1931 0
1932 0
1933 0
1934 0
1935 0
1936 0
1937 0
1938 0
1939 0
1940 0
1941 0
1942 1
1943 0
1944 0
1945 0
1946 0
1947 1
1948 0
1949 1
1950 0
1951 0
1952 0
1953 0
1954 0
1955 0
1956 0
1957 0
1958 0
1959 0
1960 0
1961 0
1962 0
1963 0
1964 0
1965 0
1966 2
1967 0
1968 0
1969 0
1970 2
1971 0
1972 0
1973 0
1974 0
1975 1
1976 0
1977 0
1978 0
1979 0
1980 1
1981 0
1982 0
1983 0
1984 0
1985 0
1986 1
1987 0
1988 0
1989 0
1990 0
1991 0
1992 1
1993 0
1994 1
1995 0
1996 1
1997 0
1998 0
1999 0
2000 0
2001 1
2002 0
2003 1
2004 0
2005 0
2006 0
2007 0
2008 0
2009 1
2010 1
2011 0
2012 0
2013 0
2014 3
2015 0
2016 0
2017 0
2018 0
2019 0
2020 0
2021 0
2022 0
2023 1
2024 0
2025 0
2026 0
2027 0
2028 1
2029 0
2030 0
2031 0
2032 0
2033 0
2034 0
2035 0
2036 0
2037 0
2038 0
2039 0
2040 0
2041 0
2042 0
2043 0
2044 0
2045 0
2046 0
2047 0
