# Dead time factor = 1.00000
0 0
1 0
2 0
3 0
4 0
5 0
6 0
7 0
8 0
9 0
10 0
11 0
12 0
13 0
14 0
15 0
16 0
17 0
18 0
19 0
20 0
21 13
22 25
23 15
24 14
25 15
26 14
27 15
28 14
29 22
30 22
31 19
32 26
33 23
34 27
35 27
36 31
37 32
38 28
39 31
40 30
41 43
42 34
43 35
44 30
45 34
46 52
47 66
48 101
49 119
50 140
51 164
52 121
53 116
54 107
55 69
56 56
57 47
58 35
59 20
60 25
61 15
62 13
63 15
64 18
65 11
66 14
67 20
68 15
69 10
70 16
71 13
72 12
73 13
74 13
75 9
76 11
77 14
78 12
79 26
80 14
81 12
82 18
83 22
84 14
85 17
86 24
87 18
88 14
89 14
90 17
91 18
92 15
93 9
94 12
95 6
96 15
97 20
98 17
99 13
100 14
101 9
102 9
103 19
104 10
105 10
106 11
107 12
108 21
109 7
110 8
111 10
112 13
113 10
114 8
115 7
116 11
117 4
118 6
119 10
120 15
121 12
122 9
123 6
124 8
125 7
126 6
127 6
128 5
129 11
130 7
131 6
132 10
133 9
134 6
135 6
136 12
137 12
138 10
139 9
140 7
141 7
142 7
143 6
144 8
145 7
146 8
147 8
148 6
149 8
150 13
151 6
152 9
153 3
154 6
155 4
156 7
157 8
158 13
159 5
160 3
161 9
162 9
163 11
164 14
165 16
166 10
167 11
168 12
169 13
170 15
171 15
172 15
173 21
174 10
175 11
176 13
177 13
178 10
179 9
180 9
181 11
182 9
183 13
184 10
185 8
186 7
187 9
188 7
189 6
190 4
191 9
192 8
193 8
194 9
195 3
196 9
197 4
198 4
199 7
200 3
201 7
202 2
203 4
204 2
205 5
206 4
207 11
208 4
209 3
210 6
211 7
212 6
213 9
214 6
215 9
216 4
217 6
218 15
219 7
220 8
221 2
222 3
223 6
224 7
225 5
226 9
227 7
228 15
229 5
230 9
231 3
232 6
233 11
234 8
235 7
236 8
237 12
238 5
239 3
240 9
241 8
242 4
243 8
244 7
245 5
246 3
247 6
248 7
249 4
250 4
251 6
252 6
253 3
254 7
255 8
256 4
257 7
258 7
259 2
260 1
261 2
262 4
263 4
264 3
265 5
266 3
267 6
268 8
269 3
270 5
271 6
272 10
273 3
274 6
275 4
276 3
277 4
278 4
279 5
280 6
281 3
282 6
283 7
284 10
285 5
286 8
287 3
288 4
289 4
290 3
291 2
292 8
293 10
294 5
295 3
296 4
297 5
298 5
299 6
300 5
301 3
302 7
303 4
304 3
305 3
306 8
307 0
308 7
309 6
310 1
311 5
312 3
313 3
314 5
315 3
316 7
317 3
318 6
319 5
320 6
321 5
322 1
323 6
324 9
325 6
326 8
327 4
328 3
329 2
330 6
331 3
332 1
333 5
334 7
335 5
336 3
337 5
338 3
339 6
340 7
341 5
342 9
343 7
344 6
345 7
346 6
347 5
348 4
349 1
350 10
351 8
352 5
353 3
354 7
355 7
356 4
357 8
358 9
359 7
360 3
361 7
362 5
363 4
364 8
365 5
366 8
367 3
368 5
369 4
370 9
371 7
372 4
373 3
374 6
375 6
376 4
377 5
378 4
379 6
380 4
381 6
382 5
383 4
384 9
385 2
386 1
387 3
388 9
389 3
390 3
391 4
392 6
393 2
394 5
395 7
396 5
397 0
398 3
399 7
400 5
401 5
402 6
403 1
404 2
405 3
406 3
407 5
408 3
409 3
410 3
411 5
412 6
413 1
414 2
415 4
416 3
417 5
418 4
419 3
420 1
421 5
422 5
423 5
424 6
425 6
426 5
427 2
428 3
429 3
430 7
431 3
432 3
433 5
434 5
435 7
436 2
437 3
438 2
439 3
440 2
441 3
442 5
443 4
444 5
445 2
446 0
447 7
448 3
449 5
450 4
451 4
452 5
453 4
454 1
455 3
456 2
457 6
458 5
459 3
460 4
461 6
462 6
463 5
464 4
465 2
466 5
467 6
468 3
469 1
470 2
471 5
472 3
473 3
474 8
475 4
476 4
477 3
478 3
479 1
480 4
481 1
482 1
483 2
484 4
485 1
486 1
487 2
488 5
489 5
490 3
491 9
492 6
493 5
494 7
495 7
496 6
497 2
498 3
499 5
500 4
501 4
502 5
503 2
504 6
505 5
506 10
507 4
508 6
509 4
510 4
511 5
512 3
513 3
514 6
515 4
516 5
517 3
518 4
519 2
520 1
521 1
522 2
523 4
524 1
525 6
526 1
527 3
528 2
529 4
530 4
531 2
532 5
533 5
534 3
535 4
536 6
537 3
538 5
539 2
540 3
541 4
542 5
543 5
544 4
545 6
546 4
547 5
548 5
549 3
550 2
551 4
552 0
553 2
554 5
555 5
556 4
557 3
558 5
559 0
560 6
561 7
562 1
563 4
564 7
565 2
566 4
567 3
568 4
569 1
570 8
571 4
572 4
573 2
574 5
575 3
576 9
577 3
578 6
579 4
580 2
581 4
582 3
583 5
584 1
585 1
586 3
587 6
588 9
589 1
590 3
591 6
592 3
593 3
594 3
595 5
596 2
597 6
598 5
599 2
600 6
601 3
602 6
603 4
604 3
605 6
606 3
607 2
608 4
609 3
610 3
611 2
612 2
613 2
614 1
615 7
616 1
617 3
618 1
619 5
620 1
621 3
622 3
623 3
624 8
625 3
626 6
627 4
628 3
629 5
630 3
631 5
632 4
633 1
634 5
635 2
636 6
637 5
638 2
639 2
640 3
641 2
642 4
643 4
644 4
645 3
646 3
647 6
648 3
649 7
650 3
651 5
652 4
653 4
654 4
655 4
656 4
657 7
658 1
659 2
660 2
661 5
662 3
663 2
664 4
665 3
666 4
667 7
668 4
669 3
670 6
671 3
672 3
673 6
674 5
675 6
676 5
677 3
678 2
679 3
680 1
681 3
682 4
683 5
684 6
685 3
686 3
687 2
688 3
689 5
690 4
691 5
692 5
693 1
694 1
695 5
696 1
697 5
698 2
699 5
700 4
701 5
702 1
703 1
704 3
705 3
706 3
707 6
708 1
709 5
710 3
711 7
712 1
713 7
714 3
715 3
716 4
717 3
718 6
719 5
720 4
721 5
722 4
723 3
724 1
725 3
726 3
727 5
728 4
729 2
730 7
731 4
732 6
733 2
734 4
735 3
736 6
737 3
738 3
739 4
740 7
741 4
742 6
743 3
744 3
745 8
746 3
747 6
748 7
749 6
750 1
751 4
752 3
753 6
754 1
755 6
756 3
757 3
758 1
759 5
760 0
761 4
762 5
763 8
764 1
765 3
766 7
767 3
768 4
769 3
770 5
771 4
772 2
773 5
774 5
775 0
776 3
777 2
778 3
779 2
780 3
781 5
782 3
783 5
784 1
785 7
786 3
787 6
788 3
789 4
790 3
791 5
792 3
793 6
794 2
795 7
796 2
797 4
798 4
799 6
800 7
801 4
802 2
803 3
804 6
805 7
806 6
807 3
808 6
809 8
810 0
811 2
812 4
813 1
814 3
815 5
816 3
817 5
818 4
819 5
820 4
821 4
822 5
823 3
824 4
825 5
826 3
827 4
828 6
829 1
830 1
831 1
832 6
833 5
834 4
835 5
836 0
837 2
838 2
839 5
840 5
841 4
842 2
843 1
844 3
845 6
846 0
847 4
848 1
849 5
850 7
851 4
852 7
853 7
854 5
855 7
856 3
857 6
858 8
859 6
860 8
861 3
862 6
863 5
864 3
865 4
866 5
867 5
868 3
869 3
870 4
871 7
872 5
873 6
874 2
875 3
876 3
877 3
878 5
879 1
880 3
881 4
882 5
883 5
884 4
885 5
886 4
887 5
888 6
889 6
890 2
891 5
892 1
893 7
894 4
895 4
896 2
897 3
898 4
899 7
900 9
901 8
902 9
903 4
904 3
905 8
906 4
907 8
908 3
909 2
910 5
911 4
912 6
913 5
914 7
915 4
916 6
917 4
918 6
919 2
920 4
921 2
922 5
923 7
924 1
925 9
926 4
927 5
928 4
929 7
930 9
931 9
932 4
933 3
934 4
935 3
936 5
937 5
938 3
939 4
940 7
941 1
942 3
943 6
944 4
945 3
946 9
947 7
948 6
949 7
950 9
951 2
952 7
953 5
954 7
955 3
956 5
957 6
958 4
959 3
960 6
961 9
962 1
963 3
964 3
965 4
966 2
967 4
968 5
969 3
970 1
971 3
972 8
973 7
974 4
975 3
976 5
977 3
978 10
979 3
980 11
981 3
982 7
983 2
984 5
985 5
986 7
987 3
988 5
989 6
990 4
991 7
992 5
993 3
994 2
995 6
996 3
997 4
998 3
999 6
1000 6
1001 3
1002 9
1003 3
1004 12
1005 3
1006 4
1007 6
1008 2
1009 11
1010 6
1011 6
1012 2
1013 0
1014 6
1015 9
1016 8
1017 4
1018 7
1019 8
1020 6
1021 4
1022 7
1023 4
1024 6
1025 2
1026 4
1027 6
1028 4
1029 5
1030 5
1031 8
1032 5
1033 5
1034 12
1035 12
1036 4
1037 6
1038 3
1039 7
1040 6
1041 5
1042 5
1043 2
1044 6
1045 5
1046 8
1047 9
1048 2
1049 4
1050 6
1051 3
1052 7
1053 7
1054 6
1055 9
1056 8
1057 13
1058 5
1059 7
1060 8
1061 4
1062 5
1063 4
1064 4
1065 8
1066 4
1067 6
1068 5
1069 5
1070 7
1071 7
1072 6
1073 10
1074 11
1075 4
1076 4
1077 6
1078 6
1079 6
1080 10
1081 9
1082 6
1083 6
1084 4
1085 8
1086 5
1087 9
1088 8
1089 12
1090 2
1091 14
1092 7
1093 10
1094 8
1095 6
1096 3
1097 10
1098 6
1099 7
1100 6
1101 2
1102 10
1103 11
1104 8
1105 11
1106 8
1107 11
1108 10
1109 9
1110 11
1111 9
1112 3
1113 6
1114 5
1115 3
1116 8
1117 10
1118 9
1119 10
1120 10
1121 8
1122 7
1123 16
1124 10
1125 9
1126 9
1127 9
1128 9
1129 5
1130 10
1131 8
1132 13
1133 6
1134 10
1135 7
1136 7
1137 8
1138 8
1139 9
1140 9
1141 8
1142 10
1143 9
1144 8
1145 10
1146 10
1147 4
1148 11
1149 9
1150 4
1151 14
1152 8
1153 8
1154 9
1155 5
1156 6
1157 6
1158 5
1159 9
1160 7
1161 7
1162 9
1163 5
1164 5
1165 7
1166 8
1167 9
1168 7
1169 12
1170 12
1171 9
1172 13
1173 7
1174 11
1175 11
1176 8
1177 4
1178 10
1179 3
1180 8
1181 9
1182 7
1183 8
1184 13
1185 12
1186 9
1187 10
1188 4
1189 3
1190 11
1191 9
1192 8
1193 5
1194 9
1195 5
1196 13
1197 9
1198 13
1199 7
1200 10
1201 10
1202 9
1203 8
1204 6
1205 9
1206 10
1207 11
1208 6
1209 11
1210 5
1211 5
1212 9
1213 10
1214 8
1215 5
1216 9
1217 5
1218 11
1219 11
1220 10
1221 13
1222 15
1223 6
1224 8
1225 11
1226 4
1227 11
1228 15
1229 10
1230 10
1231 16
1232 10
1233 5
1234 8
1235 7
1236 17
1237 11
1238 12
1239 12
1240 6
1241 13
1242 21
1243 10
1244 14
1245 10
1246 11
1247 8
1248 14
1249 8
1250 13
1251 18
1252 15
1253 17
1254 7
1255 14
1256 9
1257 8
1258 16
1259 12
1260 12
1261 10
1262 11
1263 10
1264 13
1265 10
1266 11
1267 14
1268 14
1269 10
1270 13
1271 10
1272 21
1273 16
1274 11
1275 15
1276 10
1277 12
1278 22
1279 10
1280 22
1281 20
1282 12
1283 11
1284 12
1285 13
1286 13
1287 11
1288 14
1289 12
1290 14
1291 12
1292 8
1293 13
1294 6
1295 12
1296 9
1297 14
1298 11
1299 9
1300 11
1301 11
1302 15
1303 16
1304 6
1305 13
1306 19
1307 6
1308 13
1309 15
1310 18
1311 16
1312 15
1313 17
1314 14
1315 6
1316 12
1317 14
1318 17
1319 14
1320 8
1321 14
1322 15
1323 13
1324 11
1325 10
1326 9
1327 15
1328 12
1329 11
1330 13
1331 11
1332 19
1333 12
1334 12
1335 11
1336 13
1337 19
1338 6
1339 8
1340 19
1341 14
1342 9
1343 9
1344 10
1345 8
1346 10
1347 6
1348 12
1349 9
1350 10
1351 7
1352 10
1353 12
1354 9
1355 12
1356 10
1357 13
1358 9
1359 16
1360 11
1361 6
1362 9
1363 10
1364 10
1365 11
1366 6
1367 8
1368 8
1369 6
1370 10
1371 16
1372 7
1373 10
1374 8
1375 5
1376 12
1377 8
1378 11
1379 2
1380 10
1381 9
1382 4
1383 3
1384 12
1385 7
1386 8
1387 11
1388 6
1389 6
1390 6
1391 7
1392 12
1393 13
1394 8
1395 17
1396 6
1397 4
1398 9
1399 10
1400 9
1401 13
1402 8
1403 10
1404 3
1405 8
1406 15
1407 10
1408 8
1409 17
1410 9
1411 11
1412 18
1413 21
1414 15
1415 11
1416 15
1417 18
1418 13
1419 18
1420 7
1421 8
1422 9
1423 7
1424 4
1425 23
1426 10
1427 4
1428 11
1429 11
1430 17
1431 9
1432 20
1433 18
1434 9
1435 23
1436 13
1437 15
1438 10
1439 20
1440 15
1441 18
1442 15
1443 16
1444 15
1445 15
1446 12
1447 13
1448 9
1449 18
1450 19
1451 25
1452 11
1453 17
1454 10
1455 7
1456 15
1457 15
1458 18
1459 16
1460 11
1461 12
1462 6
1463 9
1464 10
1465 16
1466 15
1467 15
1468 11
1469 8
1470 12
1471 13
1472 17
1473 9
1474 14
1475 13
1476 15
1477 15
1478 13
1479 6
1480 11
1481 13
1482 15
1483 11
1484 7
1485 12
1486 13
1487 7
1488 14
1489 12
1490 9
1491 11
1492 8
1493 16
1494 7
1495 9
1496 7
1497 11
1498 16
1499 6
1500 12
1501 8
1502 11
1503 6
1504 3
1505 7
1506 8
1507 7
1508 7
1509 4
1510 8
1511 6
1512 3
1513 8
1514 10
1515 5
1516 7
1517 7
1518 5
1519 10
1520 1
1521 4
1522 6
1523 4
1524 4
1525 5
1526 2
1527 6
1528 2
1529 6
1530 2
1531 5
1532 5
1533 8
1534 5
1535 0
1536 0
1537 5
1538 4
1539 3
1540 6
1541 2
1542 2
1543 2
1544 1
1545 0
1546 3
1547 4
1548 2
1549 4
1550 2
1551 6
1552 4
1553 4
1554 1
1555 3
1556 2
1557 2
1558 3
1559 0
1560 0
1561 3
1562 3
1563 2
1564 2
1565 2
1566 2
1567 1
1568 4
1569 1
1570 3
1571 6
1572 4
1573 2
1574 0
1575 0
1576 2
1577 4
1578 2
1579 5
1580 3
1581 6
1582 4
1583 3
1584 6
1585 8
1586 4
1587 3
1588 6
1589 2
1590 1
1591 5
1592 3
1593 1
1594 3
1595 4
1596 2
1597 4
1598 3
1599 5
1600 2
1601 2
1602 2
1603 2
1604 4
1605 3
1606 6
1607 4
1608 3
1609 2
1610 2
1611 4
1612 3
1613 5
1614 2
1615 4
1616 3
1617 1
1618 5
1619 4
1620 3
1621 6
1622 1
1623 1
1624 3
1625 2
1626 6
1627 6
1628 3
1629 3
1630 6
1631 3
1632 2
1633 1
1634 3
1635 3
1636 3
1637 2
1638 3
1639 4
1640 3
1641 4
1642 2
1643 0
1644 5
1645 1
1646 2
1647 2
1648 1
1649 1
1650 6
1651 2
1652 6
1653 2
1654 0
1655 0
1656 1
1657 0
1658 2
1659 2
1660 2
1661 2
1662 3
1663 2
1664 2
1665 0
1666 2
1667 4
1668 0
1669 1
1670 1
1671 2
1672 2
1673 1
1674 1
1675 2
1676 1
1677 1
1678 0
1679 0
1680 0
1681 2
1682 2
1683 2
1684 0
1685 0
1686 0
1687 0
1688 1
1689 0
1690 0
1691 0
1692 0
1693 1
1694 0
1695 0
1696 0
1697 2
1698 0
1699 0
1700 0
1701 0
1702 0
1703 0
1704 2
1705 0
1706 0
1707 0
1708 0
1709 0
1710 0
1711 0
1712 0
1713 0
1714 0
1715 0
1716 0
1717 0
1718 0
1719 0
1720 1
1721 0
1722 0
1723 0
1724 0
1725 0
1726 0
1727 1
1728 0
1729 0
1730 1
1731 0
1732 0
1733 1
1734 0
1735 0
1736 0
1737 0
1738 0
1739 0
1740 0
1741 0
1742 0
1743 0
1744 0
1745 0
1746 0
1747 0
1748 1
1749 0
1750 0
1751 0
1752 1
1753 0
1754 0
1755 0
1756 0
1757 0
1758 0
1759 0
1760 0
1761 0
1762 0
1763 0
1764 0
1765 0
1766 1
1767 1
1768 0
1769 0
1770 0
1771 0
1772 0
1773 0
1774 0
1775 0
1776 0
1777 0
1778 1
1779 0
1780 1
1781 0
1782 0
1783 0
1784 0
1785 1
1786 0
1787 0
1788 0
1789 0
1790 0
1791 1
1792 0
1793 0
1794 0
1795 2
1796 0
1797 1
1798 1
1799 0
1800 0
1801 0
1802 0
1803 0
1804 0
1805 0
1806 0
1807 0
1808 0
1809 0
1810 1
1811 0
1812 1
1813 1
1814 0
1815 0
1816 1
1817 0
1818 1
1819 0
1820 0
1821 0
1822 1
1823 3
1824 1
1825 0
1826 0
1827 0
1828 0
1829 0
1830 0
1831 0
1832 0
1833 1
1834 0
1835 0
1836 0
1837 0
1838 1
1839 0
1840 0
1841 0
1842 0
1843 0
1844 0
1845 1
1846 0
1847 0
1848 1
1849 0
1850 0
1851 0
1852 0
1853 0
1854 0
1855 0
1856 1
1857 0
1858 0
1859 0
1860 1
1861 0
1862 1
1863 0
1864 0
1865 1
1866 0
1867 1
1868 0
1869 1
1870 0
1871 0
1872 0
1873 0
1874 0
1875 1
1876 0
1877 0
1878 0
1879 1
1880 0
1881 0
1882 0
1883 0
1884 1
1885 1
1886 0
1887 0
1888 0
1889 0
1890 0
1891 0
1892 0
1893 0
1894 0
1895 0
1896 0
1897 1
1898 1
1899 1
1900 0
1901 2
1902 0
1903 0
1904 0
1905 1
1906 0
1907 0
1908 1
1909 0
1910 0
1911 0
1912 0
1913 0
1914 0
1915 0
1916 0
1917 0
1918 1
1919 0
1920 0
1921 0
1922 1
1923 0
1924 0
1925 0
1926 0
1927 1
1928 0
1929 0
1930 0
1931 0
1932 0
1933 0
1934 1
1935 0
1936 1
1937 0
1938 0
1939 0
1940 0
1941 0
1942 0
1943 0
1944 1
1945 0
1946 0
1947 1
1948 0
1949 0
1950 0
1951 1
1952 0
1953 0
1954 0
1955 0
1956 0
1957 0
1958 0
1959 0
1960 1
1961 0
1962 0
1963 0
1964 0
1965 0
1966 0
1967 0
1968 0
1969 0
1970 0
1971 0
1972 0
1973 0
1974 0
1975 0
1976 0
1977 0
1978 1
1979 0
1980 0
1981 0
1982 0
1983 0
1984 0
1985 2
1986 0
1987 0
1988 1
1989 0
1990 0
1991 0
1992 0
1993 0
1994 2
1995 1
1996 0
1997 0
1998 1
1999 0
2000 0
2001 0
2002 0
2003 2
2004 0
2005 0
2006 0
2007 0
2008 0
2009 0
2010 0
2011 0
2012 0
2013 0
2014 0
2015 1
2016 0
2017 0
2018 0
2019 1
2020 1
2021 0
2022 0
2023 0
2024 0
2025 1
2026 2
2027 0
2028 0
2029 0
2030 0
2031 0
2032 0
2033 0
2034 0
2035 0
2036 0
2037 0
2038 0
2039 0
2040 0
2041 0
2042 0
2043 0
2044 0
2045 0
2046 0
2047 0
