# Dead time factor = 1.00000
0 0
1 0
2 0
3 0
4 0
5 0
6 0
7 0
8 0
9 0
10 0
11 0
12 0
13 0
14 0
15 0
16 0
17 0
18 0
19 0
20 1
21 6
22 12
23 11
24 11
25 10
26 13
27 15
28 8
29 11
30 19
31 11
32 12
33 11
34 16
35 23
36 29
37 26
38 30
39 25
40 19
41 21
42 27
43 33
44 36
45 26
46 39
47 71
48 69
49 104
50 127
51 127
52 127
53 105
54 82
55 63
56 45
57 27
58 31
59 17
60 12
61 10
62 10
63 13
64 16
65 6
66 11
67 9
68 3
69 1
70 4
71 6
72 4
73 6
74 5
75 2
76 3
77 1
78 8
79 10
80 3
81 3
82 6
83 12
84 6
85 2
86 6
87 7
88 6
89 6
90 5
91 11
92 5
93 10
94 9
95 5
96 4
97 2
98 5
99 2
100 3
101 10
102 4
103 5
104 6
105 3
106 7
107 5
108 8
109 6
110 2
111 5
112 1
113 1
114 8
115 1
116 2
117 3
118 2
119 2
120 2
121 1
122 5
123 4
124 1
125 3
126 4
127 4
128 3
129 2
130 2
131 1
132 1
133 4
134 5
135 2
136 3
137 2
138 1
139 0
140 1
141 2
142 5
143 3
144 3
145 2
146 0
147 2
148 6
149 1
150 3
151 2
152 1
153 3
154 5
155 0
156 1
157 5
158 2
159 3
160 2
161 3
162 3
163 5
164 2
165 9
166 5
167 6
168 4
169 5
170 2
171 4
172 4
173 3
174 5
175 4
176 2
177 5
178 3
179 1
180 3
181 5
182 1
183 2
184 1
185 1
186 1
187 2
188 3
189 0
190 2
191 4
192 3
193 6
194 2
195 2
196 1
197 3
198 2
199 0
200 2
201 3
202 0
203 3
204 5
205 1
206 1
207 4
208 0
209 3
210 3
211 1
212 1
213 4
214 2
215 3
216 1
217 1
218 1
219 1
220 3
221 5
222 1
223 1
224 2
225 1
226 5
227 2
228 0
229 2
230 4
231 5
232 3
233 2
234 3
235 3
236 2
237 3
238 2
239 3
240 3
241 5
242 3
243 2
244 1
245 1
246 0
247 0
248 1
249 1
250 0
251 3
252 3
253 1
254 1
255 2
256 1
257 2
258 0
259 4
260 1
261 1
262 2
263 6
264 2
265 1
266 0
267 0
268 0
269 2
270 1
271 0
272 0
273 3
274 3
275 1
276 1
277 0
278 3
279 2
280 2
281 2
282 2
283 3
284 1
285 3
286 1
287 1
288 1
289 0
290 0
291 2
292 1
293 1
294 1
295 3
296 3
297 1
298 1
299 1
300 2
301 0
302 4
303 2
304 0
305 1
306 0
307 1
308 0
309 1
310 3
311 3
312 5
313 0
314 1
315 0
316 1
317 0
318 1
319 3
320 1
321 3
322 2
323 1
324 2
325 1
326 0
327 1
328 1
329 1
330 2
331 1
332 2
333 0
334 3
335 2
336 1
337 0
338 1
339 1
340 2
341 1
342 2
343 4
344 1
345 1
346 1
347 1
348 0
349 1
350 2
351 4
352 1
353 1
354 1
355 2
356 3
357 1
358 2
359 3
360 1
361 1
362 1
363 1
364 0
365 1
366 2
367 2
368 1
369 4
370 0
371 1
372 3
373 0
374 1
375 0
376 1
377 0
378 1
379 0
380 0
381 0
382 1
383 2
384 2
385 2
386 1
387 2
388 0
389 1
390 1
391 3
392 0
393 1
394 1
395 0
396 1
397 1
398 2
399 2
400 1
401 1
402 3
403 4
404 0
405 2
406 4
407 2
408 2
409 1
410 0
411 0
412 4
413 0
414 0
415 1
416 0
417 2
418 1
419 5
420 2
421 1
422 1
423 0
424 2
425 1
426 1
427 2
428 1
429 0
430 2
431 2
432 0
433 0
434 0
435 3
436 1
437 2
438 0
439 2
440 0
441 1
442 0
443 0
444 1
445 1
446 2
447 2
448 0
449 2
450 0
451 0
452 1
453 0
454 0
455 0
456 1
457 0
458 1
459 1
460 1
461 2
462 1
463 0
464 1
465 1
466 0
467 1
468 3
469 2
470 2
471 0
472 1
473 0
474 0
475 2
476 1
477 0
478 4
479 0
480 2
481 1
482 1
483 1
484 3
485 1
486 0
487 1
488 0
489 1
490 1
491 0
492 3
493 0
494 0
495 0
496 1
497 3
498 1
499 1
500 2
501 1
502 2
503 0
504 2
505 1
506 0
507 2
508 2
509 0
510 0
511 2
512 1
513 2
514 0
515 0
516 4
517 1
518 1
519 1
520 1
521 2
522 1
523 2
524 2
525 1
526 0
527 1
528 2
529 1
530 1
531 1
532 1
533 4
534 1
535 0
536 0
537 0
538 2
539 0
540 0
541 0
542 3
543 1
544 0
545 0
546 2
547 2
548 2
549 0
550 2
551 0
552 0
553 0
554 1
555 0
556 0
557 1
558 2
559 1
560 1
561 0
562 1
563 1
564 1
565 1
566 1
567 0
568 2
569 1
570 0
571 1
572 2
573 2
574 0
575 1
576 0
577 1
578 3
579 2
580 1
581 1
582 0
583 0
584 0
585 2
586 0
587 0
588 0
589 3
590 0
591 1
592 1
593 0
594 2
595 0
596 0
597 0
598 1
599 0
600 2
601 0
602 2
603 1
604 0
605 2
606 2
607 2
608 1
609 0
610 2
611 2
612 0
613 2
614 2
615 2
616 0
617 0
618 0
619 0
620 2
621 1
622 1
623 0
624 1
625 2
626 0
627 1
628 0
629 1
630 0
631 0
632 3
633 0
634 3
635 1
636 1
637 3
638 1
639 0
640 2
641 0
642 0
643 3
644 0
645 2
646 0
647 3
648 1
649 0
650 0
651 1
652 2
653 3
654 0
655 2
656 0
657 0
658 0
659 0
660 2
661 2
662 0
663 0
664 0
665 1
666 4
667 3
668 1
669 1
670 1
671 1
672 0
673 1
674 1
675 0
676 0
677 1
678 2
679 0
680 1
681 0
682 2
683 0
684 0
685 3
686 2
687 1
688 0
689 0
690 2
691 0
692 1
693 1
694 1
695 2
696 1
697 5
698 1
699 1
700 0
701 0
702 3
703 0
704 0
705 1
706 0
707 0
708 0
709 0
710 1
711 0
712 1
713 4
714 0
715 0
716 1
717 1
718 0
719 2
720 2
721 1
722 0
723 2
724 0
725 1
726 1
727 0
728 3
729 0
730 2
731 1
732 3
733 2
734 0
735 0
736 1
737 1
738 2
739 1
740 2
741 3
742 0
743 1
744 4
745 1
746 3
747 2
748 2
749 2
750 3
751 0
752 2
753 1
754 1
755 2
756 0
757 2
758 0
759 0
760 2
761 2
762 0
763 2
764 0
765 4
766 3
767 0
768 1
769 2
770 0
771 2
772 0
773 0
774 2
775 1
776 0
777 1
778 1
779 2
780 3
781 0
782 0
783 0
784 3
785 0
786 1
787 0
788 1
789 2
790 0
791 3
792 1
793 2
794 1
795 0
796 2
797 1
798 0
799 3
800 1
801 0
802 0
803 0
804 1
805 1
806 1
807 0
808 0
809 1
810 1
811 1
812 1
813 0
814 0
815 0
816 2
817 2
818 1
819 3
820 0
821 0
822 2
823 3
824 3
825 0
826 1
827 1
828 1
829 2
830 3
831 1
832 1
833 2
834 0
835 0
836 1
837 1
838 0
839 2
840 1
841 2
842 3
843 1
844 0
845 2
846 1
847 2
848 0
849 1
850 0
851 1
852 0
853 0
854 4
855 0
856 3
857 0
858 1
859 0
860 2
861 3
862 1
863 1
864 2
865 1
866 0
867 2
868 0
869 0
870 1
871 2
872 0
873 2
874 1
875 1
876 1
877 1
878 4
879 0
880 1
881 2
882 3
883 3
884 1
885 2
886 1
887 2
888 1
889 2
890 1
891 0
892 1
893 2
894 0
895 5
896 1
897 0
898 4
899 3
900 3
901 2
902 0
903 3
904 4
905 0
906 1
907 1
908 3
909 1
910 2
911 1
912 4
913 1
914 1
915 2
916 1
917 0
918 0
919 0
920 1
921 0
922 2
923 3
924 0
925 2
926 2
927 0
928 0
929 2
930 2
931 2
932 2
933 3
934 3
935 0
936 0
937 2
938 1
939 3
940 1
941 1
942 1
943 0
944 2
945 0
946 0
947 2
948 0
949 3
950 1
951 1
952 1
953 1
954 0
955 1
956 0
957 1
958 2
959 2
960 0
961 1
962 0
963 0
964 4
965 2
966 1
967 6
968 2
969 0
970 2
971 3
972 2
973 1
974 2
975 1
976 0
977 5
978 1
979 2
980 1
981 0
982 2
983 3
984 3
985 0
986 1
987 1
988 1
989 2
990 0
991 1
992 0
993 2
994 0
995 0
996 1
997 1
998 1
999 3
1000 3
1001 0
1002 1
1003 0
1004 2
1005 2
1006 2
1007 1
1008 0
1009 3
1010 0
1011 1
1012 2
1013 1
1014 1
1015 0
1016 2
1017 1
1018 1
1019 0
1020 4
1021 0
1022 0
1023 4
1024 2
1025 0
1026 1
1027 0
1028 1
1029 3
1030 1
1031 0
1032 1
1033 0
1034 0
1035 1
1036 1
1037 4
1038 1
1039 0
1040 1
1041 1
1042 0
1043 1
1044 1
1045 3
1046 3
1047 0
1048 1
1049 3
1050 1
1051 2
1052 1
1053 2
1054 1
1055 1
1056 3
1057 1
1058 1
1059 2
1060 2
1061 1
1062 2
1063 1
1064 3
1065 0
1066 0
1067 3
1068 4
1069 1
1070 0
1071 2
1072 0
1073 2
1074 1
1075 3
1076 1
1077 3
1078 4
1079 2
1080 2
1081 3
1082 2
1083 2
1084 0
1085 4
1086 5
1087 1
1088 1
1089 1
1090 1
1091 0
1092 2
1093 3
1094 0
1095 2
1096 4
1097 1
1098 5
1099 2
1100 2
1101 0
1102 2
1103 4
1104 4
1105 2
1106 2
1107 0
1108 2
1109 3
1110 3
1111 0
1112 3
1113 3
1114 1
1115 1
1116 2
1117 1
1118 0
1119 1
1120 0
1121 0
1122 2
1123 4
1124 3
1125 4
1126 3
1127 2
1128 0
1129 4
1130 1
1131 1
1132 3
1133 4
1134 3
1135 2
1136 0
1137 3
1138 1
1139 4
1140 3
1141 2
1142 2
1143 0
1144 1
1145 5
1146 2
1147 4
1148 1
1149 2
1150 3
1151 3
1152 1
1153 2
1154 2
1155 2
1156 3
1157 5
1158 1
1159 5
1160 4
1161 2
1162 5
1163 5
1164 2
1165 2
1166 3
1167 4
1168 1
1169 3
1170 1
1171 1
1172 2
1173 4
1174 3
1175 4
1176 3
1177 0
1178 2
1179 2
1180 4
1181 2
1182 1
1183 4
1184 2
1185 0
1186 4
1187 2
1188 1
1189 4
1190 2
1191 4
1192 4
1193 3
1194 2
1195 3
1196 4
1197 1
1198 1
1199 2
1200 6
1201 2
1202 4
1203 4
1204 2
1205 1
1206 2
1207 1
1208 3
1209 1
1210 3
1211 2
1212 2
1213 2
1214 4
1215 1
1216 1
1217 0
1218 2
1219 7
1220 6
1221 2
1222 4
1223 1
1224 2
1225 5
1226 5
1227 4
1228 2
1229 2
1230 1
1231 2
1232 2
1233 0
1234 5
1235 1
1236 3
1237 2
1238 1
1239 1
1240 5
1241 2
1242 4
1243 3
1244 3
1245 0
1246 3
1247 4
1248 0
1249 4
1250 4
1251 4
1252 3
1253 2
1254 6
1255 4
1256 0
1257 1
1258 2
1259 2
1260 3
1261 1
1262 4
1263 3
1264 5
1265 5
1266 3
1267 5
1268 4
1269 3
1270 2
1271 7
1272 2
1273 3
1274 3
1275 0
1276 3
1277 5
1278 6
1279 1
1280 3
1281 5
1282 9
1283 5
1284 5
1285 4
1286 5
1287 5
1288 2
1289 6
1290 7
1291 3
1292 2
1293 5
1294 3
1295 1
1296 2
1297 3
1298 1
1299 8
1300 5
1301 3
1302 5
1303 10
1304 4
1305 2
1306 3
1307 3
1308 6
1309 6
1310 1
1311 5
1312 5
1313 2
1314 4
1315 1
1316 4
1317 4
1318 3
1319 1
1320 1
1321 3
1322 6
1323 6
1324 2
1325 5
1326 6
1327 3
1328 4
1329 4
1330 2
1331 2
1332 5
1333 5
1334 6
1335 3
1336 7
1337 7
1338 4
1339 3
1340 1
1341 3
1342 4
1343 6
1344 3
1345 2
1346 1
1347 3
1348 4
1349 2
1350 0
1351 1
1352 3
1353 1
1354 0
1355 2
1356 4
1357 2
1358 3
1359 0
1360 4
1361 4
1362 3
1363 3
1364 3
1365 1
1366 5
1367 3
1368 2
1369 4
1370 4
1371 2
1372 0
1373 1
1374 1
1375 2
1376 4
1377 2
1378 3
1379 3
1380 3
1381 2
1382 2
1383 2
1384 4
1385 1
1386 4
1387 3
1388 3
1389 2
1390 3
1391 2
1392 3
1393 1
1394 4
1395 1
1396 3
1397 3
1398 3
1399 2
1400 7
1401 5
1402 5
1403 3
1404 5
1405 2
1406 4
1407 4
1408 2
1409 4
1410 4
1411 5
1412 2
1413 3
1414 4
1415 6
1416 1
1417 5
1418 6
1419 3
1420 8
1421 4
1422 3
1423 1
1424 4
1425 3
1426 7
1427 2
1428 2
1429 3
1430 6
1431 6
1432 5
1433 3
1434 2
1435 5
1436 3
1437 5
1438 4
1439 3
1440 3
1441 3
1442 4
1443 1
1444 2
1445 2
1446 3
1447 4
1448 4
1449 3
1450 5
1451 2
1452 4
1453 3
1454 2
1455 3
1456 2
1457 4
1458 3
1459 4
1460 4
1461 2
1462 4
1463 2
1464 6
1465 4
1466 3
1467 2
1468 2
1469 5
1470 2
1471 3
1472 2
1473 6
1474 4
1475 1
1476 6
1477 3
1478 2
1479 5
1480 3
1481 6
1482 6
1483 2
1484 1
1485 4
1486 6
1487 4
1488 2
1489 6
1490 2
1491 3
1492 2
1493 4
1494 4
1495 2
1496 3
1497 2
1498 2
1499 0
1500 4
1501 2
1502 1
1503 0
1504 2
1505 2
1506 3
1507 3
1508 4
1509 5
1510 1
1511 2
1512 3
1513 0
1514 4
1515 1
1516 2
1517 1
1518 0
1519 0
1520 2
1521 0
1522 1
1523 1
1524 1
1525 0
1526 0
1527 1
1528 1
1529 2
1530 1
1531 0
1532 0
1533 0
1534 0
1535 1
1536 1
1537 0
1538 2
1539 0
1540 3
1541 1
1542 3
1543 1
1544 0
1545 0
1546 2
1547 1
1548 0
1549 1
1550 1
1551 0
1552 0
1553 2
1554 0
1555 0
1556 1
1557 1
1558 1
1559 3
1560 1
1561 1
1562 0
1563 2
1564 1
1565 2
1566 3
1567 0
1568 4
1569 1
1570 0
1571 0
1572 0
1573 0
1574 1
1575 1
1576 1
1577 0
1578 0
1579 1
1580 2
1581 3
1582 2
1583 3
1584 2
1585 0
1586 3
1587 2
1588 3
1589 0
1590 1
1591 0
1592 0
1593 2
1594 0
1595 0
1596 0
1597 0
1598 1
1599 1
1600 0
1601 2
1602 2
1603 0
1604 3
1605 1
1606 1
1607 1
1608 3
1609 2
1610 1
1611 0
1612 1
1613 0
1614 0
1615 0
1616 0
1617 1
1618 0
1619 0
1620 2
1621 2
1622 1
1623 0
1624 1
1625 2
1626 1
1627 1
1628 1
1629 1
1630 0
1631 1
1632 0
1633 1
1634 0
1635 0
1636 1
1637 1
1638 1
1639 1
1640 2
1641 1
1642 1
1643 0
1644 3
1645 2
1646 0
1647 0
1648 1
1649 1
1650 1
1651 0
1652 1
1653 0
1654 2
1655 0
1656 2
1657 0
1658 0
1659 0
1660 0
1661 0
1662 1
1663 1
1664 0
1665 1
1666 0
1667 0
1668 1
1669 0
1670 2
1671 0
1672 0
1673 0
1674 0
1675 0
1676 0
1677 0
1678 0
1679 0
1680 0
1681 0
1682 0
1683 0
1684 0
1685 0
1686 0
1687 0
1688 0
1689 0
1690 0
1691 0
1692 0
1693 0
1694 1
1695 1
1696 0
1697 0
1698 0
1699 0
1700 0
1701 0
1702 0
1703 0
1704 0
1705 0
1706 0
1707 0
1708 0
1709 0
1710 0
1711 0
1712 0
1713 0
1714 0
1715 0
1716 0
1717 0
1718 0
1719 0
1720 0
1721 1
1722 0
1723 1
1724 0
1725 0
1726 0
1727 1
1728 0
1729 0
1730 0
1731 0
1732 0
1733 0
1734 0
1735 0
1736 0
1737 0
1738 0
1739 0
1740 0
1741 0
1742 0
1743 0
1744 0
1745 0
1746 0
1747 0
1748 0
1749 0
1750 0
1751 1
1752 0
1753 0
1754 0
1755 0
1756 1
1757 0
1758 0
1759 0
1760 0
1761 0
1762 0
1763 0
1764 2
1765 1
1766 0
1767 1
1768 0
1769 1
1770 0
1771 1
1772 0
1773 0
1774 0
1775 0
1776 0
1777 0
1778 0
1779 0
1780 0
1781 0
1782 1
1783 0
1784 0
1785 0
1786 1
1787 0
1788 0
1789 0
1790 0
1791 0
1792 0
1793 0
1794 0
1795 0
1796 0
1797 0
1798 0
1799 0
1800 1
1801 0
1802 0
1803 0
1804 0
1805 1
1806 0
1807 2
1808 0
1809 0
1810 0
1811 0
1812 0
1813 1
1814 0
1815 0
1816 0
1817 1
1818 0
1819 0
1820 0
1821 1
1822 0
1823 0
1824 0
1825 0
1826 1
1827 0
1828 0
1829 0
1830 0
1831 0
1832 1
1833 0
1834 0
1835 0
1836 0
1837 0
1838 0
1839 0
1840 0
1841 0
1842 0
1843 0
1844 1
1845 0
1846 0
1847 0
1848 0
1849 0
1850 0
1851 0
1852 0
1853 0
1854 0
1855 0
1856 0
1857 0
1858 0
1859 0
1860 0
1861 0
1862 0
1863 0
1864 0
1865 0
1866 0
1867 1
1868 0
1869 0
1870 0
1871 0
1872 0
1873 0
1874 0
1875 0
1876 0
1877 0
1878 1
1879 0
1880 0
1881 0
1882 0
1883 1
1884 0
1885 0
1886 1
1887 0
1888 0
1889 1
1890 1
1891 0
1892 0
1893 0
1894 0
1895 2
1896 0
1897 0
1898 0
1899 0
1900 1
1901 0
1902 0
1903 0
1904 0
1905 0
1906 0
1907 0
1908 0
1909 0
1910 0
1911 0
1912 1
1913 0
1914 0
1915 0
1916 0
1917 0
1918 0
1919 0
1920 0
1921 0
1922 0
1923 0
1924 0
1925 0
1926 0
1927 0
1928 0
1929 0
1930 0
1931 0
1932 0
1933 0
1934 0
1935 0
1936 1
1937 0
1938 0
1939 0
1940 1
1941 0
1942 0
1943 0
1944 0
1945 1
1946 0
1947 1
1948 0
1949 0
1950 1
1951 0
1952 0
1953 0
1954 0
1955 0
1956 0
1957 0
1958 0
1959 0
1960 0
1961 1
1962 0
1963 0
1964 0
1965 0
1966 0
1967 2
1968 1
1969 0
1970 0
1971 0
1972 0
1973 0
1974 0
1975 1
1976 0
1977 0
1978 0
1979 0
1980 0
1981 0
1982 0
1983 0
1984 0
1985 0
1986 0
1987 0
1988 0
1989 0
1990 0
1991 0
1992 0
1993 0
1994 0
1995 0
1996 0
1997 0
1998 1
1999 0
2000 0
2001 0
2002 0
2003 0
2004 0
2005 1
2006 0
2007 0
2008 0
2009 0
2010 0
2011 0
2012 0
2013 0
2014 0
2015 0
2016 1
2017 0
2018 0
2019 0
2020 2
2021 0
2022 0
2023 0
2024 1
2025 0
2026 0
2027 0
2028 0
2029 0
2030 0
2031 0
2032 0
2033 0
2034 0
2035 0
2036 0
2037 0
2038 0
2039 0
2040 0
2041 0
2042 0
2043 0
2044 0
2045 0
2046 0
2047 0
