# Dead time factor = 1.00000
0 0
1 0
2 0
3 0
4 0
5 0
6 0
7 0
8 0
9 0
10 0
11 0
12 0
13 0
14 0
15 0
16 0
17 0
18 0
19 0
20 1
21 8
22 13
23 16
24 15
25 13
26 13
27 8
28 12
29 18
30 16
31 25
32 19
33 19
34 22
35 15
36 17
37 24
38 24
39 28
40 23
41 21
42 21
43 29
44 24
45 29
46 41
47 63
48 97
49 105
50 124
51 131
52 136
53 119
54 85
55 54
56 46
57 44
58 33
59 16
60 20
61 14
62 4
63 9
64 17
65 14
66 11
67 10
68 6
69 12
70 10
71 3
72 5
73 2
74 8
75 5
76 7
77 7
78 3
79 1
80 5
81 7
82 2
83 6
84 6
85 4
86 8
87 3
88 11
89 9
90 7
91 9
92 8
93 3
94 6
95 7
96 7
97 7
98 8
99 3
100 7
101 6
102 7
103 3
104 2
105 2
106 10
107 3
108 2
109 5
110 5
111 7
112 5
113 5
114 9
115 4
116 6
117 4
118 1
119 5
120 3
121 2
122 4
123 2
124 7
125 4
126 6
127 4
128 3
129 0
130 3
131 5
132 5
133 1
134 1
135 3
136 5
137 8
138 6
139 4
140 3
141 4
142 4
143 2
144 3
145 2
146 1
147 7
148 5
149 1
150 8
151 3
152 4
153 4
154 1
155 2
156 1
157 5
158 1
159 0
160 7
161 5
162 7
163 5
164 5
165 5
166 4
167 6
168 2
169 8
170 5
171 9
172 6
173 5
174 6
175 4
176 4
177 0
178 5
179 1
180 4
181 4
182 3
183 3
184 3
185 6
186 2
187 5
188 1
189 3
190 0
191 4
192 1
193 1
194 1
195 2
196 3
197 1
198 1
199 1
200 1
201 4
202 3
203 5
204 0
205 3
206 0
207 3
208 2
209 5
210 3
211 1
212 2
213 5
214 1
215 2
216 4
217 1
218 1
219 3
220 1
221 3
222 3
223 1
224 6
225 2
226 3
227 5
228 1
229 1
230 1
231 3
232 1
233 2
234 1
235 1
236 1
237 4
238 1
239 1
240 3
241 3
242 3
243 3
244 3
245 1
246 4
247 2
248 1
249 3
250 4
251 1
252 5
253 3
254 1
255 1
256 1
257 0
258 1
259 3
260 1
261 0
262 1
263 1
264 1
265 5
266 3
267 2
268 3
269 3
270 2
271 4
272 1
273 3
274 2
275 1
276 0
277 3
278 3
279 0
280 2
281 1
282 2
283 0
284 2
285 3
286 2
287 1
288 3
289 3
290 1
291 4
292 2
293 1
294 3
295 2
296 1
297 2
298 2
299 3
300 3
301 2
302 2
303 1
304 1
305 0
306 2
307 2
308 3
309 1
310 0
311 1
312 1
313 2
314 1
315 5
316 2
317 2
318 0
319 3
320 2
321 1
322 2
323 1
324 1
325 3
326 2
327 1
328 4
329 1
330 3
331 2
332 2
333 3
334 2
335 1
336 2
337 3
338 1
339 2
340 4
341 1
342 4
343 1
344 6
345 3
346 1
347 4
348 1
349 2
350 1
351 1
352 3
353 3
354 2
355 1
356 3
357 1
358 2
359 1
360 2
361 1
362 1
363 3
364 2
365 1
366 2
367 2
368 2
369 1
370 2
371 1
372 4
373 0
374 4
375 3
376 3
377 0
378 0
379 0
380 3
381 2
382 1
383 1
384 2
385 0
386 0
387 1
388 4
389 1
390 1
391 1
392 1
393 0
394 2
395 3
396 0
397 1
398 0
399 1
400 3
401 1
402 1
403 0
404 1
405 2
406 1
407 2
408 0
409 0
410 1
411 2
412 2
413 0
414 3
415 0
416 1
417 4
418 2
419 1
420 2
421 2
422 1
423 2
424 0
425 1
426 0
427 2
428 2
429 2
430 1
431 3
432 1
433 3
434 3
435 1
436 2
437 0
438 2
439 1
440 0
441 1
442 1
443 0
444 0
445 1
446 0
447 0
448 0
449 1
450 3
451 4
452 0
453 2
454 4
455 4
456 0
457 2
458 3
459 2
460 1
461 4
462 4
463 1
464 0
465 1
466 0
467 0
468 3
469 4
470 0
471 0
472 2
473 2
474 1
475 1
476 3
477 0
478 1
479 4
480 0
481 1
482 2
483 1
484 2
485 2
486 1
487 2
488 2
489 2
490 0
491 0
492 0
493 1
494 0
495 3
496 2
497 0
498 1
499 1
500 1
501 1
502 0
503 1
504 2
505 3
506 2
507 1
508 4
509 3
510 3
511 3
512 1
513 1
514 1
515 4
516 1
517 2
518 3
519 3
520 2
521 2
522 2
523 2
524 1
525 0
526 1
527 1
528 0
529 1
530 2
531 3
532 2
533 0
534 0
535 1
536 2
537 1
538 0
539 0
540 1
541 0
542 1
543 2
544 0
545 0
546 1
547 0
548 1
549 1
550 2
551 1
552 1
553 0
554 1
555 3
556 0
557 1
558 2
559 1
560 1
561 6
562 1
563 0
564 1
565 2
566 3
567 4
568 1
569 2
570 2
571 1
572 0
573 1
574 1
575 2
576 0
577 4
578 1
579 1
580 0
581 1
582 0
583 1
584 0
585 2
586 2
587 2
588 2
589 0
590 0
591 1
592 2
593 3
594 1
595 1
596 0
597 1
598 1
599 4
600 1
601 1
602 0
603 3
604 2
605 3
606 1
607 0
608 3
609 2
610 0
611 1
612 2
613 0
614 2
615 0
616 0
617 0
618 1
619 0
620 0
621 1
622 1
623 0
624 1
625 1
626 2
627 2
628 3
629 0
630 3
631 3
632 1
633 2
634 1
635 3
636 1
637 2
638 1
639 4
640 0
641 1
642 2
643 0
644 2
645 2
646 1
647 3
648 1
649 1
650 1
651 1
652 0
653 2
654 2
655 1
656 3
657 0
658 2
659 0
660 2
661 3
662 1
663 3
664 2
665 2
666 0
667 1
668 3
669 0
670 0
671 1
672 3
673 1
674 2
675 3
676 2
677 2
678 1
679 3
680 1
681 0
682 0
683 3
684 0
685 2
686 3
687 2
688 1
689 3
690 1
691 1
692 0
693 2
694 1
695 1
696 1
697 1
698 0
699 1
700 4
701 2
702 1
703 2
704 2
705 0
706 2
707 1
708 0
709 0
710 0
711 1
712 3
713 1
714 1
715 0
716 1
717 4
718 0
719 0
720 1
721 1
722 2
723 1
724 2
725 1
726 1
727 2
728 1
729 0
730 0
731 2
732 1
733 1
734 0
735 2
736 0
737 0
738 2
739 3
740 6
741 2
742 4
743 1
744 3
745 1
746 0
747 1
748 1
749 1
750 2
751 2
752 1
753 4
754 0
755 4
756 3
757 1
758 2
759 2
760 3
761 0
762 4
763 1
764 3
765 3
766 1
767 3
768 0
769 2
770 3
771 2
772 0
773 1
774 1
775 0
776 4
777 1
778 1
779 0
780 1
781 2
782 1
783 1
784 2
785 0
786 0
787 1
788 1
789 1
790 0
791 0
792 2
793 0
794 3
795 2
796 1
797 1
798 1
799 1
800 0
801 2
802 3
803 0
804 0
805 1
806 4
807 4
808 1
809 1
810 1
811 1
812 2
813 0
814 1
815 3
816 3
817 1
818 2
819 6
820 2
821 1
822 0
823 1
824 0
825 1
826 2
827 0
828 1
829 3
830 1
831 2
832 0
833 2
834 1
835 4
836 0
837 4
838 2
839 2
840 2
841 4
842 4
843 0
844 3
845 2
846 2
847 1
848 3
849 0
850 1
851 0
852 3
853 1
854 2
855 0
856 2
857 1
858 2
859 1
860 1
861 1
862 1
863 4
864 4
865 2
866 1
867 1
868 2
869 3
870 2
871 0
872 0
873 3
874 2
875 3
876 0
877 2
878 2
879 1
880 1
881 2
882 1
883 3
884 1
885 0
886 0
887 1
888 1
889 2
890 1
891 1
892 0
893 2
894 1
895 1
896 1
897 1
898 5
899 3
900 0
901 0
902 0
903 0
904 2
905 5
906 1
907 2
908 1
909 0
910 0
911 3
912 2
913 2
914 1
915 3
916 1
917 1
918 4
919 2
920 2
921 2
922 1
923 2
924 1
925 3
926 3
927 2
928 3
929 1
930 1
931 1
932 0
933 1
934 0
935 1
936 1
937 0
938 1
939 1
940 3
941 3
942 1
943 1
944 1
945 1
946 3
947 0
948 1
949 1
950 2
951 2
952 1
953 1
954 4
955 2
956 1
957 0
958 2
959 3
960 3
961 0
962 1
963 2
964 0
965 1
966 2
967 1
968 0
969 0
970 2
971 3
972 0
973 1
974 1
975 2
976 2
977 1
978 4
979 1
980 1
981 1
982 4
983 1
984 0
985 3
986 1
987 1
988 2
989 1
990 0
991 3
992 1
993 0
994 2
995 1
996 3
997 2
998 0
999 3
1000 4
1001 2
1002 0
1003 0
1004 3
1005 5
1006 1
1007 2
1008 4
1009 1
1010 5
1011 4
1012 2
1013 1
1014 0
1015 1
1016 1
1017 1
1018 2
1019 2
1020 6
1021 3
1022 1
1023 3
1024 2
1025 0
1026 4
1027 2
1028 2
1029 1
1030 4
1031 0
1032 2
1033 1
1034 2
1035 3
1036 2
1037 1
1038 1
1039 5
1040 3
1041 0
1042 2
1043 4
1044 3
1045 2
1046 2
1047 1
1048 4
1049 1
1050 2
1051 2
1052 2
1053 1
1054 2
1055 2
1056 2
1057 3
1058 1
1059 0
1060 4
1061 1
1062 5
1063 2
1064 2
1065 2
1066 4
1067 5
1068 3
1069 4
1070 1
1071 3
1072 1
1073 1
1074 3
1075 4
1076 3
1077 1
1078 1
1079 4
1080 3
1081 0
1082 6
1083 2
1084 3
1085 2
1086 1
1087 1
1088 1
1089 3
1090 2
1091 4
1092 0
1093 2
1094 2
1095 2
1096 1
1097 3
1098 5
1099 3
1100 4
1101 4
1102 1
1103 6
1104 3
1105 2
1106 2
1107 3
1108 2
1109 4
1110 2
1111 4
1112 1
1113 0
1114 4
1115 5
1116 3
1117 1
1118 5
1119 5
1120 2
1121 4
1122 1
1123 2
1124 2
1125 1
1126 1
1127 1
1128 5
1129 4
1130 4
1131 9
1132 2
1133 1
1134 6
1135 4
1136 2
1137 4
1138 2
1139 3
1140 1
1141 2
1142 5
1143 5
1144 0
1145 6
1146 4
1147 1
1148 2
1149 2
1150 6
1151 5
1152 2
1153 4
1154 2
1155 5
1156 4
1157 4
1158 3
1159 2
1160 3
1161 4
1162 6
1163 3
1164 4
1165 0
1166 1
1167 4
1168 1
1169 5
1170 3
1171 2
1172 1
1173 2
1174 0
1175 4
1176 2
1177 2
1178 1
1179 4
1180 0
1181 2
1182 2
1183 5
1184 2
1185 5
1186 1
1187 0
1188 2
1189 1
1190 2
1191 7
1192 1
1193 1
1194 5
1195 4
1196 3
1197 3
1198 5
1199 2
1200 3
1201 3
1202 12
1203 3
1204 2
1205 1
1206 1
1207 2
1208 8
1209 3
1210 3
1211 3
1212 4
1213 3
1214 2
1215 3
1216 2
1217 3
1218 8
1219 4
1220 2
1221 3
1222 4
1223 5
1224 3
1225 4
1226 2
1227 6
1228 4
1229 7
1230 3
1231 4
1232 3
1233 3
1234 4
1235 5
1236 7
1237 6
1238 4
1239 7
1240 4
1241 4
1242 4
1243 2
1244 3
1245 8
1246 2
1247 3
1248 4
1249 3
1250 1
1251 1
1252 8
1253 1
1254 4
1255 6
1256 4
1257 2
1258 5
1259 2
1260 1
1261 8
1262 6
1263 4
1264 4
1265 4
1266 5
1267 8
1268 10
1269 2
1270 8
1271 9
1272 6
1273 1
1274 8
1275 4
1276 4
1277 6
1278 6
1279 7
1280 4
1281 2
1282 5
1283 2
1284 2
1285 8
1286 4
1287 3
1288 4
1289 5
1290 3
1291 4
1292 5
1293 2
1294 3
1295 8
1296 6
1297 6
1298 7
1299 4
1300 5
1301 8
1302 1
1303 2
1304 6
1305 4
1306 5
1307 5
1308 4
1309 8
1310 8
1311 6
1312 6
1313 5
1314 6
1315 3
1316 5
1317 7
1318 3
1319 3
1320 1
1321 5
1322 3
1323 11
1324 9
1325 2
1326 4
1327 4
1328 3
1329 3
1330 7
1331 3
1332 6
1333 2
1334 3
1335 1
1336 4
1337 6
1338 5
1339 5
1340 1
1341 5
1342 2
1343 1
1344 2
1345 5
1346 5
1347 2
1348 3
1349 1
1350 5
1351 2
1352 6
1353 6
1354 4
1355 6
1356 0
1357 3
1358 2
1359 1
1360 2
1361 7
1362 4
1363 3
1364 5
1365 2
1366 3
1367 3
1368 3
1369 2
1370 2
1371 3
1372 8
1373 3
1374 2
1375 4
1376 0
1377 4
1378 5
1379 1
1380 4
1381 4
1382 3
1383 2
1384 8
1385 4
1386 4
1387 2
1388 1
1389 2
1390 2
1391 5
1392 3
1393 4
1394 2
1395 5
1396 7
1397 1
1398 3
1399 3
1400 1
1401 1
1402 2
1403 4
1404 3
1405 4
1406 2
1407 2
1408 5
1409 2
1410 2
1411 8
1412 3
1413 5
1414 3
1415 2
1416 2
1417 2
1418 3
1419 5
1420 3
1421 5
1422 1
1423 5
1424 5
1425 4
1426 0
1427 4
1428 5
1429 4
1430 3
1431 3
1432 2
1433 5
1434 5
1435 8
1436 7
1437 5
1438 5
1439 3
1440 1
1441 12
1442 7
1443 5
1444 5
1445 1
1446 4
1447 3
1448 5
1449 2
1450 9
1451 3
1452 2
1453 8
1454 6
1455 5
1456 5
1457 4
1458 10
1459 5
1460 5
1461 7
1462 4
1463 6
1464 7
1465 5
1466 10
1467 8
1468 5
1469 6
1470 2
1471 7
1472 7
1473 8
1474 2
1475 2
1476 3
1477 5
1478 9
1479 3
1480 1
1481 4
1482 3
1483 6
1484 5
1485 5
1486 4
1487 4
1488 6
1489 3
1490 8
1491 1
1492 3
1493 6
1494 2
1495 3
1496 1
1497 2
1498 5
1499 3
1500 0
1501 1
1502 2
1503 4
1504 0
1505 3
1506 3
1507 2
1508 3
1509 4
1510 3
1511 1
1512 2
1513 0
1514 2
1515 4
1516 2
1517 1
1518 0
1519 5
1520 1
1521 0
1522 2
1523 1
1524 1
1525 2
1526 1
1527 1
1528 0
1529 0
1530 1
1531 2
1532 0
1533 1
1534 1
1535 1
1536 1
1537 1
1538 0
1539 0
1540 1
1541 1
1542 3
1543 1
1544 0
1545 0
1546 1
1547 2
1548 0
1549 2
1550 1
1551 1
1552 1
1553 2
1554 1
1555 1
1556 1
1557 3
1558 0
1559 0
1560 1
1561 2
1562 1
1563 1
1564 1
1565 0
1566 0
1567 1
1568 2
1569 0
1570 0
1571 4
1572 0
1573 1
1574 0
1575 2
1576 0
1577 1
1578 1
1579 1
1580 0
1581 2
1582 0
1583 0
1584 1
1585 0
1586 1
1587 1
1588 2
1589 0
1590 0
1591 1
1592 3
1593 3
1594 2
1595 1
1596 1
1597 2
1598 1
1599 1
1600 3
1601 3
1602 1
1603 3
1604 2
1605 3
1606 2
1607 1
1608 1
1609 0
1610 1
1611 1
1612 0
1613 4
1614 2
1615 1
1616 3
1617 2
1618 2
1619 0
1620 0
1621 2
1622 0
1623 1
1624 0
1625 1
1626 1
1627 1
1628 5
1629 1
1630 0
1631 1
1632 2
1633 1
1634 0
1635 1
1636 0
1637 0
1638 0
1639 2
1640 1
1641 1
1642 1
1643 1
1644 0
1645 0
1646 0
1647 1
1648 0
1649 2
1650 2
1651 0
1652 0
1653 0
1654 1
1655 2
1656 0
1657 1
1658 1
1659 0
1660 0
1661 0
1662 1
1663 1
1664 0
1665 1
1666 0
1667 0
1668 1
1669 1
1670 1
1671 0
1672 0
1673 2
1674 0
1675 0
1676 0
1677 0
1678 0
1679 0
1680 0
1681 1
1682 0
1683 0
1684 1
1685 0
1686 1
1687 0
1688 0
1689 0
1690 0
1691 0
1692 0
1693 0
1694 0
1695 0
1696 0
1697 0
1698 1
1699 0
1700 0
1701 0
1702 1
1703 0
1704 0
1705 1
1706 0
1707 0
1708 0
1709 0
1710 0
1711 0
1712 0
1713 0
1714 1
1715 0
1716 0
1717 0
1718 0
1719 0
1720 0
1721 0
1722 0
1723 0
1724 0
1725 0
1726 0
1727 0
1728 0
1729 1
1730 0
1731 0
1732 0
1733 0
1734 0
1735 0
1736 0
1737 0
1738 0
1739 0
1740 0
1741 0
1742 0
1743 0
1744 0
1745 0
1746 0
1747 0
1748 0
1749 0
1750 0
1751 0
1752 0
1753 0
1754 0
1755 0
1756 0
1757 0
1758 0
1759 0
1760 0
1761 0
1762 0
1763 0
1764 1
1765 0
1766 0
1767 0
1768 0
1769 0
1770 0
1771 0
1772 0
1773 0
1774 0
1775 0
1776 0
1777 0
1778 0
1779 0
1780 0
1781 0
1782 0
1783 2
1784 1
1785 0
1786 0
1787 0
1788 0
1789 1
1790 0
1791 0
1792 0
1793 0
1794 0
1795 1
1796 0
1797 0
1798 0
1799 1
1800 1
1801 0
1802 0
1803 0
1804 0
1805 0
1806 0
1807 0
1808 0
1809 0
1810 0
1811 0
1812 0
1813 1
1814 0
1815 0
1816 0
1817 0
1818 0
1819 0
1820 0
1821 0
1822 0
1823 0
1824 0
1825 0
1826 0
1827 0
1828 0
1829 0
1830 0
1831 0
1832 0
1833 0
1834 0
1835 0
1836 0
1837 0
1838 1
1839 0
1840 0
1841 0
1842 0
1843 0
1844 0
1845 0
1846 0
1847 0
1848 0
1849 0
1850 0
1851 1
1852 0
1853 0
1854 1
1855 0
1856 1
1857 0
1858 0
1859 0
1860 0
1861 0
1862 0
1863 1
1864 0
1865 0
1866 0
1867 1
1868 0
1869 0
1870 0
1871 0
1872 0
1873 0
1874 0
1875 1
1876 0
1877 0
1878 0
1879 0
1880 0
1881 0
1882 0
1883 0
1884 0
1885 2
1886 0
1887 1
1888 0
1889 0
1890 0
1891 0
1892 0
1893 0
1894 0
1895 0
1896 1
1897 0
1898 0
1899 0
1900 1
1901 0
1902 0
1903 0
1904 0
1905 0
1906 0
1907 2
1908 0
1909 2
1910 0
1911 0
1912 0
1913 1
1914 1
1915 0
1916 0
1917 0
1918 0
1919 0
1920 0
1921 1
1922 0
1923 0
1924 1
1925 0
1926 0
1927 0
1928 0
1929 0
1930 0
1931 0
1932 0
1933 0
1934 1
1935 0
1936 0
1937 0
1938 0
1939 0
1940 1
1941 0
1942 0
1943 0
1944 0
1945 0
1946 0
1947 0
1948 0
1949 0
1950 0
1951 0
1952 0
1953 0
1954 0
1955 0
1956 0
1957 0
1958 0
1959 0
1960 0
1961 0
1962 0
1963 0
1964 0
1965 1
1966 0
1967 0
1968 1
1969 1
1970 0
1971 0
1972 1
1973 0
1974 0
1975 0
1976 0
1977 0
1978 0
1979 0
1980 0
1981 0
1982 0
1983 0
1984 0
1985 0
1986 0
1987 0
1988 0
1989 0
1990 0
1991 1
1992 0
1993 0
1994 1
1995 0
1996 0
1997 0
1998 0
1999 0
2000 0
2001 0
2002 0
2003 0
2004 0
2005 0
2006 0
2007 0
2008 0
2009 0
2010 0
2011 0
2012 0
2013 0
2014 0
2015 0
2016 0
2017 0
2018 0
2019 0
2020 0
2021 0
2022 0
2023 0
2024 0
2025 0
2026 0
2027 0
2028 0
2029 0
2030 0
2031 0
2032 0
2033 0
2034 0
2035 0
2036 0
2037 0
2038 0
2039 0
2040 0
2041 0
2042 0
2043 0
2044 0
2045 0
2046 0
2047 0
