# Dead time factor = 1.00000
0 0
1 0
2 0
3 0
4 0
5 0
6 0
7 0
8 0
9 0
10 0
11 0
12 0
13 0
14 0
15 0
16 0
17 0
18 0
19 1
20 470
21 6709
22 8402
23 8528
24 8034
25 7774
26 7735
27 7399
28 7250
29 7019
30 7124
31 6937
32 6953
33 6984
34 7162
35 7269
36 7254
37 7250
38 7241
39 7304
40 7382
41 7514
42 7638
43 7726
44 7759
45 7754
46 7913
47 7806
48 8122
49 8132
50 8209
51 8287
52 8249
53 8448
54 8438
55 8678
56 8842
57 9185
58 9465
59 9609
60 10126
61 10413
62 10746
63 11010
64 11283
65 11597
66 11464
67 11641
68 11656
69 11878
70 11657
71 11584
72 11703
73 11808
74 11498
75 11514
76 10990
77 10704
78 10356
79 10186
80 9888
81 9488
82 9078
83 8732
84 8200
85 7801
86 7439
87 7060
88 6864
89 6461
90 6011
91 5885
92 5723
93 5640
94 5368
95 5183
96 5067
97 4892
98 4925
99 4727
100 4731
101 4469
102 4431
103 4581
104 4367
105 4231
106 4214
107 4144
108 4114
109 3974
110 4030
111 3954
112 3924
113 3864
114 3722
115 3851
116 3788
117 3823
118 3783
119 3755
120 3737
121 3745
122 3693
123 3751
124 3765
125 3720
126 3672
127 3730
128 3707
129 3803
130 3810
131 3778
132 3709
133 3749
134 3780
135 3751
136 3861
137 3836
138 3792
139 3895
140 3938
141 4008
142 3945
143 3876
144 3972
145 4021
146 3979
147 3939
148 3984
149 4074
150 3987
151 3920
152 3758
153 3820
154 3567
155 3690
156 3513
157 3318
158 3299
159 3220
160 3194
161 3052
162 2995
163 2844
164 2878
165 2755
166 2714
167 2654
168 2766
169 2621
170 2662
171 2600
172 2601
173 2572
174 2538
175 2554
176 2534
177 2483
178 2500
179 2559
180 2509
181 2531
182 2452
183 2445
184 2413
185 2338
186 2416
187 2261
188 2390
189 2396
190 2368
191 2370
192 2400
193 2342
194 2313
195 2326
196 2339
197 2373
198 2268
199 2426
200 2354
201 2291
202 2412
203 2410
204 2551
205 2579
206 2644
207 2855
208 3099
209 3376
210 3563
211 4116
212 4733
213 5506
214 6343
215 7263
216 8422
217 9774
218 11307
219 12694
220 14464
221 15850
222 17390
223 18974
224 19879
225 20867
226 21483
227 22097
228 21792
229 21198
230 20255
231 19521
232 18109
233 16602
234 14983
235 13425
236 11830
237 10349
238 9119
239 7822
240 6860
241 6084
242 5313
243 4765
244 4314
245 3976
246 3698
247 3333
248 3191
249 3011
250 2871
251 2629
252 2538
253 2337
254 2126
255 1991
256 1861
257 1656
258 1435
259 1290
260 1189
261 1081
262 926
263 812
264 723
265 673
266 542
267 490
268 464
269 370
270 361
271 336
272 314
273 276
274 299
275 289
276 268
277 257
278 235
279 248
280 239
281 295
282 250
283 264
284 250
285 210
286 266
287 285
288 251
289 258
290 247
291 270
292 259
293 228
294 235
295 279
296 266
297 264
298 257
299 273
300 245
301 254
302 272
303 268
304 250
305 219
306 250
307 241
308 235
309 263
310 271
311 256
312 248
313 236
314 213
315 231
316 222
317 250
318 197
319 208
320 210
321 222
322 220
323 212
324 184
325 180
326 211
327 215
328 172
329 174
330 203
331 208
332 187
333 198
334 149
335 172
336 153
337 177
338 172
339 167
340 165
341 185
342 171
343 168
344 154
345 166
346 165
347 159
348 157
349 170
350 164
351 176
352 172
353 142
354 146
355 168
356 159
357 153
358 178
359 153
360 178
361 153
362 147
363 151
364 158
365 151
366 151
367 157
368 135
369 139
370 130
371 128
372 132
373 136
374 153
375 150
376 125
377 129
378 151
379 160
380 174
381 183
382 211
383 216
384 216
385 245
386 288
387 310
388 360
389 404
390 424
391 487
392 496
393 539
394 559
395 607
396 636
397 657
398 673
399 673
400 668
401 652
402 677
403 602
404 675
405 650
406 609
407 526
408 516
409 526
410 492
411 435
412 422
413 400
414 372
415 329
416 296
417 291
418 258
419 245
420 224
421 184
422 190
423 162
424 180
425 165
426 147
427 170
428 147
429 165
430 162
431 177
432 150
433 169
434 188
435 189
436 195
437 268
438 259
439 254
440 324
441 322
442 366
443 397
444 389
445 441
446 455
447 527
448 513
449 527
450 515
451 524
452 623
453 540
454 546
455 557
456 571
457 549
458 515
459 508
460 442
461 488
462 450
463 443
464 408
465 419
466 332
467 311
468 294
469 297
470 246
471 222
472 213
473 173
474 182
475 167
476 149
477 164
478 127
479 116
480 118
481 116
482 100
483 90
484 85
485 103
486 84
487 84
488 69
489 70
490 64
491 81
492 82
493 63
494 59
495 58
496 60
497 66
498 39
499 58
500 38
501 57
502 45
503 39
504 55
505 36
506 49
507 46
508 28
509 29
510 25
511 38
512 24
513 20
514 25
515 21
516 18
517 20
518 16
519 20
520 23
521 8
522 17
523 15
524 18
525 15
526 13
527 19
528 10
529 7
530 14
531 11
532 15
533 16
534 4
535 9
536 9
537 12
538 4
539 13
540 6
541 10
542 8
543 8
544 10
545 2
546 11
547 6
548 5
549 9
550 11
551 3
552 8
553 6
554 8
555 9
556 8
557 7
558 4
559 11
560 11
561 7
562 15
563 3
564 3
565 10
566 10
567 3
568 4
569 5
570 9
571 6
572 8
573 7
574 8
575 4
576 6
577 5
578 2
579 3
580 3
581 4
582 12
583 4
584 5
585 7
586 4
587 5
588 4
589 8
590 4
591 4
592 5
593 2
594 7
595 7
596 7
597 9
598 3
599 2
600 4
601 5
602 6
603 6
604 2
605 4
606 10
607 2
608 7
609 8
610 6
611 3
612 5
613 6
614 5
615 7
616 4
617 4
618 7
619 4
620 5
621 5
622 8
623 3
624 6
625 5
626 10
627 6
628 4
629 8
630 7
631 6
632 4
633 1
634 2
635 6
636 10
637 6
638 10
639 1
640 7
641 5
642 6
643 3
644 7
645 3
646 3
647 4
648 5
649 3
650 3
651 4
652 5
653 5
654 5
655 5
656 3
657 2
658 2
659 2
660 5
661 6
662 5
663 1
664 1
665 7
666 1
667 4
668 3
669 1
670 4
671 2
672 6
673 2
674 5
675 2
676 0
677 3
678 2
679 3
680 1
681 7
682 7
683 1
684 5
685 3
686 2
687 3
688 2
689 5
690 3
691 6
692 5
693 3
694 2
695 1
696 2
697 3
698 7
699 2
700 2
701 3
702 2
703 6
704 5
705 1
706 2
707 2
708 3
709 1
710 5
711 1
712 4
713 1
714 0
715 3
716 4
717 4
718 5
719 5
720 1
721 5
722 1
723 4
724 7
725 6
726 4
727 2
728 4
729 4
730 3
731 2
732 2
733 0
734 2
735 2
736 0
737 5
738 1
739 4
740 7
741 2
742 4
743 3
744 0
745 4
746 4
747 1
748 1
749 2
750 2
751 1
752 4
753 3
754 0
755 3
756 4
757 3
758 3
759 3
760 4
761 5
762 2
763 2
764 3
765 1
766 3
767 5
768 3
769 2
770 1
771 5
772 2
773 0
774 4
775 5
776 3
777 2
778 1
779 3
780 7
781 2
782 2
783 3
784 2
785 2
786 2
787 2
788 0
789 2
790 0
791 5
792 1
793 1
794 3
795 1
796 0
797 1
798 1
799 3
800 0
801 6
802 1
803 2
804 3
805 1
806 1
807 1
808 2
809 1
810 1
811 1
812 0
813 2
814 1
815 2
816 2
817 1
818 1
819 1
820 0
821 0
822 1
823 2
824 3
825 1
826 3
827 0
828 1
829 2
830 1
831 2
832 0
833 3
834 2
835 1
836 1
837 1
838 1
839 1
840 3
841 2
842 3
843 6
844 3
845 2
846 0
847 3
848 1
849 1
850 4
851 0
852 1
853 1
854 4
855 4
856 2
857 0
858 1
859 5
860 4
861 2
862 4
863 5
864 2
865 5
866 3
867 3
868 3
869 2
870 5
871 4
872 1
873 2
874 2
875 3
876 1
877 4
878 3
879 5
880 0
881 1
882 1
883 1
884 6
885 3
886 4
887 3
888 1
889 3
890 2
891 2
892 3
893 3
894 4
895 1
896 2
897 0
898 0
899 1
900 2
901 1
902 1
903 1
904 2
905 1
906 3
907 1
908 0
909 1
910 0
911 2
912 1
913 1
914 1
915 3
916 1
917 0
918 1
919 2
920 1
921 2
922 0
923 0
924 0
925 1
926 0
927 0
928 3
929 1
930 1
931 0
932 0
933 0
934 0
935 1
936 0
937 2
938 1
939 1
940 2
941 0
942 0
943 0
944 1
945 0
946 0
947 0
948 0
949 0
950 1
951 2
952 1
953 1
954 0
955 1
956 1
957 0
958 0
959 2
960 0
961 1
962 0
963 0
964 0
965 1
966 0
967 1
968 0
969 1
970 0
971 0
972 0
973 0
974 0
975 0
976 0
977 0
978 0
979 0
980 1
981 0
982 0
983 1
984 0
985 0
986 1
987 0
988 0
989 0
990 0
991 0
992 1
993 0
994 0
995 0
996 0
997 0
998 0
999 0
1000 1
1001 1
1002 0
1003 0
1004 0
1005 0
1006 0
1007 0
1008 0
1009 0
1010 0
1011 1
1012 0
1013 0
1014 0
1015 0
1016 0
1017 0
1018 0
1019 0
1020 0
1021 0
1022 0
1023 0
1024 0
1025 0
1026 0
1027 0
1028 0
1029 0
1030 1
1031 1
1032 0
1033 0
1034 0
1035 1
1036 0
1037 0
1038 0
1039 0
1040 0
1041 0
1042 0
1043 0
1044 0
1045 0
1046 1
1047 0
1048 0
1049 1
1050 0
1051 0
1052 1
1053 1
1054 0
1055 0
1056 0
1057 1
1058 0
1059 0
1060 0
1061 0
1062 0
1063 0
1064 0
1065 0
1066 1
1067 0
1068 0
1069 0
1070 1
1071 0
1072 0
1073 0
1074 0
1075 0
1076 0
1077 0
1078 1
1079 0
1080 1
1081 2
1082 0
1083 0
1084 0
1085 0
1086 0
1087 0
1088 0
1089 0
1090 0
1091 0
1092 0
1093 0
1094 0
1095 1
1096 0
1097 1
1098 0
1099 1
1100 0
1101 0
1102 0
1103 0
1104 0
1105 0
1106 0
1107 1
1108 0
1109 1
1110 1
1111 1
1112 0
1113 0
1114 0
1115 0
1116 0
1117 0
1118 0
1119 1
1120 0
1121 0
1122 0
1123 0
1124 0
1125 0
1126 1
1127 0
1128 0
1129 0
1130 0
1131 1
1132 0
1133 1
1134 1
1135 0
1136 0
1137 0
1138 1
1139 0
1140 0
1141 0
1142 0
1143 0
1144 1
1145 0
1146 0
1147 0
1148 0
1149 0
1150 1
1151 0
1152 0
1153 0
1154 1
1155 0
1156 0
1157 0
1158 0
1159 0
1160 0
1161 0
1162 0
1163 0
1164 0
1165 0
1166 0
1167 0
1168 0
1169 1
1170 0
1171 1
1172 0
1173 0
1174 0
1175 0
1176 0
1177 0
1178 0
1179 0
1180 0
1181 0
1182 0
1183 0
1184 0
1185 1
1186 0
1187 0
1188 0
1189 0
1190 1
1191 0
1192 0
1193 1
1194 0
1195 0
1196 0
1197 0
1198 0
1199 0
1200 1
1201 1
1202 0
1203 0
1204 0
1205 0
1206 0
1207 0
1208 0
1209 0
1210 0
1211 0
1212 0
1213 0
1214 1
1215 0
1216 0
1217 0
1218 0
1219 0
1220 0
1221 0
1222 0
1223 0
1224 0
1225 0
1226 0
1227 0
1228 0
1229 0
1230 0
1231 0
1232 0
1233 0
1234 0
1235 0
1236 0
1237 0
1238 0
1239 0
1240 1
1241 0
1242 0
1243 0
1244 0
1245 0
1246 0
1247 0
1248 0
1249 0
1250 0
1251 0
1252 0
1253 0
1254 0
1255 0
1256 0
1257 0
1258 1
1259 0
1260 1
1261 0
1262 1
1263 0
1264 0
1265 0
1266 0
1267 0
1268 0
1269 0
1270 0
1271 0
1272 0
1273 0
1274 0
1275 1
1276 1
1277 0
1278 0
1279 0
1280 0
1281 0
1282 0
1283 0
1284 0
1285 1
1286 0
1287 0
1288 0
1289 0
1290 0
1291 0
1292 0
1293 0
1294 1
1295 0
1296 0
1297 0
1298 0
1299 1
1300 0
1301 0
1302 0
1303 0
1304 0
1305 0
1306 0
1307 0
1308 0
1309 0
1310 0
1311 0
1312 0
1313 0
1314 0
1315 0
1316 0
1317 0
1318 0
1319 0
1320 0
1321 0
1322 0
1323 0
1324 0
1325 0
1326 0
1327 2
1328 1
1329 0
1330 0
1331 0
1332 0
1333 0
1334 1
1335 0
1336 0
1337 0
1338 0
1339 0
1340 0
1341 0
1342 0
1343 0
1344 0
1345 1
1346 1
1347 0
1348 0
1349 0
1350 0
1351 0
1352 0
1353 0
1354 0
1355 0
1356 1
1357 0
1358 0
1359 0
1360 0
1361 0
1362 0
1363 0
1364 0
1365 0
1366 0
1367 0
1368 0
1369 0
1370 1
1371 0
1372 0
1373 0
1374 0
1375 0
1376 0
1377 0
1378 0
1379 0
1380 0
1381 0
1382 0
1383 1
1384 0
1385 0
1386 0
1387 2
1388 0
1389 0
1390 0
1391 0
1392 0
1393 0
1394 0
1395 0
1396 1
1397 0
1398 0
1399 1
1400 0
1401 0
1402 0
1403 0
1404 0
1405 0
1406 0
1407 0
1408 0
1409 0
1410 0
1411 0
1412 0
1413 0
1414 0
1415 0
1416 0
1417 0
1418 0
1419 1
1420 0
1421 0
1422 0
1423 0
1424 0
1425 0
1426 0
1427 0
1428 0
1429 0
1430 0
1431 0
1432 0
1433 0
1434 0
1435 1
1436 0
1437 0
1438 0
1439 1
1440 0
1441 0
1442 0
1443 0
1444 0
1445 0
1446 0
1447 0
1448 0
1449 0
1450 0
1451 0
1452 0
1453 0
1454 0
1455 0
1456 1
1457 0
1458 0
1459 0
1460 0
1461 0
1462 0
1463 0
1464 0
1465 0
1466 0
1467 0
1468 0
1469 0
1470 0
1471 0
1472 0
1473 0
1474 0
1475 0
1476 0
1477 0
1478 0
1479 0
1480 0
1481 0
1482 0
1483 0
1484 0
1485 0
1486 1
1487 0
1488 0
1489 0
1490 0
1491 1
1492 0
1493 0
1494 0
1495 1
1496 0
1497 0
1498 0
1499 1
1500 0
1501 0
1502 0
1503 0
1504 0
1505 0
1506 0
1507 0
1508 0
1509 0
1510 0
1511 0
1512 0
1513 0
1514 0
1515 0
1516 0
1517 0
1518 0
1519 0
1520 0
1521 1
1522 1
1523 0
1524 0
1525 0
1526 0
1527 0
1528 0
1529 0
1530 0
1531 0
1532 0
1533 0
1534 0
1535 0
1536 0
1537 0
1538 0
1539 0
1540 0
1541 0
1542 0
1543 0
1544 0
1545 0
1546 0
1547 1
1548 0
1549 0
1550 0
1551 0
1552 1
1553 0
1554 0
1555 0
1556 0
1557 0
1558 0
1559 0
1560 0
1561 0
1562 0
1563 1
1564 1
1565 0
1566 0
1567 0
1568 0
1569 0
1570 1
1571 0
1572 0
1573 0
1574 0
1575 0
1576 0
1577 0
1578 0
1579 0
1580 0
1581 0
1582 2
1583 0
1584 0
1585 0
1586 0
1587 0
1588 0
1589 0
1590 0
1591 0
1592 1
1593 0
1594 0
1595 0
1596 0
1597 0
1598 1
1599 0
1600 0
1601 0
1602 1
1603 0
1604 0
1605 0
1606 0
1607 0
1608 1
1609 0
1610 0
1611 0
1612 0
1613 0
1614 0
1615 0
1616 1
1617 0
1618 0
1619 0
1620 0
1621 0
1622 0
1623 0
1624 0
1625 0
1626 0
1627 0
1628 0
1629 0
1630 0
1631 1
1632 0
1633 0
1634 0
1635 0
1636 0
1637 0
1638 0
1639 0
1640 0
1641 1
1642 0
1643 0
1644 0
1645 0
1646 0
1647 1
1648 0
1649 0
1650 0
1651 0
1652 0
1653 0
1654 0
1655 0
1656 0
1657 0
1658 0
1659 0
1660 0
1661 0
1662 0
1663 0
1664 0
1665 0
1666 0
1667 1
1668 0
1669 0
1670 0
1671 0
1672 0
1673 0
1674 0
1675 1
1676 0
1677 0
1678 0
1679 0
1680 0
1681 0
1682 0
1683 0
1684 0
1685 0
1686 0
1687 0
1688 1
1689 0
1690 0
1691 0
1692 0
1693 1
1694 0
1695 0
1696 0
1697 0
1698 0
1699 0
1700 0
1701 0
1702 0
1703 0
1704 0
1705 0
1706 0
1707 0
1708 0
1709 0
1710 0
1711 0
1712 0
1713 0
1714 0
1715 0
1716 0
1717 0
1718 0
1719 0
1720 0
1721 0
1722 0
1723 0
1724 1
1725 1
1726 0
1727 0
1728 0
1729 0
1730 0
1731 0
1732 0
1733 0
1734 0
1735 0
1736 0
1737 0
1738 0
1739 0
1740 0
1741 0
1742 0
1743 1
1744 0
1745 0
1746 0
1747 0
1748 0
1749 0
1750 0
1751 0
1752 0
1753 0
1754 0
1755 1
1756 0
1757 0
1758 0
1759 1
1760 0
1761 0
1762 0
1763 0
1764 0
1765 0
1766 0
1767 0
1768 0
1769 0
1770 0
1771 0
1772 0
1773 0
1774 0
1775 0
1776 0
1777 0
1778 0
1779 0
1780 0
1781 0
1782 0
1783 0
1784 0
1785 0
1786 0
1787 0
1788 0
1789 0
1790 0
1791 0
1792 0
1793 0
1794 0
1795 0
1796 0
1797 0
1798 0
1799 0
1800 1
1801 0
1802 0
1803 0
1804 1
1805 0
1806 0
1807 0
1808 0
1809 0
1810 0
1811 0
1812 0
1813 0
1814 0
1815 1
1816 0
1817 2
1818 0
1819 0
1820 0
1821 0
1822 0
1823 0
1824 0
1825 0
1826 0
1827 0
1828 0
1829 0
1830 0
1831 0
1832 0
1833 0
1834 0
1835 0
1836 1
1837 0
1838 0
1839 0
1840 0
1841 1
1842 0
1843 0
1844 1
1845 0
1846 0
1847 0
1848 0
1849 0
1850 0
1851 1
1852 0
1853 0
1854 0
1855 0
1856 0
1857 0
1858 0
1859 0
1860 0
1861 0
1862 0
1863 0
1864 0
1865 0
1866 0
1867 0
1868 0
1869 0
1870 0
1871 0
1872 0
1873 0
1874 0
1875 0
1876 0
1877 0
1878 0
1879 0
1880 0
1881 0
1882 0
1883 0
1884 0
1885 0
1886 0
1887 0
1888 0
1889 0
1890 0
1891 0
1892 0
1893 0
1894 0
1895 1
1896 0
1897 0
1898 0
1899 0
1900 0
1901 0
1902 0
1903 0
1904 0
1905 0
1906 0
1907 1
1908 0
1909 0
1910 0
1911 0
1912 0
1913 0
1914 0
1915 0
1916 0
1917 0
1918 0
1919 0
1920 0
1921 0
1922 0
1923 0
1924 0
1925 0
1926 1
1927 0
1928 0
1929 0
1930 0
1931 0
1932 0
1933 0
1934 0
1935 0
1936 0
1937 0
1938 0
1939 1
1940 0
1941 0
1942 0
1943 0
1944 0
1945 0
1946 0
1947 0
1948 0
1949 0
1950 0
1951 0
1952 1
1953 0
1954 0
1955 0
1956 0
1957 0
1958 0
1959 1
1960 0
1961 1
1962 0
1963 1
1964 0
1965 0
1966 0
1967 0
1968 1
1969 0
1970 0
1971 0
1972 0
1973 0
1974 0
1975 0
1976 0
1977 0
1978 0
1979 1
1980 0
1981 0
1982 0
1983 1
1984 0
1985 0
1986 0
1987 0
1988 0
1989 0
1990 0
1991 2
1992 0
1993 0
1994 0
1995 0
1996 0
1997 0
1998 0
1999 0
2000 0
2001 0
2002 0
2003 0
2004 0
2005 0
2006 0
2007 0
2008 0
2009 0
2010 0
2011 0
2012 0
2013 0
2014 0
2015 0
2016 0
2017 0
2018 0
2019 0
2020 0
2021 0
2022 0
2023 0
2024 0
2025 0
2026 0
2027 0
2028 0
2029 0
2030 0
2031 0
2032 0
2033 0
2034 0
2035 0
2036 0
2037 0
2038 0
2039 0
2040 0
2041 0
2042 0
2043 0
2044 0
2045 0
2046 0
2047 0
