# Dead time factor = 1.00000
0 0
1 0
2 0
3 0
4 0
5 0
6 0
7 0
8 0
9 0
10 0
11 0
12 0
13 0
14 0
15 0
16 0
17 0
18 0
19 0
20 0
21 6
22 15
23 11
24 9
25 13
26 8
27 11
28 12
29 17
30 16
31 12
32 22
33 18
34 22
35 21
36 21
37 13
38 20
39 29
40 22
41 8
42 20
43 17
44 26
45 25
46 34
47 41
48 81
49 92
50 109
51 130
52 125
53 99
54 93
55 67
56 41
57 35
58 30
59 14
60 9
61 5
62 9
63 6
64 10
65 8
66 2
67 4
68 9
69 2
70 6
71 5
72 5
73 1
74 2
75 4
76 3
77 6
78 3
79 1
80 3
81 4
82 0
83 1
84 2
85 4
86 4
87 0
88 1
89 5
90 4
91 4
92 3
93 8
94 6
95 3
96 2
97 3
98 3
99 4
100 1
101 2
102 2
103 5
104 3
105 0
106 0
107 2
108 0
109 0
110 2
111 4
112 0
113 3
114 2
115 0
116 2
117 1
118 1
119 3
120 3
121 4
122 3
123 1
124 1
125 1
126 0
127 1
128 3
129 5
130 2
131 0
132 1
133 4
134 2
135 1
136 0
137 0
138 0
139 0
140 1
141 2
142 1
143 2
144 1
145 3
146 2
147 3
148 0
149 1
150 2
151 1
152 3
153 2
154 0
155 2
156 1
157 0
158 0
159 0
160 2
161 2
162 0
163 4
164 0
165 2
166 1
167 0
168 3
169 1
170 1
171 2
172 1
173 3
174 1
175 1
176 3
177 3
178 1
179 1
180 2
181 2
182 0
183 3
184 3
185 0
186 1
187 1
188 1
189 1
190 0
191 2
192 0
193 1
194 4
195 3
196 0
197 0
198 1
199 0
200 3
201 2
202 0
203 0
204 0
205 3
206 1
207 1
208 0
209 0
210 0
211 0
212 0
213 0
214 1
215 0
216 0
217 0
218 4
219 1
220 0
221 1
222 0
223 1
224 0
225 0
226 0
227 2
228 0
229 0
230 1
231 0
232 0
233 0
234 1
235 3
236 0
237 0
238 1
239 0
240 0
241 0
242 0
243 1
244 2
245 0
246 4
247 1
248 1
249 0
250 0
251 0
252 1
253 0
254 2
255 1
256 2
257 0
258 0
259 0
260 1
261 1
262 1
263 1
264 1
265 2
266 0
267 0
268 0
269 1
270 0
271 0
272 0
273 2
274 1
275 0
276 0
277 1
278 1
279 0
280 1
281 0
282 0
283 0
284 0
285 1
286 2
287 1
288 1
289 0
290 0
291 0
292 0
293 0
294 1
295 0
296 0
297 2
298 1
299 2
300 1
301 2
302 0
303 0
304 0
305 1
306 0
307 0
308 0
309 1
310 0
311 0
312 1
313 1
314 0
315 0
316 0
317 0
318 1
319 1
320 0
321 0
322 0
323 0
324 0
325 1
326 0
327 0
328 0
329 0
330 0
331 0
332 2
333 1
334 0
335 0
336 0
337 0
338 0
339 1
340 1
341 1
342 0
343 0
344 0
345 1
346 1
347 0
348 1
349 0
350 3
351 0
352 0
353 0
354 0
355 1
356 0
357 0
358 0
359 1
360 0
361 0
362 0
363 1
364 1
365 1
366 0
367 0
368 0
369 0
370 0
371 0
372 1
373 0
374 0
375 0
376 1
377 0
378 2
379 1
380 1
381 0
382 0
383 1
384 0
385 0
386 0
387 0
388 0
389 0
390 1
391 0
392 0
393 0
394 0
395 0
396 0
397 0
398 0
399 0
400 0
401 0
402 0
403 1
404 0
405 0
406 1
407 1
408 0
409 0
410 0
411 1
412 0
413 1
414 2
415 0
416 0
417 0
418 0
419 1
420 0
421 0
422 1
423 0
424 0
425 0
426 0
427 0
428 3
429 1
430 0
431 0
432 0
433 0
434 1
435 0
436 0
437 1
438 0
439 0
440 0
441 1
442 0
443 3
444 1
445 0
446 0
447 0
448 0
449 0
450 0
451 0
452 1
453 0
454 0
455 0
456 0
457 2
458 0
459 1
460 0
461 0
462 0
463 0
464 0
465 0
466 0
467 0
468 0
469 1
470 0
471 1
472 2
473 0
474 0
475 2
476 0
477 0
478 0
479 1
480 0
481 0
482 0
483 0
484 1
485 0
486 0
487 1
488 0
489 0
490 1
491 0
492 1
493 0
494 0
495 0
496 0
497 0
498 0
499 0
500 1
501 0
502 0
503 0
504 0
505 0
506 0
507 1
508 0
509 0
510 2
511 0
512 0
513 0
514 0
515 0
516 0
517 1
518 1
519 0
520 1
521 0
522 0
523 0
524 0
525 0
526 0
527 2
528 0
529 0
530 0
531 1
532 0
533 1
534 1
535 0
536 2
537 0
538 0
539 0
540 1
541 0
542 0
543 2
544 0
545 0
546 1
547 0
548 0
549 0
550 0
551 0
552 1
553 1
554 0
555 0
556 1
557 2
558 0
559 0
560 0
561 0
562 0
563 0
564 0
565 0
566 0
567 0
568 0
569 1
570 0
571 1
572 0
573 0
574 0
575 1
576 0
577 1
578 0
579 0
580 1
581 1
582 0
583 0
584 1
585 0
586 1
587 1
588 0
589 0
590 0
591 1
592 1
593 0
594 0
595 0
596 0
597 0
598 1
599 0
600 0
601 0
602 0
603 1
604 0
605 0
606 0
607 0
608 0
609 0
610 0
611 1
612 0
613 0
614 0
615 0
616 0
617 0
618 0
619 0
620 0
621 0
622 0
623 0
624 0
625 1
626 0
627 2
628 1
629 1
630 0
631 0
632 0
633 0
634 1
635 0
636 0
637 0
638 0
639 0
640 0
641 0
642 2
643 1
644 0
645 0
646 0
647 1
648 0
649 1
650 1
651 0
652 0
653 0
654 0
655 0
656 0
657 0
658 1
659 0
660 0
661 0
662 0
663 0
664 0
665 0
666 1
667 0
668 0
669 0
670 0
671 0
672 0
673 0
674 0
675 0
676 1
677 0
678 2
679 0
680 0
681 0
682 0
683 0
684 0
685 0
686 0
687 2
688 1
689 0
690 2
691 1
692 1
693 0
694 1
695 1
696 1
697 0
698 1
699 1
700 0
701 0
702 0
703 0
704 0
705 0
706 1
707 0
708 0
709 1
710 0
711 0
712 0
713 0
714 1
715 0
716 0
717 0
718 0
719 1
720 0
721 1
722 0
723 1
724 0
725 1
726 0
727 0
728 0
729 0
730 1
731 0
732 1
733 0
734 0
735 0
736 0
737 0
738 0
739 3
740 0
741 0
742 0
743 0
744 2
745 0
746 0
747 0
748 0
749 0
750 0
751 1
752 0
753 0
754 0
755 1
756 0
757 0
758 1
759 0
760 0
761 0
762 0
763 0
764 0
765 0
766 1
767 0
768 0
769 0
770 0
771 1
772 0
773 0
774 0
775 1
776 2
777 0
778 0
779 1
780 0
781 1
782 0
783 0
784 0
785 0
786 0
787 0
788 1
789 0
790 1
791 0
792 1
793 1
794 0
795 1
796 0
797 0
798 1
799 1
800 0
801 0
802 0
803 0
804 0
805 0
806 0
807 0
808 0
809 0
810 0
811 0
812 0
813 0
814 1
815 0
816 0
817 0
818 0
819 1
820 0
821 0
822 0
823 1
824 0
825 0
826 0
827 0
828 1
829 0
830 0
831 1
832 0
833 0
834 1
835 0
836 0
837 0
838 0
839 1
840 1
841 0
842 1
843 0
844 0
845 0
846 0
847 0
848 1
849 0
850 0
851 0
852 0
853 0
854 0
855 1
856 0
857 2
858 0
859 0
860 0
861 0
862 0
863 0
864 0
865 0
866 1
867 1
868 1
869 0
870 0
871 1
872 0
873 0
874 0
875 3
876 2
877 0
878 0
879 0
880 0
881 2
882 0
883 1
884 1
885 1
886 0
887 0
888 0
889 0
890 0
891 1
892 0
893 0
894 0
895 1
896 0
897 0
898 0
899 0
900 0
901 2
902 0
903 0
904 1
905 0
906 1
907 0
908 0
909 0
910 1
911 0
912 0
913 0
914 1
915 0
916 0
917 0
918 1
919 0
920 0
921 1
922 1
923 0
924 0
925 0
926 0
927 1
928 0
929 1
930 0
931 2
932 1
933 2
934 1
935 1
936 1
937 2
938 0
939 0
940 0
941 1
942 0
943 0
944 0
945 0
946 1
947 0
948 0
949 0
950 2
951 0
952 0
953 1
954 1
955 1
956 0
957 0
958 1
959 0
960 0
961 0
962 0
963 0
964 0
965 0
966 1
967 0
968 0
969 0
970 0
971 0
972 0
973 0
974 0
975 0
976 0
977 0
978 0
979 0
980 0
981 0
982 0
983 0
984 0
985 0
986 0
987 0
988 0
989 1
990 1
991 0
992 0
993 0
994 0
995 0
996 0
997 0
998 1
999 1
1000 0
1001 0
1002 0
1003 0
1004 0
1005 0
1006 0
1007 1
1008 1
1009 0
1010 1
1011 0
1012 0
1013 0
1014 0
1015 0
1016 1
1017 0
1018 1
1019 0
1020 0
1021 0
1022 0
1023 1
1024 0
1025 0
1026 1
1027 0
1028 0
1029 0
1030 0
1031 0
1032 0
1033 1
1034 2
1035 0
1036 0
1037 0
1038 0
1039 0
1040 0
1041 0
1042 1
1043 0
1044 0
1045 0
1046 0
1047 0
1048 0
1049 0
1050 1
1051 0
1052 1
1053 0
1054 0
1055 0
1056 1
1057 0
1058 0
1059 0
1060 0
1061 1
1062 0
1063 0
1064 0
1065 0
1066 1
1067 0
1068 0
1069 0
1070 0
1071 0
1072 0
1073 0
1074 0
1075 1
1076 0
1077 0
1078 0
1079 1
1080 0
1081 1
1082 0
1083 1
1084 0
1085 0
1086 0
1087 0
1088 1
1089 2
1090 0
1091 2
1092 1
1093 0
1094 1
1095 0
1096 2
1097 2
1098 0
1099 0
1100 0
1101 0
1102 1
1103 0
1104 0
1105 1
1106 1
1107 0
1108 1
1109 0
1110 0
1111 2
1112 1
1113 1
1114 0
1115 0
1116 0
1117 1
1118 0
1119 1
1120 1
1121 1
1122 0
1123 1
1124 0
1125 1
1126 0
1127 1
1128 0
1129 0
1130 2
1131 1
1132 0
1133 0
1134 1
1135 0
1136 1
1137 0
1138 0
1139 2
1140 0
1141 2
1142 2
1143 0
1144 0
1145 0
1146 1
1147 0
1148 1
1149 0
1150 0
1151 0
1152 1
1153 1
1154 0
1155 0
1156 1
1157 0
1158 0
1159 1
1160 0
1161 1
1162 2
1163 0
1164 2
1165 1
1166 0
1167 0
1168 0
1169 1
1170 0
1171 0
1172 0
1173 2
1174 3
1175 1
1176 1
1177 1
1178 2
1179 0
1180 0
1181 2
1182 0
1183 1
1184 0
1185 1
1186 0
1187 0
1188 0
1189 0
1190 3
1191 0
1192 1
1193 0
1194 0
1195 1
1196 0
1197 0
1198 1
1199 1
1200 0
1201 0
1202 0
1203 1
1204 0
1205 0
1206 0
1207 0
1208 1
1209 1
1210 1
1211 0
1212 1
1213 2
1214 1
1215 0
1216 0
1217 0
1218 0
1219 1
1220 0
1221 0
1222 1
1223 1
1224 1
1225 0
1226 0
1227 0
1228 0
1229 1
1230 0
1231 0
1232 0
1233 1
1234 0
1235 1
1236 0
1237 0
1238 0
1239 2
1240 1
1241 0
1242 0
1243 1
1244 2
1245 0
1246 2
1247 0
1248 0
1249 0
1250 0
1251 0
1252 0
1253 0
1254 0
1255 0
1256 0
1257 0
1258 1
1259 1
1260 1
1261 1
1262 1
1263 0
1264 1
1265 0
1266 2
1267 1
1268 1
1269 1
1270 1
1271 2
1272 0
1273 0
1274 1
1275 1
1276 0
1277 0
1278 1
1279 1
1280 0
1281 0
1282 1
1283 2
1284 0
1285 0
1286 1
1287 1
1288 0
1289 1
1290 0
1291 0
1292 0
1293 0
1294 0
1295 0
1296 1
1297 1
1298 0
1299 0
1300 1
1301 2
1302 0
1303 0
1304 0
1305 1
1306 1
1307 0
1308 1
1309 0
1310 0
1311 1
1312 0
1313 2
1314 1
1315 1
1316 2
1317 3
1318 2
1319 0
1320 0
1321 1
1322 0
1323 3
1324 1
1325 0
1326 0
1327 1
1328 1
1329 0
1330 0
1331 0
1332 0
1333 1
1334 1
1335 0
1336 1
1337 0
1338 0
1339 1
1340 0
1341 2
1342 0
1343 1
1344 1
1345 1
1346 1
1347 0
1348 1
1349 1
1350 0
1351 0
1352 0
1353 0
1354 0
1355 0
1356 1
1357 0
1358 1
1359 0
1360 0
1361 0
1362 0
1363 1
1364 0
1365 0
1366 0
1367 0
1368 0
1369 0
1370 1
1371 0
1372 0
1373 0
1374 0
1375 1
1376 1
1377 1
1378 1
1379 2
1380 1
1381 0
1382 0
1383 0
1384 0
1385 2
1386 1
1387 0
1388 0
1389 0
1390 0
1391 1
1392 0
1393 0
1394 1
1395 0
1396 0
1397 1
1398 0
1399 0
1400 0
1401 0
1402 1
1403 0
1404 2
1405 2
1406 0
1407 1
1408 1
1409 1
1410 0
1411 0
1412 0
1413 2
1414 1
1415 1
1416 0
1417 2
1418 0
1419 1
1420 1
1421 1
1422 0
1423 1
1424 1
1425 0
1426 0
1427 0
1428 0
1429 1
1430 0
1431 0
1432 0
1433 0
1434 0
1435 2
1436 4
1437 1
1438 0
1439 1
1440 1
1441 1
1442 0
1443 0
1444 1
1445 1
1446 0
1447 1
1448 0
1449 1
1450 1
1451 0
1452 1
1453 2
1454 3
1455 2
1456 1
1457 0
1458 0
1459 1
1460 1
1461 0
1462 0
1463 0
1464 0
1465 0
1466 0
1467 1
1468 0
1469 2
1470 2
1471 1
1472 1
1473 0
1474 2
1475 0
1476 0
1477 1
1478 0
1479 0
1480 1
1481 0
1482 0
1483 1
1484 1
1485 1
1486 2
1487 3
1488 1
1489 0
1490 2
1491 0
1492 2
1493 1
1494 1
1495 1
1496 0
1497 0
1498 0
1499 1
1500 1
1501 0
1502 0
1503 1
1504 0
1505 1
1506 0
1507 0
1508 0
1509 0
1510 1
1511 1
1512 0
1513 2
1514 2
1515 1
1516 0
1517 0
1518 1
1519 0
1520 0
1521 1
1522 0
1523 1
1524 0
1525 0
1526 0
1527 0
1528 0
1529 0
1530 0
1531 0
1532 1
1533 0
1534 0
1535 0
1536 0
1537 0
1538 0
1539 0
1540 1
1541 0
1542 0
1543 0
1544 0
1545 0
1546 0
1547 0
1548 1
1549 0
1550 0
1551 0
1552 0
1553 0
1554 1
1555 0
1556 0
1557 0
1558 0
1559 0
1560 1
1561 0
1562 0
1563 0
1564 0
1565 0
1566 0
1567 0
1568 0
1569 1
1570 1
1571 2
1572 0
1573 1
1574 0
1575 0
1576 0
1577 0
1578 0
1579 0
1580 1
1581 0
1582 0
1583 2
1584 0
1585 0
1586 0
1587 0
1588 0
1589 0
1590 0
1591 0
1592 0
1593 0
1594 0
1595 1
1596 0
1597 0
1598 0
1599 0
1600 0
1601 0
1602 0
1603 0
1604 0
1605 0
1606 1
1607 0
1608 0
1609 0
1610 0
1611 0
1612 0
1613 0
1614 0
1615 0
1616 0
1617 0
1618 0
1619 0
1620 0
1621 0
1622 0
1623 0
1624 0
1625 0
1626 0
1627 0
1628 1
1629 0
1630 0
1631 0
1632 0
1633 0
1634 0
1635 0
1636 0
1637 0
1638 0
1639 0
1640 0
1641 0
1642 0
1643 0
1644 0
1645 0
1646 1
1647 0
1648 0
1649 0
1650 0
1651 0
1652 0
1653 0
1654 0
1655 0
1656 0
1657 0
1658 0
1659 1
1660 0
1661 0
1662 0
1663 1
1664 0
1665 0
1666 0
1667 1
1668 0
1669 0
1670 0
1671 0
1672 0
1673 0
1674 0
1675 0
1676 0
1677 0
1678 0
1679 1
1680 0
1681 0
1682 0
1683 0
1684 0
1685 0
1686 0
1687 0
1688 0
1689 0
1690 0
1691 0
1692 0
1693 1
1694 1
1695 1
1696 0
1697 0
1698 0
1699 0
1700 0
1701 0
1702 0
1703 0
1704 0
1705 0
1706 0
1707 1
1708 0
1709 0
1710 0
1711 0
1712 0
1713 0
1714 0
1715 0
1716 0
1717 0
1718 0
1719 0
1720 0
1721 0
1722 0
1723 0
1724 0
1725 0
1726 0
1727 0
1728 0
1729 0
1730 0
1731 0
1732 0
1733 0
1734 0
1735 0
1736 0
1737 0
1738 0
1739 0
1740 0
1741 0
1742 0
1743 0
1744 0
1745 0
1746 0
1747 0
1748 0
1749 2
1750 0
1751 0
1752 0
1753 0
1754 1
1755 0
1756 2
1757 0
1758 0
1759 0
1760 0
1761 1
1762 0
1763 0
1764 0
1765 0
1766 0
1767 1
1768 0
1769 1
1770 0
1771 0
1772 0
1773 0
1774 0
1775 0
1776 0
1777 0
1778 0
1779 0
1780 0
1781 0
1782 0
1783 1
1784 0
1785 0
1786 0
1787 0
1788 0
1789 0
1790 0
1791 0
1792 1
1793 0
1794 0
1795 0
1796 0
1797 0
1798 1
1799 0
1800 0
1801 0
1802 0
1803 0
1804 0
1805 0
1806 0
1807 0
1808 0
1809 0
1810 0
1811 0
1812 0
1813 1
1814 0
1815 0
1816 0
1817 0
1818 0
1819 1
1820 0
1821 0
1822 2
1823 0
1824 0
1825 0
1826 0
1827 0
1828 0
1829 0
1830 0
1831 0
1832 0
1833 0
1834 0
1835 0
1836 0
1837 0
1838 0
1839 1
1840 0
1841 0
1842 1
1843 0
1844 0
1845 0
1846 0
1847 0
1848 0
1849 0
1850 1
1851 0
1852 0
1853 0
1854 0
1855 0
1856 0
1857 0
1858 0
1859 0
1860 0
1861 0
1862 0
1863 1
1864 0
1865 0
1866 0
1867 0
1868 0
1869 0
1870 0
1871 1
1872 0
1873 0
1874 0
1875 0
1876 0
1877 0
1878 0
1879 0
1880 0
1881 0
1882 0
1883 0
1884 0
1885 0
1886 0
1887 0
1888 0
1889 0
1890 0
1891 0
1892 0
1893 0
1894 0
1895 0
1896 0
1897 0
1898 0
1899 0
1900 0
1901 0
1902 0
1903 0
1904 0
1905 0
1906 0
1907 0
1908 0
1909 0
1910 0
1911 0
1912 0
1913 0
1914 1
1915 0
1916 0
1917 0
1918 0
1919 0
1920 0
1921 0
1922 0
1923 0
1924 0
1925 0
1926 0
1927 0
1928 0
1929 0
1930 0
1931 0
1932 0
1933 0
1934 0
1935 0
1936 0
1937 0
1938 0
1939 0
1940 0
1941 0
1942 0
1943 0
1944 0
1945 0
1946 0
1947 0
1948 0
1949 0
1950 1
1951 0
1952 0
1953 0
1954 0
1955 0
1956 0
1957 1
1958 0
1959 0
1960 0
1961 0
1962 0
1963 0
1964 0
1965 0
1966 0
1967 0
1968 0
1969 0
1970 0
1971 0
1972 0
1973 0
1974 0
1975 0
1976 0
1977 0
1978 0
1979 0
1980 0
1981 0
1982 0
1983 0
1984 0
1985 0
1986 0
1987 0
1988 0
1989 1
1990 1
1991 0
1992 1
1993 1
1994 0
1995 0
1996 0
1997 0
1998 0
1999 0
2000 0
2001 0
2002 0
2003 1
2004 0
2005 0
2006 0
2007 0
2008 0
2009 0
2010 0
2011 0
2012 0
2013 0
2014 1
2015 0
2016 0
2017 0
2018 0
2019 1
2020 0
2021 1
2022 0
2023 0
2024 0
2025 0
2026 0
2027 0
2028 0
2029 0
2030 0
2031 0
2032 0
2033 0
2034 0
2035 0
2036 0
2037 0
2038 0
2039 0
2040 0
2041 0
2042 0
2043 0
2044 0
2045 0
2046 0
2047 0
