# Dead time factor = 1.00000
0 0
1 0
2 0
3 0
4 0
5 0
6 0
7 0
8 0
9 0
10 0
11 0
12 0
13 0
14 0
15 0
16 0
17 0
18 0
19 0
20 0
21 17
22 15
23 17
24 16
25 14
26 25
27 15
28 20
29 23
30 14
31 17
32 22
33 23
34 21
35 32
36 31
37 34
38 31
39 40
40 40
41 30
42 27
43 28
44 23
45 33
46 42
47 62
48 87
49 103
50 139
51 147
52 143
53 122
54 112
55 81
56 60
57 51
58 29
59 29
60 22
61 20
62 16
63 19
64 17
65 19
66 20
67 11
68 15
69 19
70 10
71 10
72 13
73 18
74 15
75 13
76 18
77 13
78 15
79 9
80 13
81 23
82 17
83 15
84 19
85 16
86 6
87 18
88 22
89 15
90 22
91 16
92 12
93 18
94 18
95 16
96 21
97 12
98 11
99 13
100 10
101 14
102 16
103 10
104 8
105 14
106 14
107 15
108 12
109 21
110 10
111 11
112 7
113 6
114 10
115 8
116 8
117 12
118 9
119 18
120 9
121 13
122 7
123 14
124 7
125 15
126 3
127 13
128 12
129 10
130 16
131 17
132 14
133 8
134 17
135 10
136 7
137 7
138 11
139 13
140 10
141 7
142 8
143 7
144 10
145 8
146 11
147 11
148 9
149 7
150 14
151 4
152 7
153 10
154 10
155 12
156 9
157 16
158 14
159 13
160 15
161 3
162 12
163 15
164 18
165 11
166 21
167 23
168 22
169 28
170 22
171 15
172 17
173 21
174 20
175 23
176 18
177 16
178 20
179 12
180 12
181 11
182 17
183 13
184 7
185 9
186 10
187 11
188 4
189 6
190 7
191 7
192 8
193 12
194 10
195 7
196 7
197 8
198 4
199 11
200 6
201 7
202 6
203 7
204 1
205 10
206 14
207 4
208 4
209 8
210 7
211 10
212 5
213 12
214 9
215 5
216 3
217 5
218 3
219 6
220 9
221 5
222 12
223 9
224 4
225 6
226 6
227 5
228 5
229 5
230 8
231 5
232 5
233 5
234 8
235 9
236 6
237 8
238 9
239 6
240 9
241 5
242 6
243 4
244 4
245 7
246 3
247 8
248 7
249 16
250 8
251 8
252 9
253 8
254 4
255 6
256 10
257 2
258 7
259 2
260 12
261 8
262 3
263 7
264 6
265 7
266 5
267 5
268 7
269 3
270 4
271 4
272 6
273 3
274 5
275 3
276 10
277 2
278 7
279 5
280 4
281 5
282 10
283 6
284 4
285 3
286 6
287 6
288 6
289 4
290 9
291 0
292 9
293 6
294 9
295 10
296 5
297 8
298 4
299 6
300 7
301 7
302 5
303 11
304 5
305 1
306 5
307 5
308 2
309 8
310 7
311 8
312 7
313 8
314 0
315 5
316 7
317 3
318 3
319 4
320 7
321 3
322 5
323 6
324 9
325 2
326 5
327 5
328 8
329 8
330 9
331 4
332 5
333 4
334 5
335 6
336 9
337 4
338 2
339 2
340 4
341 3
342 13
343 11
344 9
345 7
346 7
347 4
348 7
349 8
350 8
351 6
352 6
353 6
354 5
355 2
356 3
357 4
358 1
359 7
360 8
361 8
362 7
363 2
364 3
365 9
366 5
367 4
368 3
369 9
370 4
371 3
372 4
373 1
374 6
375 1
376 7
377 4
378 3
379 7
380 3
381 6
382 4
383 7
384 4
385 7
386 4
387 6
388 7
389 6
390 4
391 8
392 3
393 3
394 6
395 6
396 4
397 4
398 3
399 3
400 3
401 2
402 6
403 6
404 5
405 4
406 4
407 4
408 4
409 3
410 5
411 7
412 6
413 2
414 7
415 5
416 5
417 3
418 5
419 7
420 7
421 7
422 5
423 5
424 2
425 3
426 3
427 1
428 3
429 4
430 5
431 5
432 2
433 8
434 5
435 7
436 4
437 7
438 6
439 2
440 3
441 4
442 10
443 0
444 2
445 5
446 2
447 5
448 9
449 8
450 5
451 6
452 8
453 8
454 9
455 4
456 3
457 4
458 4
459 1
460 7
461 6
462 2
463 4
464 5
465 5
466 2
467 5
468 3
469 5
470 4
471 7
472 4
473 6
474 7
475 4
476 6
477 3
478 7
479 3
480 8
481 4
482 2
483 3
484 3
485 6
486 6
487 3
488 1
489 4
490 4
491 7
492 3
493 8
494 3
495 11
496 5
497 5
498 6
499 2
500 4
501 4
502 6
503 3
504 1
505 4
506 2
507 3
508 7
509 7
510 5
511 2
512 4
513 4
514 7
515 5
516 3
517 4
518 5
519 2
520 9
521 3
522 5
523 4
524 2
525 4
526 3
527 4
528 1
529 7
530 3
531 3
532 4
533 5
534 3
535 7
536 3
537 3
538 4
539 5
540 3
541 6
542 8
543 3
544 6
545 3
546 5
547 6
548 7
549 6
550 6
551 6
552 5
553 3
554 3
555 4
556 3
557 5
558 4
559 6
560 3
561 6
562 6
563 3
564 8
565 5
566 3
567 6
568 4
569 2
570 5
571 6
572 6
573 2
574 4
575 4
576 6
577 2
578 7
579 5
580 3
581 10
582 8
583 3
584 6
585 7
586 7
587 5
588 0
589 3
590 7
591 2
592 1
593 7
594 6
595 4
596 2
597 9
598 4
599 4
600 3
601 5
602 7
603 3
604 6
605 6
606 3
607 4
608 4
609 2
610 4
611 4
612 6
613 8
614 4
615 7
616 5
617 4
618 4
619 3
620 4
621 5
622 5
623 2
624 6
625 0
626 3
627 6
628 6
629 0
630 4
631 4
632 2
633 3
634 7
635 7
636 7
637 6
638 3
639 5
640 2
641 6
642 4
643 6
644 3
645 8
646 5
647 5
648 3
649 4
650 4
651 4
652 3
653 3
654 0
655 2
656 10
657 3
658 4
659 3
660 3
661 3
662 4
663 4
664 5
665 5
666 5
667 3
668 4
669 5
670 4
671 2
672 5
673 5
674 4
675 8
676 5
677 6
678 4
679 5
680 3
681 0
682 2
683 3
684 2
685 5
686 8
687 4
688 2
689 6
690 3
691 5
692 9
693 5
694 3
695 6
696 3
697 4
698 3
699 3
700 5
701 5
702 2
703 6
704 10
705 3
706 4
707 4
708 6
709 3
710 7
711 5
712 5
713 0
714 6
715 6
716 1
717 2
718 6
719 5
720 4
721 6
722 4
723 1
724 5
725 8
726 5
727 4
728 4
729 7
730 5
731 2
732 5
733 3
734 2
735 5
736 4
737 3
738 5
739 4
740 8
741 10
742 3
743 4
744 4
745 4
746 5
747 4
748 5
749 4
750 6
751 6
752 4
753 9
754 4
755 4
756 2
757 6
758 4
759 6
760 3
761 2
762 4
763 11
764 6
765 3
766 4
767 2
768 4
769 9
770 5
771 3
772 7
773 0
774 3
775 1
776 9
777 6
778 2
779 5
780 6
781 11
782 3
783 2
784 4
785 9
786 2
787 7
788 4
789 6
790 7
791 5
792 4
793 6
794 4
795 7
796 2
797 5
798 2
799 6
800 8
801 6
802 6
803 7
804 6
805 4
806 5
807 3
808 2
809 4
810 2
811 4
812 4
813 4
814 12
815 6
816 4
817 7
818 5
819 4
820 3
821 5
822 4
823 4
824 2
825 3
826 2
827 3
828 9
829 5
830 3
831 4
832 5
833 6
834 4
835 8
836 6
837 4
838 3
839 10
840 6
841 4
842 7
843 3
844 2
845 5
846 4
847 2
848 7
849 5
850 9
851 4
852 6
853 3
854 3
855 6
856 5
857 11
858 13
859 3
860 3
861 6
862 6
863 4
864 8
865 9
866 6
867 9
868 8
869 7
870 4
871 10
872 5
873 3
874 6
875 4
876 4
877 6
878 7
879 9
880 8
881 8
882 4
883 7
884 6
885 5
886 3
887 7
888 7
889 3
890 12
891 6
892 4
893 3
894 6
895 4
896 6
897 3
898 4
899 4
900 2
901 4
902 2
903 5
904 7
905 5
906 2
907 6
908 6
909 3
910 7
911 2
912 2
913 8
914 10
915 6
916 3
917 7
918 3
919 2
920 7
921 3
922 9
923 2
924 3
925 6
926 11
927 6
928 7
929 4
930 5
931 6
932 4
933 3
934 5
935 8
936 7
937 6
938 5
939 6
940 4
941 5
942 4
943 6
944 5
945 9
946 4
947 4
948 6
949 7
950 7
951 6
952 6
953 11
954 1
955 6
956 7
957 2
958 6
959 7
960 7
961 2
962 4
963 4
964 3
965 7
966 8
967 10
968 6
969 6
970 9
971 1
972 6
973 10
974 5
975 6
976 4
977 4
978 4
979 2
980 3
981 7
982 9
983 4
984 8
985 4
986 5
987 5
988 5
989 7
990 6
991 10
992 8
993 7
994 5
995 7
996 13
997 6
998 6
999 4
1000 4
1001 3
1002 4
1003 8
1004 3
1005 9
1006 4
1007 6
1008 4
1009 5
1010 7
1011 2
1012 4
1013 10
1014 6
1015 6
1016 4
1017 7
1018 6
1019 10
1020 4
1021 5
1022 6
1023 1
1024 7
1025 7
1026 4
1027 7
1028 2
1029 2
1030 2
1031 3
1032 8
1033 8
1034 8
1035 7
1036 6
1037 6
1038 4
1039 5
1040 4
1041 2
1042 10
1043 9
1044 12
1045 4
1046 9
1047 8
1048 10
1049 9
1050 5
1051 4
1052 4
1053 13
1054 5
1055 12
1056 5
1057 7
1058 5
1059 6
1060 7
1061 10
1062 8
1063 13
1064 9
1065 6
1066 6
1067 8
1068 7
1069 5
1070 7
1071 10
1072 7
1073 13
1074 10
1075 6
1076 7
1077 5
1078 6
1079 6
1080 10
1081 12
1082 9
1083 8
1084 19
1085 11
1086 19
1087 19
1088 11
1089 8
1090 8
1091 9
1092 8
1093 8
1094 5
1095 11
1096 15
1097 10
1098 9
1099 3
1100 7
1101 10
1102 7
1103 11
1104 9
1105 10
1106 7
1107 13
1108 11
1109 4
1110 6
1111 8
1112 10
1113 8
1114 9
1115 9
1116 8
1117 12
1118 13
1119 5
1120 14
1121 9
1122 12
1123 16
1124 13
1125 9
1126 10
1127 15
1128 8
1129 16
1130 8
1131 10
1132 9
1133 10
1134 9
1135 7
1136 8
1137 13
1138 8
1139 1
1140 8
1141 7
1142 8
1143 14
1144 16
1145 7
1146 4
1147 8
1148 10
1149 12
1150 8
1151 9
1152 8
1153 13
1154 9
1155 10
1156 8
1157 13
1158 9
1159 13
1160 6
1161 17
1162 11
1163 10
1164 12
1165 7
1166 8
1167 10
1168 9
1169 10
1170 8
1171 7
1172 14
1173 8
1174 9
1175 12
1176 6
1177 13
1178 10
1179 7
1180 10
1181 10
1182 9
1183 8
1184 9
1185 12
1186 14
1187 9
1188 8
1189 13
1190 8
1191 10
1192 9
1193 11
1194 13
1195 8
1196 10
1197 7
1198 6
1199 9
1200 15
1201 7
1202 10
1203 14
1204 12
1205 21
1206 10
1207 8
1208 12
1209 16
1210 11
1211 7
1212 11
1213 6
1214 9
1215 13
1216 10
1217 11
1218 4
1219 11
1220 14
1221 13
1222 8
1223 15
1224 12
1225 8
1226 13
1227 8
1228 4
1229 7
1230 16
1231 16
1232 13
1233 9
1234 9
1235 13
1236 15
1237 12
1238 10
1239 9
1240 9
1241 12
1242 10
1243 6
1244 18
1245 12
1246 13
1247 22
1248 11
1249 8
1250 9
1251 8
1252 12
1253 13
1254 14
1255 10
1256 17
1257 10
1258 19
1259 15
1260 18
1261 20
1262 18
1263 18
1264 8
1265 17
1266 10
1267 23
1268 16
1269 12
1270 17
1271 11
1272 20
1273 17
1274 14
1275 15
1276 12
1277 16
1278 16
1279 14
1280 14
1281 11
1282 12
1283 17
1284 16
1285 21
1286 17
1287 13
1288 15
1289 13
1290 21
1291 17
1292 25
1293 19
1294 14
1295 20
1296 15
1297 15
1298 25
1299 16
1300 14
1301 26
1302 13
1303 16
1304 12
1305 14
1306 22
1307 11
1308 16
1309 16
1310 19
1311 14
1312 10
1313 13
1314 22
1315 15
1316 16
1317 17
1318 13
1319 12
1320 12
1321 21
1322 11
1323 25
1324 14
1325 17
1326 18
1327 10
1328 13
1329 23
1330 12
1331 13
1332 19
1333 21
1334 16
1335 17
1336 17
1337 17
1338 11
1339 19
1340 14
1341 13
1342 17
1343 12
1344 8
1345 12
1346 14
1347 11
1348 16
1349 12
1350 8
1351 10
1352 12
1353 9
1354 10
1355 12
1356 16
1357 9
1358 14
1359 12
1360 9
1361 12
1362 9
1363 11
1364 17
1365 14
1366 13
1367 15
1368 14
1369 10
1370 10
1371 5
1372 9
1373 13
1374 7
1375 12
1376 16
1377 9
1378 13
1379 8
1380 10
1381 3
1382 9
1383 11
1384 10
1385 9
1386 14
1387 14
1388 7
1389 8
1390 7
1391 10
1392 11
1393 11
1394 8
1395 13
1396 6
1397 10
1398 8
1399 6
1400 15
1401 15
1402 12
1403 16
1404 13
1405 10
1406 10
1407 20
1408 11
1409 10
1410 13
1411 20
1412 16
1413 5
1414 18
1415 14
1416 18
1417 21
1418 11
1419 15
1420 11
1421 14
1422 15
1423 13
1424 13
1425 15
1426 12
1427 19
1428 22
1429 19
1430 13
1431 15
1432 13
1433 20
1434 15
1435 29
1436 18
1437 23
1438 20
1439 15
1440 16
1441 17
1442 17
1443 17
1444 19
1445 16
1446 16
1447 21
1448 15
1449 14
1450 19
1451 15
1452 16
1453 22
1454 11
1455 22
1456 14
1457 17
1458 24
1459 16
1460 18
1461 10
1462 19
1463 21
1464 22
1465 16
1466 13
1467 21
1468 16
1469 17
1470 25
1471 13
1472 12
1473 20
1474 13
1475 15
1476 16
1477 14
1478 17
1479 17
1480 12
1481 27
1482 16
1483 19
1484 14
1485 13
1486 13
1487 5
1488 20
1489 15
1490 12
1491 19
1492 15
1493 11
1494 12
1495 12
1496 9
1497 10
1498 9
1499 11
1500 14
1501 13
1502 11
1503 6
1504 10
1505 11
1506 10
1507 12
1508 6
1509 12
1510 3
1511 13
1512 11
1513 11
1514 6
1515 9
1516 3
1517 3
1518 6
1519 4
1520 6
1521 6
1522 1
1523 8
1524 7
1525 3
1526 7
1527 2
1528 6
1529 8
1530 2
1531 9
1532 3
1533 2
1534 7
1535 8
1536 6
1537 2
1538 3
1539 4
1540 3
1541 5
1542 1
1543 3
1544 1
1545 4
1546 7
1547 5
1548 2
1549 4
1550 5
1551 3
1552 0
1553 2
1554 3
1555 0
1556 3
1557 5
1558 5
1559 3
1560 4
1561 5
1562 2
1563 2
1564 3
1565 1
1566 2
1567 2
1568 2
1569 4
1570 4
1571 4
1572 7
1573 4
1574 6
1575 2
1576 1
1577 3
1578 3
1579 6
1580 5
1581 6
1582 5
1583 1
1584 3
1585 1
1586 4
1587 3
1588 3
1589 5
1590 1
1591 1
1592 3
1593 4
1594 4
1595 1
1596 6
1597 7
1598 6
1599 5
1600 3
1601 5
1602 7
1603 1
1604 1
1605 9
1606 7
1607 6
1608 6
1609 1
1610 4
1611 5
1612 6
1613 7
1614 6
1615 2
1616 4
1617 7
1618 5
1619 10
1620 4
1621 5
1622 3
1623 5
1624 3
1625 11
1626 5
1627 9
1628 4
1629 6
1630 6
1631 7
1632 7
1633 4
1634 5
1635 4
1636 2
1637 2
1638 0
1639 5
1640 1
1641 4
1642 7
1643 3
1644 7
1645 3
1646 4
1647 4
1648 3
1649 3
1650 2
1651 1
1652 2
1653 2
1654 1
1655 1
1656 5
1657 0
1658 3
1659 3
1660 1
1661 4
1662 1
1663 3
1664 2
1665 7
1666 3
1667 1
1668 3
1669 1
1670 1
1671 4
1672 2
1673 1
1674 3
1675 2
1676 1
1677 1
1678 0
1679 0
1680 2
1681 1
1682 4
1683 1
1684 0
1685 0
1686 1
1687 1
1688 0
1689 0
1690 0
1691 1
1692 0
1693 1
1694 1
1695 1
1696 0
1697 1
1698 0
1699 2
1700 1
1701 1
1702 2
1703 2
1704 0
1705 1
1706 1
1707 0
1708 0
1709 1
1710 0
1711 0
1712 0
1713 1
1714 0
1715 0
1716 0
1717 1
1718 0
1719 0
1720 0
1721 0
1722 1
1723 0
1724 0
1725 0
1726 0
1727 0
1728 0
1729 0
1730 0
1731 0
1732 0
1733 0
1734 0
1735 0
1736 1
1737 0
1738 0
1739 0
1740 0
1741 0
1742 0
1743 1
1744 0
1745 0
1746 0
1747 0
1748 0
1749 0
1750 0
1751 0
1752 1
1753 0
1754 0
1755 0
1756 0
1757 0
1758 0
1759 0
1760 0
1761 0
1762 0
1763 0
1764 0
1765 0
1766 0
1767 0
1768 0
1769 0
1770 0
1771 0
1772 0
1773 0
1774 1
1775 0
1776 0
1777 0
1778 0
1779 0
1780 0
1781 1
1782 2
1783 0
1784 0
1785 1
1786 1
1787 0
1788 0
1789 0
1790 0
1791 0
1792 0
1793 0
1794 0
1795 0
1796 0
1797 1
1798 0
1799 0
1800 0
1801 1
1802 0
1803 0
1804 0
1805 0
1806 0
1807 0
1808 0
1809 0
1810 0
1811 0
1812 0
1813 0
1814 0
1815 0
1816 0
1817 0
1818 0
1819 0
1820 0
1821 0
1822 0
1823 0
1824 0
1825 0
1826 0
1827 0
1828 0
1829 0
1830 1
1831 0
1832 0
1833 0
1834 0
1835 1
1836 0
1837 0
1838 0
1839 0
1840 0
1841 0
1842 0
1843 0
1844 0
1845 0
1846 0
1847 0
1848 0
1849 1
1850 0
1851 0
1852 0
1853 0
1854 0
1855 0
1856 0
1857 1
1858 1
1859 0
1860 0
1861 0
1862 0
1863 1
1864 0
1865 0
1866 1
1867 1
1868 0
1869 1
1870 0
1871 0
1872 0
1873 0
1874 0
1875 0
1876 0
1877 0
1878 1
1879 0
1880 0
1881 0
1882 0
1883 0
1884 0
1885 0
1886 1
1887 0
1888 0
1889 0
1890 0
1891 0
1892 0
1893 0
1894 0
1895 0
1896 0
1897 0
1898 0
1899 0
1900 0
1901 1
1902 2
1903 1
1904 0
1905 0
1906 2
1907 1
1908 0
1909 0
1910 1
1911 0
1912 0
1913 0
1914 0
1915 0
1916 0
1917 0
1918 0
1919 1
1920 0
1921 0
1922 0
1923 0
1924 1
1925 0
1926 0
1927 0
1928 0
1929 0
1930 0
1931 0
1932 0
1933 0
1934 0
1935 0
1936 1
1937 0
1938 1
1939 0
1940 0
1941 0
1942 0
1943 1
1944 0
1945 0
1946 0
1947 0
1948 0
1949 0
1950 1
1951 0
1952 1
1953 0
1954 1
1955 0
1956 0
1957 0
1958 0
1959 0
1960 0
1961 0
1962 0
1963 0
1964 0
1965 1
1966 0
1967 0
1968 0
1969 0
1970 0
1971 1
1972 1
1973 0
1974 0
1975 1
1976 0
1977 0
1978 0
1979 0
1980 0
1981 0
1982 1
1983 0
1984 0
1985 0
1986 0
1987 0
1988 0
1989 0
1990 0
1991 0
1992 0
1993 1
1994 0
1995 1
1996 0
1997 0
1998 0
1999 0
2000 0
2001 0
2002 0
2003 0
2004 1
2005 0
2006 1
2007 0
2008 1
2009 0
2010 0
2011 0
2012 0
2013 1
2014 0
2015 0
2016 0
2017 0
2018 0
2019 0
2020 0
2021 0
2022 0
2023 0
2024 0
2025 0
2026 2
2027 1
2028 0
2029 0
2030 0
2031 0
2032 0
2033 0
2034 0
2035 0
2036 0
2037 0
2038 0
2039 0
2040 0
2041 0
2042 0
2043 0
2044 0
2045 0
2046 0
2047 0
