# Dead time factor = 1.00000
0 0
1 0
2 0
3 0
4 0
5 0
6 0
7 0
8 0
9 0
10 0
11 0
12 0
13 0
14 0
15 0
16 0
17 0
18 0
19 0
20 2
21 22
22 26
23 29
24 29
25 26
26 18
27 35
28 30
29 35
30 45
31 28
32 41
33 38
34 40
35 47
36 44
37 64
38 48
39 41
40 51
41 33
42 35
43 46
44 47
45 48
46 59
47 75
48 118
49 117
50 146
51 160
52 164
53 147
54 114
55 94
56 81
57 62
58 55
59 55
60 42
61 39
62 41
63 23
64 32
65 38
66 32
67 33
68 30
69 29
70 24
71 30
72 34
73 28
74 39
75 29
76 24
77 44
78 30
79 35
80 39
81 32
82 45
83 28
84 41
85 31
86 28
87 36
88 26
89 28
90 45
91 46
92 33
93 26
94 30
95 24
96 35
97 28
98 25
99 26
100 38
101 26
102 27
103 24
104 36
105 30
106 22
107 32
108 35
109 17
110 27
111 29
112 18
113 26
114 17
115 17
116 16
117 23
118 19
119 22
120 18
121 19
122 15
123 12
124 16
125 31
126 27
127 24
128 19
129 15
130 20
131 17
132 19
133 16
134 28
135 13
136 24
137 17
138 27
139 13
140 16
141 19
142 24
143 18
144 17
145 22
146 13
147 19
148 15
149 16
150 18
151 23
152 12
153 18
154 14
155 19
156 18
157 18
158 20
159 17
160 26
161 18
162 17
163 26
164 36
165 23
166 34
167 29
168 28
169 33
170 38
171 35
172 41
173 45
174 35
175 30
176 33
177 25
178 36
179 29
180 27
181 18
182 16
183 21
184 25
185 15
186 16
187 18
188 15
189 11
190 18
191 15
192 19
193 18
194 15
195 10
196 14
197 15
198 20
199 16
200 18
201 16
202 20
203 16
204 13
205 13
206 13
207 13
208 17
209 12
210 10
211 10
212 16
213 12
214 12
215 15
216 15
217 18
218 15
219 16
220 8
221 10
222 12
223 10
224 15
225 10
226 12
227 10
228 16
229 8
230 15
231 22
232 12
233 9
234 15
235 20
236 17
237 10
238 9
239 12
240 12
241 9
242 15
243 16
244 15
245 7
246 10
247 10
248 16
249 11
250 17
251 14
252 15
253 16
254 11
255 14
256 15
257 16
258 15
259 17
260 16
261 11
262 12
263 15
264 9
265 15
266 16
267 11
268 13
269 17
270 13
271 14
272 13
273 9
274 10
275 12
276 21
277 11
278 16
279 14
280 12
281 9
282 16
283 10
284 8
285 10
286 13
287 14
288 9
289 6
290 19
291 13
292 11
293 13
294 13
295 11
296 10
297 11
298 12
299 10
300 13
301 13
302 11
303 6
304 8
305 12
306 6
307 10
308 11
309 9
310 7
311 15
312 5
313 7
314 5
315 15
316 10
317 21
318 2
319 12
320 13
321 12
322 12
323 14
324 10
325 23
326 9
327 12
328 10
329 17
330 10
331 12
332 10
333 8
334 10
335 14
336 10
337 15
338 6
339 12
340 13
341 12
342 16
343 14
344 18
345 13
346 7
347 10
348 14
349 12
350 11
351 11
352 17
353 13
354 11
355 13
356 19
357 11
358 17
359 10
360 13
361 12
362 11
363 13
364 10
365 14
366 10
367 9
368 10
369 5
370 5
371 7
372 17
373 12
374 20
375 16
376 8
377 15
378 12
379 6
380 10
381 13
382 7
383 7
384 16
385 9
386 9
387 12
388 9
389 8
390 9
391 12
392 8
393 12
394 9
395 6
396 14
397 9
398 8
399 6
400 10
401 5
402 9
403 7
404 8
405 13
406 8
407 11
408 12
409 5
410 12
411 14
412 12
413 10
414 13
415 16
416 10
417 10
418 10
419 8
420 12
421 8
422 12
423 16
424 12
425 6
426 10
427 9
428 6
429 10
430 10
431 12
432 8
433 11
434 14
435 7
436 12
437 3
438 12
439 7
440 10
441 8
442 1
443 8
444 10
445 12
446 9
447 8
448 11
449 10
450 12
451 8
452 16
453 10
454 14
455 8
456 10
457 5
458 13
459 7
460 10
461 12
462 10
463 7
464 9
465 9
466 13
467 6
468 7
469 11
470 8
471 10
472 15
473 8
474 11
475 12
476 11
477 15
478 6
479 17
480 11
481 13
482 9
483 7
484 7
485 11
486 13
487 6
488 14
489 14
490 8
491 9
492 13
493 12
494 10
495 10
496 8
497 4
498 18
499 10
500 17
501 20
502 13
503 7
504 10
505 11
506 15
507 6
508 9
509 7
510 2
511 9
512 8
513 9
514 6
515 8
516 8
517 5
518 11
519 11
520 10
521 10
522 13
523 7
524 2
525 16
526 12
527 4
528 7
529 10
530 11
531 5
532 12
533 6
534 6
535 8
536 5
537 14
538 10
539 7
540 9
541 9
542 10
543 7
544 4
545 12
546 8
547 10
548 8
549 9
550 7
551 11
552 9
553 5
554 6
555 12
556 6
557 8
558 13
559 9
560 8
561 6
562 8
563 6
564 15
565 8
566 8
567 8
568 11
569 7
570 7
571 6
572 6
573 7
574 11
575 6
576 8
577 8
578 6
579 13
580 11
581 14
582 9
583 8
584 13
585 2
586 8
587 8
588 8
589 11
590 13
591 9
592 7
593 13
594 8
595 4
596 8
597 8
598 5
599 7
600 11
601 13
602 15
603 10
604 4
605 10
606 8
607 6
608 7
609 11
610 7
611 9
612 11
613 6
614 10
615 11
616 15
617 13
618 12
619 5
620 4
621 14
622 7
623 6
624 8
625 6
626 7
627 17
628 12
629 9
630 6
631 11
632 7
633 14
634 9
635 7
636 10
637 9
638 6
639 14
640 11
641 11
642 14
643 10
644 10
645 12
646 5
647 14
648 11
649 11
650 8
651 10
652 13
653 9
654 5
655 9
656 10
657 10
658 7
659 7
660 8
661 13
662 10
663 5
664 13
665 8
666 8
667 7
668 9
669 4
670 12
671 13
672 10
673 6
674 9
675 14
676 7
677 11
678 10
679 9
680 7
681 7
682 9
683 8
684 9
685 12
686 7
687 10
688 6
689 10
690 13
691 10
692 12
693 8
694 5
695 7
696 10
697 10
698 7
699 4
700 5
701 10
702 6
703 10
704 12
705 7
706 5
707 9
708 10
709 8
710 13
711 10
712 13
713 9
714 8
715 11
716 14
717 11
718 12
719 8
720 8
721 14
722 9
723 15
724 5
725 9
726 7
727 18
728 13
729 10
730 10
731 10
732 13
733 18
734 5
735 7
736 13
737 8
738 5
739 14
740 11
741 7
742 11
743 8
744 10
745 12
746 8
747 10
748 12
749 11
750 10
751 8
752 11
753 7
754 13
755 13
756 8
757 7
758 9
759 8
760 6
761 12
762 7
763 12
764 14
765 7
766 20
767 10
768 11
769 6
770 9
771 11
772 6
773 10
774 12
775 12
776 12
777 11
778 14
779 10
780 13
781 14
782 15
783 9
784 7
785 10
786 4
787 13
788 11
789 13
790 12
791 6
792 9
793 14
794 11
795 9
796 12
797 11
798 14
799 9
800 12
801 4
802 15
803 13
804 14
805 16
806 14
807 9
808 9
809 8
810 13
811 9
812 12
813 9
814 10
815 10
816 11
817 7
818 11
819 8
820 11
821 6
822 8
823 18
824 6
825 13
826 11
827 12
828 8
829 20
830 8
831 10
832 7
833 11
834 12
835 11
836 12
837 12
838 10
839 13
840 9
841 8
842 16
843 10
844 7
845 11
846 9
847 7
848 9
849 7
850 9
851 8
852 5
853 8
854 8
855 10
856 8
857 11
858 10
859 9
860 19
861 11
862 9
863 9
864 9
865 11
866 6
867 11
868 12
869 8
870 6
871 12
872 6
873 8
874 9
875 10
876 16
877 10
878 11
879 9
880 3
881 12
882 3
883 9
884 11
885 8
886 3
887 10
888 12
889 14
890 14
891 12
892 4
893 10
894 12
895 13
896 13
897 9
898 12
899 12
900 13
901 14
902 9
903 13
904 17
905 8
906 7
907 12
908 15
909 9
910 3
911 10
912 12
913 5
914 15
915 10
916 15
917 5
918 8
919 4
920 14
921 14
922 9
923 10
924 10
925 13
926 17
927 13
928 11
929 4
930 6
931 9
932 10
933 12
934 6
935 11
936 12
937 16
938 11
939 5
940 13
941 9
942 10
943 9
944 9
945 8
946 9
947 8
948 10
949 14
950 8
951 11
952 14
953 16
954 18
955 12
956 14
957 16
958 12
959 13
960 11
961 4
962 14
963 11
964 15
965 15
966 16
967 14
968 13
969 14
970 9
971 16
972 8
973 12
974 8
975 12
976 12
977 10
978 19
979 13
980 11
981 5
982 8
983 15
984 14
985 13
986 14
987 15
988 8
989 14
990 13
991 10
992 14
993 17
994 18
995 17
996 15
997 15
998 10
999 20
1000 11
1001 18
1002 16
1003 12
1004 13
1005 15
1006 13
1007 20
1008 12
1009 16
1010 15
1011 4
1012 8
1013 14
1014 10
1015 15
1016 17
1017 14
1018 15
1019 9
1020 12
1021 15
1022 12
1023 16
1024 11
1025 11
1026 9
1027 10
1028 11
1029 16
1030 13
1031 8
1032 12
1033 11
1034 9
1035 18
1036 13
1037 12
1038 11
1039 11
1040 10
1041 14
1042 9
1043 18
1044 9
1045 12
1046 10
1047 14
1048 11
1049 15
1050 16
1051 8
1052 22
1053 13
1054 10
1055 15
1056 14
1057 17
1058 11
1059 18
1060 13
1061 20
1062 15
1063 15
1064 17
1065 13
1066 24
1067 22
1068 15
1069 14
1070 9
1071 22
1072 15
1073 19
1074 7
1075 10
1076 17
1077 15
1078 11
1079 12
1080 20
1081 21
1082 17
1083 20
1084 19
1085 10
1086 19
1087 15
1088 24
1089 16
1090 16
1091 18
1092 14
1093 20
1094 16
1095 25
1096 24
1097 13
1098 22
1099 14
1100 20
1101 22
1102 20
1103 37
1104 20
1105 23
1106 10
1107 16
1108 17
1109 14
1110 26
1111 15
1112 17
1113 22
1114 24
1115 17
1116 16
1117 16
1118 20
1119 17
1120 22
1121 20
1122 27
1123 19
1124 18
1125 15
1126 19
1127 25
1128 18
1129 21
1130 16
1131 12
1132 19
1133 17
1134 21
1135 17
1136 19
1137 23
1138 14
1139 15
1140 17
1141 21
1142 23
1143 27
1144 19
1145 24
1146 25
1147 16
1148 27
1149 24
1150 18
1151 25
1152 16
1153 19
1154 19
1155 20
1156 17
1157 25
1158 14
1159 14
1160 21
1161 19
1162 15
1163 21
1164 27
1165 27
1166 23
1167 22
1168 22
1169 21
1170 20
1171 20
1172 29
1173 21
1174 21
1175 18
1176 19
1177 20
1178 19
1179 27
1180 24
1181 20
1182 20
1183 19
1184 23
1185 24
1186 19
1187 18
1188 19
1189 17
1190 21
1191 22
1192 20
1193 22
1194 26
1195 16
1196 21
1197 29
1198 28
1199 16
1200 29
1201 22
1202 28
1203 18
1204 27
1205 23
1206 24
1207 28
1208 22
1209 27
1210 21
1211 21
1212 29
1213 13
1214 24
1215 28
1216 22
1217 22
1218 24
1219 17
1220 24
1221 22
1222 23
1223 19
1224 30
1225 23
1226 22
1227 22
1228 20
1229 19
1230 24
1231 24
1232 21
1233 20
1234 28
1235 27
1236 27
1237 22
1238 25
1239 21
1240 29
1241 22
1242 29
1243 30
1244 29
1245 28
1246 25
1247 34
1248 22
1249 29
1250 37
1251 34
1252 36
1253 31
1254 27
1255 32
1256 42
1257 32
1258 28
1259 32
1260 33
1261 31
1262 38
1263 36
1264 32
1265 41
1266 24
1267 34
1268 25
1269 30
1270 37
1271 23
1272 24
1273 44
1274 23
1275 32
1276 30
1277 27
1278 30
1279 43
1280 31
1281 33
1282 28
1283 35
1284 41
1285 36
1286 37
1287 41
1288 40
1289 29
1290 35
1291 34
1292 48
1293 33
1294 30
1295 30
1296 41
1297 34
1298 48
1299 44
1300 27
1301 49
1302 37
1303 39
1304 30
1305 40
1306 33
1307 35
1308 46
1309 37
1310 32
1311 45
1312 35
1313 38
1314 39
1315 39
1316 39
1317 39
1318 39
1319 34
1320 38
1321 28
1322 36
1323 21
1324 44
1325 26
1326 32
1327 25
1328 19
1329 28
1330 35
1331 21
1332 38
1333 27
1334 24
1335 27
1336 30
1337 27
1338 28
1339 25
1340 38
1341 33
1342 24
1343 33
1344 38
1345 27
1346 26
1347 23
1348 41
1349 23
1350 25
1351 25
1352 24
1353 26
1354 31
1355 27
1356 26
1357 19
1358 19
1359 31
1360 26
1361 28
1362 26
1363 18
1364 24
1365 27
1366 26
1367 24
1368 28
1369 23
1370 28
1371 27
1372 27
1373 24
1374 21
1375 25
1376 16
1377 24
1378 23
1379 16
1380 32
1381 17
1382 15
1383 28
1384 25
1385 15
1386 16
1387 25
1388 18
1389 24
1390 13
1391 17
1392 25
1393 20
1394 22
1395 12
1396 32
1397 30
1398 26
1399 19
1400 19
1401 21
1402 23
1403 24
1404 32
1405 32
1406 28
1407 25
1408 24
1409 31
1410 29
1411 24
1412 29
1413 27
1414 24
1415 24
1416 31
1417 30
1418 33
1419 31
1420 23
1421 27
1422 19
1423 27
1424 27
1425 32
1426 31
1427 28
1428 25
1429 31
1430 33
1431 31
1432 31
1433 40
1434 31
1435 45
1436 53
1437 34
1438 55
1439 29
1440 40
1441 36
1442 44
1443 39
1444 38
1445 42
1446 39
1447 34
1448 37
1449 34
1450 34
1451 29
1452 35
1453 46
1454 28
1455 44
1456 31
1457 36
1458 32
1459 37
1460 37
1461 36
1462 33
1463 40
1464 30
1465 37
1466 44
1467 35
1468 32
1469 35
1470 40
1471 34
1472 45
1473 31
1474 26
1475 36
1476 26
1477 41
1478 34
1479 27
1480 26
1481 30
1482 41
1483 30
1484 18
1485 33
1486 34
1487 30
1488 18
1489 26
1490 31
1491 33
1492 19
1493 26
1494 33
1495 31
1496 36
1497 29
1498 29
1499 22
1500 30
1501 18
1502 17
1503 25
1504 20
1505 23
1506 23
1507 18
1508 28
1509 22
1510 21
1511 17
1512 14
1513 22
1514 23
1515 20
1516 15
1517 14
1518 11
1519 23
1520 27
1521 16
1522 7
1523 10
1524 8
1525 10
1526 13
1527 17
1528 14
1529 13
1530 8
1531 9
1532 15
1533 10
1534 13
1535 9
1536 7
1537 13
1538 10
1539 4
1540 15
1541 9
1542 11
1543 7
1544 7
1545 12
1546 13
1547 7
1548 8
1549 8
1550 9
1551 9
1552 13
1553 4
1554 7
1555 8
1556 9
1557 8
1558 8
1559 9
1560 4
1561 11
1562 7
1563 6
1564 8
1565 7
1566 7
1567 8
1568 6
1569 9
1570 5
1571 11
1572 6
1573 7
1574 6
1575 5
1576 7
1577 10
1578 8
1579 4
1580 7
1581 6
1582 6
1583 9
1584 4
1585 8
1586 11
1587 3
1588 10
1589 9
1590 12
1591 12
1592 6
1593 11
1594 9
1595 13
1596 5
1597 4
1598 8
1599 8
1600 9
1601 7
1602 14
1603 7
1604 9
1605 7
1606 9
1607 6
1608 9
1609 6
1610 7
1611 7
1612 12
1613 7
1614 14
1615 8
1616 7
1617 10
1618 14
1619 11
1620 11
1621 7
1622 14
1623 8
1624 9
1625 10
1626 7
1627 10
1628 7
1629 10
1630 12
1631 6
1632 9
1633 11
1634 8
1635 5
1636 6
1637 7
1638 6
1639 11
1640 10
1641 10
1642 7
1643 7
1644 7
1645 5
1646 5
1647 6
1648 7
1649 8
1650 9
1651 9
1652 10
1653 4
1654 7
1655 10
1656 2
1657 1
1658 5
1659 8
1660 7
1661 2
1662 5
1663 3
1664 7
1665 11
1666 2
1667 8
1668 6
1669 8
1670 2
1671 6
1672 5
1673 2
1674 2
1675 0
1676 3
1677 3
1678 4
1679 0
1680 2
1681 3
1682 0
1683 2
1684 4
1685 2
1686 3
1687 2
1688 2
1689 1
1690 1
1691 2
1692 1
1693 3
1694 1
1695 2
1696 1
1697 3
1698 0
1699 1
1700 1
1701 2
1702 2
1703 2
1704 0
1705 3
1706 0
1707 0
1708 0
1709 0
1710 1
1711 0
1712 1
1713 0
1714 0
1715 0
1716 1
1717 0
1718 0
1719 1
1720 0
1721 1
1722 0
1723 0
1724 0
1725 1
1726 0
1727 0
1728 1
1729 0
1730 2
1731 0
1732 0
1733 0
1734 1
1735 0
1736 0
1737 1
1738 0
1739 0
1740 0
1741 0
1742 1
1743 2
1744 0
1745 1
1746 0
1747 0
1748 0
1749 0
1750 0
1751 1
1752 0
1753 0
1754 1
1755 0
1756 0
1757 0
1758 0
1759 0
1760 0
1761 0
1762 0
1763 0
1764 0
1765 0
1766 0
1767 1
1768 1
1769 0
1770 0
1771 0
1772 1
1773 0
1774 0
1775 0
1776 1
1777 0
1778 0
1779 1
1780 0
1781 0
1782 0
1783 0
1784 0
1785 0
1786 0
1787 0
1788 0
1789 0
1790 0
1791 0
1792 0
1793 0
1794 1
1795 0
1796 0
1797 0
1798 0
1799 0
1800 0
1801 0
1802 0
1803 1
1804 0
1805 0
1806 0
1807 1
1808 0
1809 0
1810 0
1811 0
1812 0
1813 1
1814 0
1815 0
1816 1
1817 0
1818 0
1819 0
1820 0
1821 2
1822 1
1823 1
1824 0
1825 0
1826 0
1827 1
1828 0
1829 0
1830 0
1831 0
1832 0
1833 0
1834 0
1835 0
1836 0
1837 0
1838 1
1839 0
1840 1
1841 1
1842 0
1843 0
1844 0
1845 0
1846 0
1847 0
1848 0
1849 0
1850 0
1851 0
1852 0
1853 0
1854 0
1855 0
1856 1
1857 0
1858 1
1859 0
1860 1
1861 0
1862 0
1863 0
1864 0
1865 2
1866 0
1867 0
1868 1
1869 0
1870 1
1871 0
1872 0
1873 0
1874 1
1875 0
1876 1
1877 1
1878 1
1879 1
1880 2
1881 0
1882 2
1883 0
1884 0
1885 0
1886 0
1887 0
1888 0
1889 0
1890 0
1891 1
1892 0
1893 1
1894 0
1895 1
1896 0
1897 0
1898 1
1899 1
1900 0
1901 0
1902 0
1903 1
1904 0
1905 0
1906 0
1907 0
1908 0
1909 0
1910 0
1911 0
1912 0
1913 0
1914 0
1915 0
1916 0
1917 0
1918 0
1919 1
1920 0
1921 0
1922 1
1923 1
1924 1
1925 1
1926 1
1927 0
1928 0
1929 0
1930 0
1931 0
1932 1
1933 0
1934 0
1935 0
1936 0
1937 0
1938 0
1939 0
1940 1
1941 0
1942 0
1943 1
1944 1
1945 0
1946 1
1947 0
1948 0
1949 0
1950 0
1951 1
1952 0
1953 1
1954 0
1955 1
1956 0
1957 0
1958 0
1959 0
1960 0
1961 1
1962 1
1963 1
1964 1
1965 1
1966 0
1967 1
1968 0
1969 0
1970 0
1971 0
1972 0
1973 1
1974 1
1975 0
1976 0
1977 0
1978 0
1979 0
1980 0
1981 0
1982 0
1983 0
1984 0
1985 0
1986 0
1987 0
1988 1
1989 0
1990 1
1991 1
1992 0
1993 0
1994 0
1995 0
1996 0
1997 1
1998 1
1999 0
2000 1
2001 1
2002 0
2003 0
2004 0
2005 0
2006 1
2007 0
2008 1
2009 0
2010 0
2011 0
2012 0
2013 0
2014 1
2015 0
2016 0
2017 0
2018 0
2019 0
2020 0
2021 0
2022 0
2023 0
2024 0
2025 1
2026 0
2027 0
2028 0
2029 0
2030 0
2031 0
2032 0
2033 0
2034 0
2035 0
2036 0
2037 0
2038 0
2039 0
2040 0
2041 0
2042 0
2043 0
2044 0
2045 0
2046 0
2047 0
