# Dead time factor = 1.00000
0 0
1 0
2 0
3 0
4 0
5 0
6 0
7 0
8 0
9 0
10 0
11 0
12 0
13 0
14 0
15 0
16 0
17 0
18 0
19 0
20 2
21 22
22 33
23 25
24 38
25 34
26 30
27 38
28 28
29 35
30 30
31 30
32 27
33 43
34 46
35 43
36 33
37 53
38 44
39 51
40 61
41 35
42 34
43 45
44 44
45 41
46 66
47 88
48 86
49 135
50 166
51 170
52 164
53 125
54 105
55 87
56 80
57 56
58 57
59 45
60 32
61 29
62 32
63 29
64 25
65 29
66 32
67 31
68 30
69 37
70 22
71 30
72 43
73 35
74 34
75 37
76 42
77 31
78 30
79 34
80 24
81 32
82 33
83 45
84 40
85 26
86 46
87 36
88 34
89 31
90 48
91 40
92 34
93 27
94 25
95 25
96 17
97 34
98 28
99 35
100 31
101 39
102 32
103 24
104 19
105 21
106 24
107 29
108 28
109 18
110 34
111 21
112 18
113 23
114 16
115 17
116 21
117 16
118 24
119 29
120 25
121 19
122 19
123 27
124 16
125 18
126 18
127 25
128 13
129 18
130 16
131 22
132 20
133 26
134 15
135 8
136 16
137 16
138 15
139 22
140 12
141 18
142 20
143 13
144 29
145 11
146 17
147 15
148 14
149 24
150 14
151 18
152 11
153 15
154 12
155 23
156 20
157 19
158 18
159 20
160 18
161 25
162 30
163 22
164 27
165 25
166 31
167 36
168 45
169 48
170 32
171 45
172 45
173 39
174 28
175 35
176 30
177 34
178 29
179 23
180 22
181 16
182 27
183 20
184 17
185 26
186 18
187 22
188 17
189 18
190 20
191 9
192 13
193 24
194 14
195 15
196 16
197 16
198 15
199 9
200 16
201 12
202 14
203 15
204 17
205 14
206 22
207 17
208 14
209 15
210 14
211 10
212 14
213 12
214 16
215 13
216 17
217 9
218 10
219 15
220 16
221 22
222 12
223 18
224 20
225 11
226 16
227 15
228 17
229 18
230 16
231 17
232 19
233 7
234 12
235 12
236 15
237 22
238 18
239 10
240 15
241 16
242 18
243 9
244 17
245 14
246 7
247 14
248 23
249 17
250 11
251 10
252 9
253 18
254 17
255 7
256 16
257 13
258 21
259 16
260 15
261 13
262 11
263 9
264 14
265 17
266 10
267 6
268 12
269 10
270 16
271 15
272 12
273 13
274 16
275 16
276 11
277 11
278 8
279 22
280 20
281 10
282 8
283 14
284 13
285 12
286 3
287 8
288 15
289 15
290 9
291 10
292 12
293 11
294 9
295 9
296 10
297 8
298 16
299 11
300 17
301 7
302 15
303 15
304 9
305 14
306 6
307 8
308 15
309 12
310 11
311 10
312 16
313 6
314 13
315 12
316 15
317 11
318 10
319 10
320 13
321 7
322 6
323 8
324 8
325 12
326 14
327 8
328 9
329 10
330 9
331 15
332 15
333 8
334 8
335 15
336 15
337 9
338 15
339 16
340 16
341 9
342 12
343 20
344 7
345 10
346 12
347 13
348 17
349 20
350 7
351 21
352 12
353 15
354 9
355 19
356 11
357 14
358 8
359 10
360 12
361 6
362 11
363 8
364 13
365 7
366 7
367 10
368 4
369 10
370 8
371 12
372 5
373 10
374 14
375 6
376 7
377 13
378 9
379 3
380 10
381 11
382 10
383 7
384 15
385 4
386 13
387 5
388 9
389 10
390 4
391 11
392 17
393 5
394 11
395 6
396 5
397 13
398 10
399 4
400 14
401 9
402 12
403 10
404 8
405 9
406 2
407 8
408 7
409 9
410 5
411 11
412 10
413 16
414 9
415 12
416 14
417 8
418 8
419 10
420 6
421 9
422 12
423 6
424 12
425 18
426 12
427 8
428 8
429 7
430 12
431 10
432 10
433 8
434 9
435 3
436 11
437 7
438 8
439 8
440 11
441 11
442 7
443 5
444 12
445 7
446 7
447 15
448 15
449 8
450 11
451 16
452 7
453 11
454 8
455 11
456 8
457 12
458 8
459 8
460 11
461 10
462 3
463 8
464 11
465 11
466 10
467 4
468 7
469 11
470 10
471 11
472 11
473 7
474 7
475 13
476 11
477 12
478 9
479 14
480 12
481 7
482 10
483 11
484 7
485 8
486 10
487 10
488 9
489 8
490 8
491 7
492 10
493 11
494 14
495 14
496 15
497 6
498 12
499 5
500 8
501 7
502 9
503 9
504 10
505 8
506 8
507 7
508 6
509 17
510 8
511 11
512 9
513 5
514 9
515 12
516 11
517 14
518 10
519 12
520 9
521 11
522 9
523 4
524 5
525 10
526 8
527 8
528 10
529 4
530 5
531 9
532 8
533 11
534 8
535 10
536 8
537 5
538 10
539 4
540 10
541 12
542 7
543 6
544 10
545 11
546 12
547 7
548 11
549 13
550 9
551 4
552 15
553 9
554 7
555 9
556 5
557 13
558 9
559 10
560 5
561 9
562 10
563 8
564 7
565 15
566 18
567 11
568 8
569 5
570 13
571 9
572 9
573 6
574 13
575 7
576 6
577 12
578 8
579 5
580 11
581 12
582 14
583 16
584 9
585 6
586 10
587 12
588 12
589 4
590 9
591 8
592 6
593 9
594 7
595 9
596 15
597 12
598 10
599 10
600 11
601 5
602 10
603 10
604 10
605 12
606 12
607 7
608 7
609 9
610 7
611 8
612 6
613 9
614 11
615 10
616 10
617 11
618 7
619 6
620 9
621 7
622 9
623 11
624 10
625 8
626 6
627 13
628 15
629 9
630 14
631 10
632 11
633 9
634 11
635 6
636 9
637 6
638 9
639 5
640 10
641 12
642 9
643 9
644 8
645 10
646 9
647 8
648 16
649 7
650 15
651 14
652 10
653 7
654 11
655 7
656 11
657 10
658 10
659 8
660 5
661 10
662 10
663 10
664 10
665 10
666 12
667 12
668 11
669 10
670 6
671 7
672 9
673 6
674 11
675 5
676 12
677 12
678 12
679 5
680 6
681 11
682 5
683 12
684 9
685 9
686 10
687 9
688 13
689 9
690 7
691 10
692 7
693 15
694 10
695 8
696 14
697 11
698 4
699 14
700 10
701 14
702 10
703 3
704 7
705 10
706 11
707 6
708 5
709 11
710 6
711 8
712 7
713 8
714 12
715 9
716 14
717 3
718 11
719 10
720 14
721 12
722 9
723 8
724 12
725 16
726 9
727 17
728 4
729 8
730 6
731 9
732 8
733 4
734 6
735 6
736 8
737 4
738 9
739 7
740 5
741 14
742 9
743 8
744 13
745 18
746 8
747 18
748 10
749 9
750 12
751 15
752 8
753 9
754 7
755 10
756 6
757 11
758 10
759 15
760 4
761 11
762 9
763 10
764 12
765 8
766 9
767 5
768 11
769 6
770 10
771 15
772 11
773 8
774 12
775 14
776 8
777 12
778 9
779 9
780 10
781 8
782 15
783 10
784 9
785 11
786 8
787 4
788 9
789 9
790 9
791 9
792 14
793 7
794 14
795 7
796 7
797 6
798 9
799 9
800 6
801 12
802 12
803 17
804 6
805 13
806 6
807 9
808 8
809 7
810 10
811 8
812 8
813 6
814 10
815 10
816 14
817 9
818 13
819 8
820 15
821 13
822 17
823 13
824 6
825 11
826 11
827 9
828 10
829 7
830 7
831 12
832 18
833 8
834 8
835 7
836 11
837 11
838 21
839 12
840 15
841 13
842 12
843 15
844 13
845 14
846 8
847 13
848 6
849 7
850 8
851 13
852 9
853 9
854 7
855 15
856 8
857 10
858 8
859 9
860 11
861 5
862 11
863 11
864 11
865 9
866 11
867 12
868 14
869 8
870 9
871 6
872 10
873 7
874 17
875 10
876 8
877 12
878 11
879 13
880 8
881 11
882 7
883 11
884 16
885 8
886 14
887 13
888 14
889 14
890 8
891 12
892 12
893 8
894 6
895 9
896 11
897 9
898 6
899 13
900 12
901 8
902 8
903 8
904 15
905 11
906 10
907 8
908 9
909 14
910 12
911 6
912 14
913 7
914 14
915 8
916 11
917 12
918 12
919 13
920 14
921 15
922 10
923 24
924 6
925 14
926 12
927 4
928 8
929 13
930 13
931 8
932 12
933 15
934 11
935 14
936 11
937 10
938 10
939 11
940 8
941 9
942 8
943 18
944 10
945 14
946 7
947 13
948 17
949 19
950 7
951 12
952 7
953 17
954 16
955 18
956 11
957 17
958 7
959 8
960 17
961 10
962 16
963 10
964 10
965 9
966 15
967 10
968 10
969 15
970 11
971 14
972 13
973 5
974 12
975 18
976 10
977 5
978 17
979 10
980 7
981 10
982 20
983 21
984 8
985 7
986 10
987 13
988 9
989 11
990 8
991 13
992 9
993 19
994 5
995 17
996 15
997 11
998 16
999 11
1000 5
1001 16
1002 16
1003 10
1004 16
1005 17
1006 14
1007 10
1008 12
1009 10
1010 22
1011 12
1012 12
1013 14
1014 10
1015 9
1016 12
1017 13
1018 21
1019 8
1020 11
1021 15
1022 11
1023 9
1024 13
1025 15
1026 16
1027 19
1028 10
1029 11
1030 11
1031 13
1032 8
1033 16
1034 19
1035 13
1036 12
1037 11
1038 14
1039 16
1040 17
1041 10
1042 20
1043 13
1044 14
1045 10
1046 10
1047 19
1048 15
1049 13
1050 19
1051 16
1052 13
1053 19
1054 11
1055 13
1056 21
1057 12
1058 11
1059 27
1060 14
1061 23
1062 14
1063 16
1064 17
1065 15
1066 14
1067 10
1068 12
1069 18
1070 23
1071 19
1072 11
1073 16
1074 23
1075 23
1076 29
1077 13
1078 28
1079 14
1080 22
1081 14
1082 18
1083 26
1084 19
1085 16
1086 16
1087 17
1088 33
1089 25
1090 17
1091 22
1092 18
1093 20
1094 23
1095 16
1096 23
1097 22
1098 18
1099 24
1100 19
1101 14
1102 11
1103 18
1104 18
1105 22
1106 14
1107 22
1108 18
1109 15
1110 17
1111 17
1112 22
1113 24
1114 17
1115 21
1116 18
1117 20
1118 19
1119 18
1120 21
1121 26
1122 11
1123 21
1124 26
1125 23
1126 22
1127 22
1128 22
1129 27
1130 24
1131 25
1132 23
1133 18
1134 22
1135 23
1136 25
1137 23
1138 21
1139 22
1140 19
1141 24
1142 21
1143 16
1144 27
1145 23
1146 24
1147 16
1148 24
1149 16
1150 22
1151 24
1152 28
1153 17
1154 18
1155 20
1156 28
1157 25
1158 25
1159 14
1160 18
1161 16
1162 14
1163 26
1164 22
1165 20
1166 18
1167 15
1168 30
1169 21
1170 26
1171 20
1172 24
1173 18
1174 18
1175 33
1176 16
1177 19
1178 25
1179 25
1180 19
1181 20
1182 20
1183 24
1184 19
1185 22
1186 20
1187 20
1188 18
1189 24
1190 23
1191 22
1192 29
1193 22
1194 21
1195 20
1196 19
1197 21
1198 14
1199 19
1200 21
1201 20
1202 25
1203 23
1204 21
1205 31
1206 17
1207 24
1208 15
1209 16
1210 18
1211 18
1212 11
1213 35
1214 17
1215 13
1216 16
1217 36
1218 27
1219 21
1220 19
1221 19
1222 23
1223 24
1224 21
1225 31
1226 25
1227 25
1228 25
1229 22
1230 28
1231 20
1232 24
1233 17
1234 28
1235 23
1236 24
1237 25
1238 33
1239 30
1240 25
1241 31
1242 32
1243 25
1244 34
1245 37
1246 30
1247 15
1248 37
1249 32
1250 37
1251 29
1252 22
1253 31
1254 32
1255 34
1256 31
1257 37
1258 28
1259 34
1260 32
1261 38
1262 29
1263 27
1264 28
1265 22
1266 33
1267 39
1268 35
1269 36
1270 30
1271 29
1272 23
1273 27
1274 36
1275 26
1276 32
1277 33
1278 44
1279 26
1280 37
1281 39
1282 33
1283 38
1284 33
1285 42
1286 39
1287 38
1288 33
1289 41
1290 26
1291 36
1292 43
1293 36
1294 24
1295 36
1296 27
1297 49
1298 35
1299 36
1300 39
1301 35
1302 27
1303 24
1304 29
1305 30
1306 42
1307 32
1308 32
1309 36
1310 33
1311 23
1312 46
1313 22
1314 34
1315 34
1316 29
1317 37
1318 31
1319 37
1320 28
1321 39
1322 28
1323 30
1324 34
1325 26
1326 36
1327 28
1328 40
1329 26
1330 38
1331 28
1332 26
1333 35
1334 31
1335 26
1336 30
1337 36
1338 33
1339 29
1340 26
1341 23
1342 28
1343 29
1344 27
1345 22
1346 22
1347 31
1348 24
1349 30
1350 23
1351 29
1352 21
1353 13
1354 33
1355 26
1356 28
1357 34
1358 26
1359 28
1360 28
1361 23
1362 30
1363 24
1364 28
1365 17
1366 24
1367 32
1368 24
1369 20
1370 27
1371 23
1372 26
1373 31
1374 21
1375 31
1376 21
1377 20
1378 24
1379 23
1380 22
1381 22
1382 26
1383 18
1384 16
1385 21
1386 27
1387 18
1388 24
1389 29
1390 17
1391 33
1392 23
1393 22
1394 21
1395 34
1396 15
1397 29
1398 22
1399 24
1400 24
1401 25
1402 26
1403 26
1404 28
1405 28
1406 27
1407 25
1408 28
1409 24
1410 24
1411 33
1412 25
1413 33
1414 35
1415 34
1416 34
1417 35
1418 32
1419 25
1420 30
1421 35
1422 27
1423 31
1424 21
1425 30
1426 32
1427 34
1428 36
1429 19
1430 27
1431 37
1432 29
1433 31
1434 32
1435 43
1436 40
1437 37
1438 46
1439 36
1440 41
1441 31
1442 33
1443 25
1444 29
1445 33
1446 32
1447 28
1448 33
1449 40
1450 36
1451 36
1452 35
1453 43
1454 48
1455 41
1456 32
1457 31
1458 47
1459 29
1460 42
1461 37
1462 34
1463 39
1464 45
1465 36
1466 34
1467 41
1468 39
1469 45
1470 37
1471 44
1472 30
1473 35
1474 43
1475 40
1476 32
1477 37
1478 30
1479 36
1480 43
1481 30
1482 38
1483 43
1484 28
1485 25
1486 23
1487 28
1488 39
1489 20
1490 28
1491 24
1492 30
1493 16
1494 27
1495 29
1496 32
1497 29
1498 21
1499 22
1500 30
1501 32
1502 30
1503 32
1504 25
1505 22
1506 18
1507 16
1508 21
1509 18
1510 18
1511 25
1512 19
1513 16
1514 21
1515 17
1516 17
1517 20
1518 13
1519 17
1520 23
1521 18
1522 14
1523 12
1524 12
1525 15
1526 13
1527 10
1528 11
1529 7
1530 8
1531 12
1532 16
1533 15
1534 12
1535 10
1536 7
1537 7
1538 7
1539 13
1540 7
1541 9
1542 4
1543 4
1544 15
1545 4
1546 7
1547 10
1548 9
1549 8
1550 13
1551 4
1552 11
1553 6
1554 7
1555 9
1556 5
1557 3
1558 8
1559 7
1560 10
1561 14
1562 10
1563 9
1564 6
1565 5
1566 5
1567 7
1568 8
1569 4
1570 11
1571 6
1572 16
1573 10
1574 7
1575 10
1576 9
1577 9
1578 8
1579 1
1580 7
1581 6
1582 13
1583 5
1584 8
1585 5
1586 6
1587 9
1588 6
1589 7
1590 8
1591 7
1592 6
1593 6
1594 9
1595 6
1596 10
1597 7
1598 15
1599 12
1600 7
1601 6
1602 8
1603 6
1604 16
1605 10
1606 12
1607 12
1608 15
1609 10
1610 16
1611 11
1612 12
1613 10
1614 10
1615 14
1616 10
1617 8
1618 9
1619 11
1620 7
1621 8
1622 7
1623 11
1624 4
1625 10
1626 8
1627 11
1628 10
1629 5
1630 12
1631 13
1632 10
1633 4
1634 13
1635 8
1636 6
1637 6
1638 11
1639 5
1640 10
1641 11
1642 7
1643 13
1644 10
1645 3
1646 9
1647 4
1648 3
1649 6
1650 6
1651 6
1652 4
1653 9
1654 8
1655 9
1656 6
1657 9
1658 5
1659 5
1660 4
1661 5
1662 2
1663 4
1664 8
1665 7
1666 2
1667 3
1668 4
1669 0
1670 3
1671 2
1672 2
1673 2
1674 5
1675 1
1676 0
1677 2
1678 4
1679 1
1680 4
1681 1
1682 0
1683 0
1684 2
1685 0
1686 2
1687 1
1688 1
1689 2
1690 0
1691 3
1692 2
1693 1
1694 0
1695 0
1696 5
1697 3
1698 1
1699 4
1700 0
1701 0
1702 1
1703 0
1704 0
1705 0
1706 1
1707 1
1708 0
1709 1
1710 1
1711 3
1712 0
1713 1
1714 1
1715 2
1716 1
1717 0
1718 3
1719 0
1720 0
1721 0
1722 1
1723 0
1724 0
1725 0
1726 0
1727 1
1728 1
1729 0
1730 0
1731 1
1732 1
1733 0
1734 1
1735 0
1736 0
1737 1
1738 2
1739 0
1740 0
1741 0
1742 0
1743 0
1744 0
1745 1
1746 0
1747 2
1748 0
1749 0
1750 0
1751 0
1752 0
1753 0
1754 0
1755 1
1756 1
1757 2
1758 0
1759 0
1760 0
1761 0
1762 2
1763 0
1764 0
1765 0
1766 0
1767 0
1768 0
1769 0
1770 0
1771 0
1772 1
1773 0
1774 0
1775 0
1776 1
1777 0
1778 0
1779 0
1780 1
1781 0
1782 0
1783 1
1784 0
1785 0
1786 2
1787 0
1788 0
1789 1
1790 0
1791 0
1792 0
1793 0
1794 0
1795 0
1796 0
1797 0
1798 0
1799 1
1800 0
1801 0
1802 1
1803 0
1804 0
1805 0
1806 1
1807 1
1808 0
1809 0
1810 0
1811 0
1812 0
1813 0
1814 0
1815 0
1816 0
1817 0
1818 1
1819 0
1820 1
1821 1
1822 0
1823 1
1824 0
1825 2
1826 0
1827 1
1828 0
1829 0
1830 0
1831 0
1832 0
1833 0
1834 1
1835 0
1836 1
1837 0
1838 0
1839 0
1840 0
1841 1
1842 0
1843 0
1844 0
1845 1
1846 1
1847 0
1848 0
1849 1
1850 1
1851 0
1852 0
1853 1
1854 0
1855 0
1856 0
1857 0
1858 0
1859 1
1860 0
1861 0
1862 3
1863 0
1864 1
1865 0
1866 1
1867 0
1868 0
1869 0
1870 0
1871 0
1872 0
1873 1
1874 1
1875 0
1876 0
1877 0
1878 0
1879 0
1880 0
1881 0
1882 0
1883 0
1884 0
1885 0
1886 2
1887 0
1888 2
1889 0
1890 0
1891 0
1892 0
1893 0
1894 0
1895 0
1896 0
1897 0
1898 0
1899 1
1900 0
1901 0
1902 0
1903 0
1904 2
1905 0
1906 0
1907 1
1908 0
1909 0
1910 0
1911 0
1912 1
1913 0
1914 0
1915 0
1916 1
1917 0
1918 0
1919 0
1920 0
1921 0
1922 0
1923 0
1924 0
1925 0
1926 1
1927 0
1928 1
1929 0
1930 0
1931 1
1932 0
1933 0
1934 0
1935 0
1936 0
1937 1
1938 0
1939 0
1940 0
1941 0
1942 0
1943 0
1944 0
1945 0
1946 1
1947 0
1948 0
1949 0
1950 0
1951 0
1952 0
1953 0
1954 0
1955 0
1956 0
1957 0
1958 0
1959 0
1960 0
1961 0
1962 1
1963 0
1964 0
1965 0
1966 0
1967 0
1968 0
1969 1
1970 0
1971 0
1972 0
1973 0
1974 0
1975 1
1976 1
1977 1
1978 1
1979 1
1980 0
1981 0
1982 0
1983 0
1984 0
1985 0
1986 0
1987 0
1988 0
1989 0
1990 0
1991 0
1992 0
1993 1
1994 0
1995 0
1996 0
1997 0
1998 0
1999 0
2000 0
2001 1
2002 0
2003 2
2004 0
2005 2
2006 0
2007 0
2008 0
2009 0
2010 0
2011 0
2012 0
2013 0
2014 0
2015 0
2016 0
2017 0
2018 0
2019 0
2020 0
2021 0
2022 0
2023 1
2024 0
2025 1
2026 0
2027 1
2028 1
2029 0
2030 0
2031 0
2032 0
2033 0
2034 0
2035 0
2036 0
2037 0
2038 0
2039 0
2040 0
2041 0
2042 0
2043 0
2044 0
2045 0
2046 0
2047 0
