# Dead time factor = 1.00000
0 0
1 0
2 0
3 0
4 0
5 0
6 0
7 0
8 0
9 0
10 0
11 0
12 0
13 0
14 0
15 0
16 0
17 0
18 0
19 0
20 0
21 7
22 7
23 5
24 10
25 11
26 14
27 12
28 6
29 15
30 14
31 19
32 8
33 17
34 19
35 14
36 18
37 18
38 21
39 27
40 23
41 14
42 22
43 21
44 18
45 28
46 43
47 36
48 84
49 84
50 119
51 119
52 112
53 85
54 85
55 67
56 60
57 39
58 24
59 18
60 10
61 7
62 12
63 15
64 5
65 11
66 5
67 3
68 8
69 7
70 7
71 3
72 2
73 3
74 3
75 8
76 5
77 3
78 5
79 3
80 1
81 1
82 3
83 2
84 2
85 2
86 4
87 3
88 3
89 4
90 2
91 2
92 3
93 5
94 7
95 2
96 3
97 2
98 5
99 0
100 2
101 1
102 3
103 1
104 1
105 5
106 4
107 4
108 2
109 2
110 2
111 1
112 1
113 1
114 3
115 2
116 5
117 2
118 4
119 3
120 3
121 3
122 3
123 1
124 2
125 1
126 3
127 1
128 2
129 3
130 3
131 1
132 3
133 1
134 7
135 0
136 1
137 2
138 1
139 2
140 3
141 3
142 1
143 2
144 1
145 1
146 0
147 4
148 1
149 2
150 2
151 1
152 1
153 4
154 1
155 1
156 0
157 3
158 0
159 2
160 3
161 3
162 2
163 1
164 5
165 0
166 4
167 4
168 2
169 2
170 0
171 1
172 0
173 2
174 2
175 5
176 3
177 6
178 3
179 6
180 2
181 3
182 5
183 1
184 1
185 0
186 0
187 0
188 4
189 1
190 1
191 2
192 1
193 1
194 0
195 2
196 0
197 1
198 1
199 1
200 2
201 2
202 0
203 1
204 1
205 1
206 0
207 0
208 2
209 2
210 1
211 1
212 2
213 1
214 0
215 0
216 2
217 0
218 0
219 0
220 1
221 2
222 0
223 2
224 0
225 1
226 0
227 3
228 2
229 1
230 3
231 2
232 2
233 1
234 1
235 1
236 2
237 0
238 0
239 0
240 1
241 1
242 1
243 3
244 0
245 1
246 0
247 2
248 0
249 0
250 0
251 2
252 1
253 0
254 3
255 2
256 1
257 2
258 0
259 3
260 4
261 1
262 3
263 2
264 2
265 1
266 1
267 1
268 3
269 3
270 0
271 1
272 0
273 1
274 1
275 0
276 3
277 1
278 0
279 0
280 1
281 1
282 0
283 2
284 0
285 0
286 1
287 0
288 0
289 2
290 0
291 1
292 0
293 2
294 1
295 1
296 1
297 2
298 1
299 0
300 3
301 2
302 1
303 1
304 0
305 0
306 2
307 2
308 0
309 3
310 0
311 0
312 2
313 2
314 0
315 0
316 1
317 2
318 2
319 1
320 1
321 1
322 4
323 1
324 1
325 1
326 1
327 0
328 1
329 0
330 0
331 0
332 2
333 0
334 1
335 4
336 0
337 0
338 1
339 1
340 2
341 0
342 0
343 0
344 2
345 2
346 1
347 1
348 1
349 0
350 1
351 2
352 1
353 0
354 1
355 2
356 1
357 1
358 1
359 1
360 0
361 3
362 1
363 1
364 3
365 0
366 1
367 2
368 1
369 0
370 0
371 2
372 1
373 3
374 1
375 0
376 1
377 1
378 2
379 0
380 1
381 2
382 0
383 0
384 0
385 1
386 1
387 1
388 1
389 0
390 0
391 1
392 1
393 0
394 0
395 1
396 1
397 0
398 1
399 1
400 0
401 0
402 0
403 0
404 1
405 0
406 0
407 0
408 1
409 0
410 2
411 2
412 1
413 1
414 2
415 1
416 0
417 3
418 1
419 1
420 0
421 1
422 1
423 0
424 1
425 0
426 1
427 1
428 1
429 2
430 0
431 2
432 0
433 0
434 0
435 2
436 1
437 1
438 2
439 1
440 2
441 1
442 0
443 1
444 0
445 0
446 0
447 0
448 0
449 1
450 0
451 0
452 2
453 0
454 1
455 0
456 0
457 0
458 1
459 0
460 0
461 0
462 1
463 0
464 1
465 1
466 1
467 1
468 0
469 1
470 1
471 0
472 2
473 0
474 1
475 0
476 0
477 1
478 0
479 1
480 2
481 1
482 0
483 0
484 1
485 1
486 0
487 1
488 1
489 0
490 0
491 1
492 0
493 1
494 0
495 0
496 4
497 0
498 0
499 0
500 1
501 3
502 2
503 0
504 0
505 1
506 0
507 1
508 0
509 0
510 2
511 0
512 0
513 1
514 0
515 1
516 0
517 1
518 1
519 0
520 0
521 0
522 0
523 0
524 0
525 1
526 1
527 2
528 1
529 0
530 2
531 0
532 1
533 2
534 0
535 0
536 0
537 1
538 1
539 0
540 1
541 0
542 0
543 1
544 1
545 1
546 1
547 2
548 0
549 1
550 0
551 0
552 0
553 1
554 0
555 1
556 0
557 0
558 0
559 0
560 0
561 0
562 0
563 0
564 1
565 0
566 0
567 1
568 0
569 1
570 0
571 0
572 1
573 0
574 0
575 0
576 0
577 0
578 1
579 0
580 0
581 1
582 1
583 0
584 0
585 0
586 2
587 1
588 0
589 0
590 0
591 0
592 1
593 0
594 1
595 0
596 0
597 1
598 0
599 0
600 0
601 0
602 1
603 2
604 1
605 1
606 1
607 2
608 2
609 0
610 0
611 1
612 1
613 0
614 0
615 1
616 0
617 0
618 0
619 0
620 0
621 0
622 0
623 0
624 0
625 1
626 0
627 0
628 2
629 1
630 1
631 3
632 0
633 1
634 0
635 1
636 0
637 0
638 0
639 0
640 1
641 0
642 2
643 0
644 0
645 0
646 1
647 0
648 1
649 0
650 0
651 1
652 0
653 0
654 0
655 0
656 0
657 0
658 0
659 0
660 0
661 0
662 0
663 1
664 0
665 0
666 0
667 0
668 0
669 1
670 0
671 0
672 0
673 0
674 0
675 0
676 0
677 0
678 0
679 1
680 0
681 3
682 0
683 0
684 0
685 0
686 0
687 0
688 0
689 1
690 0
691 0
692 0
693 0
694 0
695 1
696 0
697 1
698 0
699 0
700 1
701 0
702 0
703 2
704 1
705 1
706 3
707 1
708 1
709 2
710 1
711 0
712 1
713 0
714 0
715 1
716 1
717 0
718 0
719 1
720 1
721 0
722 0
723 1
724 1
725 0
726 1
727 0
728 0
729 1
730 1
731 0
732 1
733 0
734 0
735 0
736 0
737 0
738 1
739 0
740 0
741 0
742 0
743 0
744 0
745 0
746 1
747 0
748 0
749 0
750 0
751 0
752 1
753 1
754 0
755 0
756 0
757 0
758 0
759 0
760 1
761 1
762 1
763 0
764 0
765 1
766 0
767 0
768 0
769 0
770 0
771 0
772 0
773 0
774 2
775 0
776 0
777 0
778 0
779 0
780 0
781 0
782 0
783 0
784 0
785 0
786 0
787 0
788 0
789 1
790 0
791 0
792 0
793 2
794 1
795 1
796 0
797 1
798 1
799 0
800 1
801 1
802 1
803 0
804 0
805 0
806 0
807 0
808 0
809 0
810 0
811 0
812 0
813 0
814 0
815 0
816 1
817 0
818 0
819 0
820 0
821 1
822 1
823 0
824 0
825 0
826 0
827 0
828 0
829 0
830 0
831 0
832 2
833 0
834 0
835 0
836 3
837 0
838 0
839 1
840 0
841 1
842 0
843 0
844 2
845 1
846 0
847 0
848 2
849 0
850 0
851 0
852 0
853 0
854 0
855 0
856 0
857 0
858 0
859 1
860 0
861 0
862 0
863 0
864 0
865 0
866 0
867 0
868 1
869 1
870 0
871 0
872 1
873 0
874 0
875 0
876 0
877 0
878 1
879 2
880 0
881 0
882 0
883 1
884 0
885 0
886 0
887 0
888 1
889 0
890 0
891 0
892 1
893 0
894 0
895 0
896 2
897 0
898 0
899 0
900 0
901 0
902 1
903 2
904 1
905 0
906 1
907 0
908 1
909 1
910 0
911 2
912 1
913 0
914 1
915 3
916 1
917 0
918 0
919 1
920 0
921 0
922 0
923 1
924 0
925 0
926 1
927 0
928 0
929 0
930 1
931 0
932 0
933 1
934 0
935 0
936 0
937 1
938 0
939 0
940 0
941 0
942 1
943 1
944 0
945 1
946 0
947 0
948 0
949 0
950 0
951 1
952 0
953 0
954 0
955 0
956 2
957 0
958 0
959 0
960 0
961 0
962 1
963 0
964 1
965 0
966 2
967 1
968 0
969 1
970 0
971 0
972 0
973 0
974 0
975 0
976 0
977 0
978 0
979 0
980 1
981 0
982 0
983 0
984 2
985 0
986 2
987 1
988 0
989 0
990 0
991 0
992 0
993 0
994 0
995 0
996 0
997 0
998 0
999 2
1000 0
1001 0
1002 1
1003 0
1004 0
1005 0
1006 0
1007 0
1008 0
1009 0
1010 0
1011 1
1012 0
1013 0
1014 0
1015 0
1016 0
1017 0
1018 0
1019 0
1020 2
1021 0
1022 0
1023 0
1024 0
1025 0
1026 0
1027 0
1028 0
1029 1
1030 0
1031 0
1032 0
1033 0
1034 1
1035 1
1036 1
1037 1
1038 0
1039 2
1040 0
1041 0
1042 0
1043 0
1044 0
1045 0
1046 0
1047 0
1048 1
1049 0
1050 1
1051 0
1052 0
1053 1
1054 0
1055 0
1056 0
1057 0
1058 0
1059 0
1060 0
1061 1
1062 0
1063 0
1064 0
1065 1
1066 0
1067 1
1068 0
1069 0
1070 0
1071 0
1072 2
1073 0
1074 1
1075 0
1076 0
1077 0
1078 0
1079 0
1080 0
1081 0
1082 0
1083 1
1084 0
1085 0
1086 1
1087 0
1088 0
1089 1
1090 1
1091 2
1092 2
1093 1
1094 1
1095 0
1096 0
1097 0
1098 1
1099 2
1100 1
1101 0
1102 1
1103 0
1104 0
1105 0
1106 1
1107 0
1108 0
1109 0
1110 1
1111 0
1112 0
1113 0
1114 1
1115 0
1116 1
1117 0
1118 0
1119 0
1120 0
1121 1
1122 2
1123 0
1124 1
1125 1
1126 0
1127 2
1128 1
1129 0
1130 0
1131 0
1132 0
1133 3
1134 1
1135 0
1136 0
1137 0
1138 0
1139 0
1140 0
1141 0
1142 2
1143 1
1144 1
1145 1
1146 0
1147 1
1148 0
1149 0
1150 1
1151 1
1152 1
1153 0
1154 0
1155 0
1156 1
1157 1
1158 1
1159 0
1160 0
1161 1
1162 0
1163 0
1164 0
1165 0
1166 0
1167 1
1168 0
1169 1
1170 2
1171 1
1172 1
1173 1
1174 1
1175 1
1176 0
1177 1
1178 0
1179 0
1180 2
1181 0
1182 0
1183 4
1184 0
1185 0
1186 0
1187 1
1188 0
1189 0
1190 1
1191 0
1192 3
1193 0
1194 0
1195 0
1196 0
1197 1
1198 1
1199 2
1200 0
1201 0
1202 1
1203 0
1204 0
1205 1
1206 1
1207 2
1208 2
1209 0
1210 0
1211 0
1212 0
1213 0
1214 0
1215 1
1216 1
1217 0
1218 0
1219 1
1220 0
1221 1
1222 0
1223 0
1224 0
1225 1
1226 1
1227 3
1228 0
1229 1
1230 0
1231 1
1232 1
1233 0
1234 0
1235 2
1236 1
1237 0
1238 0
1239 0
1240 1
1241 2
1242 2
1243 1
1244 2
1245 1
1246 2
1247 1
1248 0
1249 0
1250 2
1251 2
1252 0
1253 0
1254 0
1255 0
1256 0
1257 0
1258 2
1259 0
1260 0
1261 1
1262 1
1263 1
1264 1
1265 0
1266 3
1267 1
1268 2
1269 1
1270 1
1271 3
1272 1
1273 0
1274 0
1275 0
1276 0
1277 2
1278 1
1279 0
1280 0
1281 0
1282 0
1283 0
1284 2
1285 1
1286 2
1287 1
1288 0
1289 0
1290 0
1291 0
1292 2
1293 0
1294 2
1295 0
1296 2
1297 1
1298 0
1299 5
1300 1
1301 0
1302 0
1303 0
1304 0
1305 0
1306 0
1307 1
1308 0
1309 0
1310 1
1311 0
1312 3
1313 1
1314 1
1315 1
1316 0
1317 2
1318 1
1319 2
1320 1
1321 0
1322 2
1323 1
1324 1
1325 1
1326 1
1327 1
1328 2
1329 2
1330 0
1331 2
1332 1
1333 2
1334 3
1335 0
1336 1
1337 2
1338 0
1339 1
1340 0
1341 2
1342 1
1343 1
1344 0
1345 0
1346 1
1347 0
1348 0
1349 0
1350 0
1351 0
1352 0
1353 1
1354 0
1355 1
1356 1
1357 0
1358 0
1359 1
1360 0
1361 0
1362 1
1363 0
1364 0
1365 0
1366 0
1367 2
1368 0
1369 0
1370 0
1371 0
1372 0
1373 0
1374 0
1375 1
1376 1
1377 0
1378 1
1379 1
1380 1
1381 0
1382 0
1383 0
1384 0
1385 0
1386 0
1387 2
1388 2
1389 1
1390 2
1391 1
1392 1
1393 2
1394 1
1395 0
1396 0
1397 0
1398 1
1399 0
1400 1
1401 2
1402 1
1403 0
1404 0
1405 0
1406 1
1407 1
1408 0
1409 1
1410 2
1411 0
1412 1
1413 3
1414 1
1415 0
1416 2
1417 1
1418 0
1419 1
1420 0
1421 0
1422 0
1423 1
1424 0
1425 2
1426 1
1427 0
1428 1
1429 1
1430 0
1431 0
1432 1
1433 0
1434 0
1435 0
1436 2
1437 2
1438 0
1439 0
1440 1
1441 2
1442 0
1443 1
1444 0
1445 1
1446 0
1447 0
1448 0
1449 0
1450 0
1451 2
1452 2
1453 1
1454 1
1455 0
1456 2
1457 0
1458 3
1459 0
1460 0
1461 1
1462 1
1463 0
1464 0
1465 0
1466 0
1467 1
1468 0
1469 0
1470 1
1471 0
1472 1
1473 1
1474 1
1475 1
1476 1
1477 2
1478 0
1479 1
1480 1
1481 1
1482 1
1483 1
1484 1
1485 0
1486 0
1487 1
1488 1
1489 0
1490 1
1491 1
1492 0
1493 0
1494 1
1495 0
1496 1
1497 0
1498 0
1499 1
1500 0
1501 2
1502 1
1503 0
1504 1
1505 0
1506 2
1507 0
1508 0
1509 0
1510 1
1511 0
1512 0
1513 0
1514 0
1515 0
1516 0
1517 1
1518 0
1519 0
1520 1
1521 1
1522 0
1523 0
1524 1
1525 2
1526 0
1527 0
1528 0
1529 0
1530 0
1531 0
1532 0
1533 1
1534 1
1535 0
1536 0
1537 2
1538 0
1539 1
1540 0
1541 0
1542 0
1543 0
1544 1
1545 0
1546 0
1547 0
1548 0
1549 0
1550 0
1551 0
1552 0
1553 1
1554 0
1555 0
1556 0
1557 0
1558 0
1559 1
1560 1
1561 0
1562 0
1563 1
1564 0
1565 0
1566 0
1567 1
1568 0
1569 0
1570 1
1571 0
1572 1
1573 0
1574 1
1575 0
1576 0
1577 0
1578 0
1579 0
1580 0
1581 0
1582 0
1583 0
1584 0
1585 0
1586 0
1587 0
1588 0
1589 0
1590 0
1591 1
1592 0
1593 0
1594 0
1595 0
1596 0
1597 0
1598 0
1599 0
1600 0
1601 0
1602 0
1603 0
1604 0
1605 1
1606 0
1607 0
1608 1
1609 1
1610 1
1611 0
1612 0
1613 1
1614 0
1615 0
1616 1
1617 0
1618 0
1619 0
1620 0
1621 0
1622 1
1623 0
1624 0
1625 0
1626 0
1627 0
1628 1
1629 0
1630 0
1631 1
1632 0
1633 0
1634 0
1635 0
1636 0
1637 0
1638 0
1639 0
1640 0
1641 0
1642 0
1643 0
1644 0
1645 0
1646 0
1647 1
1648 0
1649 0
1650 0
1651 0
1652 0
1653 0
1654 0
1655 0
1656 0
1657 0
1658 0
1659 0
1660 0
1661 1
1662 0
1663 0
1664 0
1665 0
1666 0
1667 0
1668 0
1669 0
1670 0
1671 0
1672 0
1673 0
1674 0
1675 0
1676 0
1677 0
1678 0
1679 0
1680 0
1681 0
1682 0
1683 0
1684 0
1685 0
1686 0
1687 1
1688 0
1689 0
1690 0
1691 0
1692 0
1693 0
1694 0
1695 0
1696 0
1697 0
1698 0
1699 1
1700 0
1701 0
1702 0
1703 0
1704 0
1705 0
1706 0
1707 0
1708 0
1709 0
1710 0
1711 0
1712 0
1713 0
1714 0
1715 0
1716 0
1717 0
1718 0
1719 1
1720 0
1721 0
1722 0
1723 0
1724 0
1725 0
1726 0
1727 1
1728 1
1729 0
1730 1
1731 0
1732 0
1733 0
1734 0
1735 0
1736 0
1737 0
1738 0
1739 0
1740 0
1741 0
1742 0
1743 0
1744 2
1745 0
1746 0
1747 0
1748 0
1749 0
1750 0
1751 0
1752 0
1753 0
1754 0
1755 0
1756 0
1757 0
1758 0
1759 0
1760 0
1761 0
1762 0
1763 0
1764 0
1765 0
1766 0
1767 0
1768 1
1769 0
1770 0
1771 0
1772 0
1773 0
1774 0
1775 1
1776 0
1777 0
1778 0
1779 0
1780 0
1781 0
1782 0
1783 0
1784 0
1785 0
1786 0
1787 0
1788 0
1789 0
1790 0
1791 0
1792 0
1793 0
1794 0
1795 0
1796 0
1797 0
1798 0
1799 0
1800 0
1801 0
1802 0
1803 0
1804 0
1805 0
1806 0
1807 0
1808 0
1809 0
1810 0
1811 0
1812 1
1813 0
1814 0
1815 0
1816 1
1817 0
1818 0
1819 1
1820 0
1821 0
1822 0
1823 0
1824 0
1825 0
1826 0
1827 0
1828 0
1829 0
1830 0
1831 0
1832 0
1833 0
1834 0
1835 0
1836 0
1837 0
1838 0
1839 0
1840 0
1841 0
1842 1
1843 0
1844 0
1845 0
1846 0
1847 0
1848 0
1849 1
1850 0
1851 0
1852 0
1853 0
1854 0
1855 0
1856 0
1857 0
1858 0
1859 0
1860 0
1861 0
1862 0
1863 0
1864 1
1865 0
1866 1
1867 0
1868 0
1869 1
1870 0
1871 0
1872 0
1873 0
1874 0
1875 0
1876 0
1877 0
1878 1
1879 0
1880 1
1881 0
1882 0
1883 0
1884 0
1885 0
1886 0
1887 0
1888 0
1889 2
1890 0
1891 0
1892 0
1893 0
1894 0
1895 0
1896 0
1897 0
1898 0
1899 0
1900 0
1901 0
1902 0
1903 0
1904 0
1905 0
1906 0
1907 0
1908 0
1909 0
1910 0
1911 0
1912 0
1913 0
1914 0
1915 0
1916 0
1917 0
1918 0
1919 0
1920 0
1921 0
1922 0
1923 0
1924 0
1925 0
1926 1
1927 0
1928 0
1929 0
1930 0
1931 1
1932 0
1933 0
1934 0
1935 0
1936 0
1937 0
1938 1
1939 0
1940 0
1941 0
1942 0
1943 0
1944 0
1945 0
1946 0
1947 0
1948 0
1949 0
1950 0
1951 0
1952 0
1953 0
1954 1
1955 1
1956 0
1957 0
1958 0
1959 0
1960 0
1961 0
1962 0
1963 0
1964 0
1965 1
1966 0
1967 0
1968 0
1969 0
1970 0
1971 0
1972 0
1973 0
1974 0
1975 0
1976 0
1977 0
1978 0
1979 0
1980 0
1981 0
1982 0
1983 0
1984 0
1985 0
1986 0
1987 0
1988 0
1989 0
1990 0
1991 0
1992 1
1993 0
1994 1
1995 0
1996 0
1997 0
1998 0
1999 0
2000 0
2001 0
2002 0
2003 0
2004 0
2005 0
2006 0
2007 0
2008 0
2009 0
2010 0
2011 0
2012 0
2013 0
2014 0
2015 0
2016 0
2017 0
2018 0
2019 0
2020 0
2021 0
2022 0
2023 0
2024 0
2025 0
2026 0
2027 0
2028 0
2029 0
2030 0
2031 0
2032 0
2033 0
2034 0
2035 0
2036 0
2037 0
2038 0
2039 0
2040 0
2041 0
2042 0
2043 0
2044 0
2045 0
2046 0
2047 0
