# Dead time factor = 1.00000
0 0
1 0
2 0
3 0
4 0
5 0
6 0
7 0
8 0
9 0
10 0
11 0
12 0
13 0
14 0
15 0
16 0
17 0
18 0
19 0
20 0
21 23
22 28
23 33
24 28
25 26
26 30
27 34
28 39
29 43
30 33
31 30
32 30
33 54
34 35
35 40
36 53
37 48
38 56
39 47
40 42
41 54
42 51
43 42
44 45
45 62
46 69
47 94
48 120
49 142
50 168
51 185
52 162
53 162
54 127
55 102
56 83
57 68
58 48
59 48
60 40
61 31
62 35
63 40
64 34
65 28
66 37
67 30
68 30
69 31
70 26
71 26
72 37
73 34
74 29
75 26
76 36
77 40
78 34
79 38
80 49
81 37
82 37
83 32
84 50
85 32
86 24
87 27
88 45
89 40
90 26
91 29
92 27
93 23
94 33
95 40
96 34
97 34
98 38
99 34
100 25
101 24
102 26
103 32
104 19
105 26
106 28
107 28
108 20
109 18
110 24
111 21
112 27
113 17
114 25
115 23
116 21
117 32
118 24
119 20
120 24
121 34
122 11
123 18
124 28
125 10
126 21
127 17
128 29
129 16
130 17
131 26
132 16
133 28
134 21
135 24
136 28
137 18
138 25
139 21
140 26
141 16
142 19
143 20
144 15
145 14
146 23
147 21
148 12
149 9
150 21
151 22
152 24
153 27
154 23
155 24
156 25
157 21
158 17
159 27
160 36
161 36
162 34
163 27
164 34
165 36
166 28
167 46
168 38
169 47
170 42
171 42
172 43
173 35
174 40
175 44
176 35
177 28
178 31
179 31
180 33
181 31
182 22
183 21
184 19
185 24
186 27
187 19
188 24
189 14
190 12
191 11
192 23
193 25
194 22
195 13
196 21
197 20
198 15
199 17
200 25
201 23
202 18
203 20
204 8
205 14
206 18
207 20
208 13
209 14
210 12
211 18
212 15
213 12
214 21
215 8
216 12
217 25
218 20
219 14
220 13
221 19
222 12
223 19
224 11
225 15
226 6
227 18
228 19
229 23
230 23
231 23
232 16
233 18
234 23
235 16
236 15
237 10
238 17
239 23
240 15
241 14
242 19
243 15
244 12
245 14
246 17
247 12
248 16
249 14
250 15
251 11
252 12
253 15
254 12
255 18
256 14
257 15
258 9
259 11
260 14
261 19
262 18
263 15
264 14
265 11
266 9
267 13
268 19
269 16
270 9
271 13
272 17
273 12
274 17
275 18
276 12
277 12
278 13
279 7
280 20
281 11
282 11
283 31
284 15
285 5
286 24
287 18
288 8
289 11
290 15
291 14
292 12
293 11
294 12
295 12
296 9
297 19
298 10
299 12
300 11
301 9
302 11
303 13
304 13
305 17
306 10
307 17
308 8
309 14
310 20
311 9
312 8
313 11
314 12
315 13
316 16
317 19
318 12
319 13
320 15
321 7
322 12
323 18
324 12
325 12
326 14
327 5
328 9
329 14
330 12
331 12
332 11
333 19
334 11
335 14
336 10
337 13
338 16
339 11
340 18
341 11
342 21
343 11
344 10
345 14
346 15
347 14
348 13
349 13
350 20
351 14
352 15
353 23
354 20
355 10
356 13
357 12
358 15
359 14
360 14
361 8
362 9
363 14
364 15
365 6
366 13
367 8
368 8
369 14
370 8
371 10
372 8
373 8
374 14
375 12
376 6
377 14
378 11
379 7
380 11
381 15
382 14
383 14
384 8
385 11
386 5
387 8
388 11
389 11
390 7
391 8
392 6
393 10
394 10
395 8
396 8
397 11
398 13
399 12
400 12
401 11
402 9
403 11
404 17
405 10
406 7
407 10
408 9
409 6
410 8
411 3
412 9
413 10
414 14
415 21
416 7
417 18
418 11
419 7
420 9
421 17
422 10
423 14
424 4
425 12
426 10
427 14
428 13
429 11
430 11
431 15
432 13
433 12
434 7
435 9
436 8
437 10
438 16
439 15
440 13
441 13
442 13
443 7
444 9
445 11
446 21
447 3
448 12
449 10
450 12
451 17
452 8
453 12
454 9
455 8
456 8
457 10
458 7
459 10
460 12
461 12
462 13
463 9
464 16
465 6
466 9
467 12
468 13
469 6
470 16
471 12
472 10
473 10
474 9
475 11
476 11
477 4
478 13
479 12
480 12
481 10
482 10
483 11
484 9
485 11
486 8
487 10
488 11
489 5
490 11
491 14
492 10
493 8
494 12
495 15
496 7
497 6
498 12
499 8
500 10
501 10
502 12
503 12
504 9
505 12
506 11
507 10
508 10
509 6
510 7
511 8
512 13
513 9
514 9
515 11
516 11
517 6
518 12
519 8
520 9
521 10
522 11
523 15
524 8
525 7
526 8
527 10
528 7
529 13
530 10
531 15
532 9
533 15
534 5
535 12
536 7
537 10
538 10
539 11
540 8
541 12
542 11
543 5
544 10
545 12
546 11
547 6
548 8
549 11
550 13
551 7
552 13
553 10
554 14
555 5
556 11
557 10
558 8
559 12
560 6
561 8
562 12
563 17
564 14
565 7
566 4
567 12
568 7
569 9
570 11
571 9
572 5
573 7
574 11
575 8
576 7
577 12
578 13
579 13
580 14
581 9
582 9
583 4
584 9
585 9
586 7
587 14
588 13
589 10
590 6
591 17
592 12
593 12
594 6
595 14
596 12
597 11
598 6
599 9
600 11
601 12
602 8
603 6
604 8
605 11
606 6
607 5
608 11
609 4
610 8
611 12
612 7
613 10
614 12
615 12
616 11
617 11
618 10
619 17
620 10
621 5
622 9
623 7
624 16
625 12
626 9
627 9
628 8
629 10
630 8
631 11
632 9
633 8
634 6
635 12
636 18
637 10
638 6
639 5
640 6
641 13
642 12
643 12
644 8
645 6
646 4
647 9
648 10
649 8
650 14
651 9
652 10
653 11
654 11
655 15
656 12
657 14
658 9
659 13
660 6
661 8
662 14
663 14
664 11
665 10
666 12
667 9
668 9
669 7
670 8
671 11
672 9
673 2
674 8
675 8
676 14
677 9
678 7
679 10
680 6
681 10
682 9
683 6
684 20
685 11
686 8
687 13
688 13
689 10
690 13
691 12
692 12
693 5
694 11
695 13
696 10
697 5
698 11
699 6
700 13
701 9
702 7
703 10
704 11
705 8
706 7
707 13
708 12
709 10
710 15
711 11
712 18
713 12
714 13
715 15
716 14
717 9
718 10
719 11
720 17
721 12
722 6
723 15
724 14
725 11
726 14
727 11
728 7
729 9
730 15
731 19
732 9
733 8
734 6
735 12
736 10
737 15
738 6
739 7
740 15
741 10
742 10
743 11
744 5
745 14
746 8
747 6
748 12
749 15
750 13
751 11
752 16
753 16
754 15
755 8
756 7
757 16
758 16
759 8
760 10
761 14
762 9
763 7
764 9
765 8
766 9
767 8
768 10
769 7
770 15
771 14
772 10
773 10
774 18
775 5
776 9
777 4
778 9
779 5
780 11
781 13
782 8
783 13
784 7
785 14
786 20
787 10
788 9
789 9
790 7
791 9
792 15
793 8
794 13
795 9
796 15
797 9
798 15
799 11
800 11
801 12
802 12
803 8
804 9
805 6
806 13
807 15
808 18
809 15
810 7
811 3
812 10
813 12
814 8
815 8
816 11
817 9
818 8
819 12
820 14
821 13
822 18
823 8
824 16
825 10
826 5
827 8
828 9
829 15
830 12
831 13
832 7
833 10
834 7
835 15
836 9
837 12
838 10
839 10
840 6
841 8
842 8
843 6
844 16
845 7
846 11
847 10
848 9
849 13
850 12
851 10
852 6
853 5
854 6
855 13
856 14
857 14
858 9
859 12
860 7
861 12
862 10
863 7
864 17
865 11
866 13
867 10
868 14
869 11
870 9
871 14
872 16
873 10
874 10
875 9
876 16
877 15
878 12
879 7
880 8
881 14
882 13
883 10
884 8
885 19
886 13
887 15
888 11
889 9
890 6
891 19
892 8
893 11
894 11
895 13
896 12
897 9
898 13
899 7
900 10
901 12
902 11
903 12
904 12
905 13
906 15
907 11
908 11
909 11
910 7
911 8
912 13
913 11
914 11
915 9
916 10
917 9
918 14
919 9
920 11
921 18
922 15
923 9
924 16
925 13
926 6
927 15
928 14
929 15
930 16
931 21
932 14
933 12
934 12
935 8
936 13
937 11
938 23
939 18
940 11
941 10
942 12
943 9
944 15
945 8
946 12
947 9
948 14
949 14
950 11
951 16
952 17
953 11
954 14
955 6
956 12
957 18
958 18
959 11
960 10
961 8
962 21
963 13
964 11
965 12
966 20
967 15
968 7
969 18
970 17
971 7
972 14
973 14
974 10
975 7
976 13
977 15
978 15
979 14
980 10
981 12
982 15
983 11
984 15
985 16
986 15
987 16
988 8
989 12
990 18
991 20
992 12
993 7
994 8
995 11
996 9
997 12
998 10
999 14
1000 19
1001 14
1002 15
1003 9
1004 19
1005 10
1006 13
1007 10
1008 8
1009 17
1010 15
1011 10
1012 15
1013 11
1014 7
1015 20
1016 10
1017 9
1018 12
1019 12
1020 13
1021 18
1022 16
1023 19
1024 13
1025 22
1026 8
1027 15
1028 11
1029 17
1030 24
1031 18
1032 11
1033 13
1034 14
1035 20
1036 19
1037 11
1038 20
1039 14
1040 15
1041 10
1042 19
1043 16
1044 12
1045 17
1046 14
1047 24
1048 12
1049 19
1050 15
1051 14
1052 16
1053 24
1054 19
1055 20
1056 20
1057 21
1058 16
1059 13
1060 17
1061 27
1062 22
1063 16
1064 17
1065 19
1066 11
1067 17
1068 21
1069 16
1070 15
1071 17
1072 13
1073 23
1074 20
1075 22
1076 18
1077 28
1078 20
1079 22
1080 14
1081 19
1082 19
1083 21
1084 26
1085 21
1086 26
1087 24
1088 19
1089 16
1090 19
1091 16
1092 21
1093 31
1094 18
1095 20
1096 24
1097 25
1098 27
1099 23
1100 34
1101 21
1102 30
1103 17
1104 16
1105 25
1106 25
1107 24
1108 17
1109 24
1110 21
1111 18
1112 27
1113 20
1114 28
1115 25
1116 25
1117 31
1118 20
1119 21
1120 23
1121 21
1122 18
1123 24
1124 20
1125 15
1126 20
1127 29
1128 21
1129 28
1130 35
1131 21
1132 27
1133 26
1134 25
1135 22
1136 31
1137 24
1138 27
1139 30
1140 22
1141 22
1142 24
1143 29
1144 18
1145 24
1146 18
1147 20
1148 31
1149 29
1150 20
1151 26
1152 20
1153 32
1154 22
1155 24
1156 19
1157 30
1158 26
1159 17
1160 26
1161 26
1162 27
1163 21
1164 14
1165 26
1166 26
1167 24
1168 21
1169 22
1170 22
1171 25
1172 33
1173 27
1174 29
1175 20
1176 23
1177 20
1178 34
1179 19
1180 24
1181 19
1182 30
1183 21
1184 32
1185 27
1186 28
1187 40
1188 21
1189 21
1190 34
1191 20
1192 15
1193 26
1194 22
1195 11
1196 16
1197 31
1198 30
1199 21
1200 16
1201 26
1202 14
1203 27
1204 16
1205 29
1206 25
1207 22
1208 25
1209 24
1210 33
1211 24
1212 32
1213 26
1214 22
1215 21
1216 25
1217 31
1218 23
1219 22
1220 20
1221 22
1222 29
1223 36
1224 23
1225 29
1226 37
1227 27
1228 34
1229 33
1230 30
1231 25
1232 29
1233 33
1234 37
1235 21
1236 26
1237 37
1238 35
1239 31
1240 28
1241 32
1242 45
1243 28
1244 33
1245 24
1246 33
1247 27
1248 36
1249 33
1250 33
1251 39
1252 25
1253 41
1254 24
1255 31
1256 30
1257 36
1258 39
1259 41
1260 29
1261 32
1262 31
1263 40
1264 36
1265 48
1266 29
1267 44
1268 36
1269 46
1270 45
1271 35
1272 34
1273 48
1274 39
1275 41
1276 46
1277 38
1278 33
1279 42
1280 44
1281 46
1282 35
1283 48
1284 41
1285 44
1286 31
1287 33
1288 38
1289 39
1290 44
1291 54
1292 37
1293 45
1294 35
1295 49
1296 32
1297 34
1298 41
1299 40
1300 44
1301 36
1302 40
1303 38
1304 35
1305 40
1306 46
1307 45
1308 43
1309 33
1310 31
1311 40
1312 34
1313 44
1314 36
1315 38
1316 36
1317 36
1318 36
1319 35
1320 22
1321 44
1322 36
1323 47
1324 37
1325 36
1326 28
1327 38
1328 43
1329 24
1330 36
1331 27
1332 34
1333 35
1334 39
1335 32
1336 34
1337 36
1338 35
1339 31
1340 32
1341 31
1342 31
1343 17
1344 33
1345 35
1346 18
1347 28
1348 24
1349 35
1350 22
1351 30
1352 28
1353 27
1354 21
1355 23
1356 26
1357 22
1358 23
1359 33
1360 24
1361 23
1362 38
1363 25
1364 36
1365 34
1366 26
1367 26
1368 23
1369 28
1370 23
1371 27
1372 33
1373 16
1374 19
1375 27
1376 25
1377 34
1378 23
1379 26
1380 27
1381 15
1382 18
1383 30
1384 16
1385 33
1386 28
1387 31
1388 26
1389 40
1390 28
1391 27
1392 33
1393 25
1394 28
1395 33
1396 19
1397 27
1398 23
1399 28
1400 26
1401 35
1402 23
1403 34
1404 39
1405 37
1406 35
1407 30
1408 30
1409 26
1410 35
1411 40
1412 30
1413 31
1414 34
1415 40
1416 37
1417 36
1418 44
1419 36
1420 35
1421 34
1422 30
1423 33
1424 43
1425 34
1426 32
1427 29
1428 44
1429 35
1430 28
1431 28
1432 40
1433 41
1434 24
1435 36
1436 39
1437 39
1438 44
1439 39
1440 43
1441 42
1442 39
1443 38
1444 35
1445 50
1446 47
1447 26
1448 34
1449 37
1450 40
1451 55
1452 49
1453 34
1454 29
1455 29
1456 44
1457 35
1458 38
1459 37
1460 46
1461 39
1462 35
1463 39
1464 49
1465 33
1466 42
1467 38
1468 40
1469 44
1470 27
1471 47
1472 39
1473 42
1474 34
1475 44
1476 39
1477 36
1478 24
1479 39
1480 32
1481 32
1482 44
1483 37
1484 34
1485 32
1486 32
1487 23
1488 37
1489 22
1490 26
1491 30
1492 27
1493 27
1494 29
1495 21
1496 32
1497 32
1498 28
1499 16
1500 18
1501 21
1502 16
1503 23
1504 21
1505 26
1506 19
1507 22
1508 22
1509 18
1510 20
1511 16
1512 17
1513 12
1514 19
1515 16
1516 15
1517 13
1518 11
1519 15
1520 12
1521 18
1522 13
1523 12
1524 8
1525 11
1526 10
1527 11
1528 13
1529 7
1530 8
1531 8
1532 11
1533 10
1534 8
1535 10
1536 7
1537 7
1538 5
1539 9
1540 8
1541 9
1542 11
1543 5
1544 12
1545 5
1546 9
1547 7
1548 9
1549 10
1550 9
1551 13
1552 9
1553 8
1554 12
1555 6
1556 5
1557 4
1558 7
1559 7
1560 6
1561 5
1562 6
1563 5
1564 7
1565 5
1566 6
1567 10
1568 8
1569 3
1570 6
1571 10
1572 6
1573 11
1574 7
1575 8
1576 10
1577 4
1578 7
1579 12
1580 7
1581 5
1582 9
1583 8
1584 8
1585 12
1586 5
1587 6
1588 9
1589 9
1590 10
1591 13
1592 13
1593 4
1594 10
1595 6
1596 12
1597 14
1598 7
1599 20
1600 12
1601 11
1602 12
1603 12
1604 5
1605 13
1606 8
1607 12
1608 7
1609 12
1610 10
1611 15
1612 18
1613 11
1614 10
1615 13
1616 9
1617 8
1618 10
1619 9
1620 10
1621 6
1622 10
1623 14
1624 10
1625 10
1626 10
1627 10
1628 7
1629 10
1630 10
1631 11
1632 8
1633 9
1634 8
1635 8
1636 7
1637 1
1638 3
1639 16
1640 8
1641 10
1642 12
1643 4
1644 8
1645 10
1646 6
1647 7
1648 7
1649 3
1650 5
1651 14
1652 4
1653 3
1654 5
1655 5
1656 2
1657 2
1658 6
1659 2
1660 5
1661 3
1662 2
1663 2
1664 4
1665 7
1666 4
1667 2
1668 2
1669 4
1670 2
1671 1
1672 2
1673 4
1674 3
1675 6
1676 3
1677 0
1678 4
1679 3
1680 1
1681 1
1682 3
1683 3
1684 0
1685 1
1686 1
1687 2
1688 1
1689 1
1690 1
1691 3
1692 4
1693 2
1694 1
1695 2
1696 2
1697 2
1698 1
1699 2
1700 1
1701 1
1702 0
1703 2
1704 0
1705 1
1706 0
1707 1
1708 1
1709 1
1710 0
1711 1
1712 0
1713 1
1714 0
1715 0
1716 3
1717 4
1718 0
1719 1
1720 0
1721 0
1722 0
1723 1
1724 0
1725 2
1726 0
1727 0
1728 0
1729 0
1730 0
1731 0
1732 0
1733 0
1734 1
1735 0
1736 1
1737 0
1738 0
1739 1
1740 0
1741 1
1742 1
1743 0
1744 0
1745 0
1746 1
1747 0
1748 0
1749 0
1750 0
1751 0
1752 0
1753 1
1754 0
1755 0
1756 1
1757 0
1758 0
1759 0
1760 0
1761 1
1762 0
1763 1
1764 0
1765 0
1766 0
1767 1
1768 0
1769 0
1770 0
1771 0
1772 0
1773 1
1774 1
1775 0
1776 1
1777 2
1778 0
1779 0
1780 0
1781 0
1782 0
1783 1
1784 1
1785 1
1786 1
1787 0
1788 0
1789 0
1790 0
1791 1
1792 0
1793 1
1794 0
1795 0
1796 1
1797 1
1798 0
1799 0
1800 1
1801 0
1802 0
1803 0
1804 0
1805 0
1806 0
1807 0
1808 0
1809 0
1810 0
1811 0
1812 0
1813 0
1814 0
1815 1
1816 0
1817 1
1818 1
1819 1
1820 1
1821 1
1822 1
1823 0
1824 2
1825 0
1826 1
1827 0
1828 1
1829 1
1830 0
1831 0
1832 0
1833 0
1834 2
1835 1
1836 0
1837 0
1838 1
1839 1
1840 0
1841 1
1842 0
1843 0
1844 1
1845 1
1846 0
1847 0
1848 0
1849 0
1850 0
1851 0
1852 0
1853 1
1854 0
1855 0
1856 0
1857 0
1858 0
1859 0
1860 0
1861 0
1862 0
1863 0
1864 0
1865 0
1866 0
1867 0
1868 1
1869 2
1870 0
1871 0
1872 2
1873 0
1874 0
1875 0
1876 1
1877 1
1878 0
1879 0
1880 1
1881 0
1882 0
1883 0
1884 1
1885 1
1886 2
1887 0
1888 0
1889 0
1890 0
1891 0
1892 0
1893 0
1894 1
1895 0
1896 0
1897 0
1898 0
1899 1
1900 0
1901 0
1902 0
1903 1
1904 1
1905 0
1906 0
1907 0
1908 2
1909 0
1910 0
1911 0
1912 0
1913 0
1914 0
1915 0
1916 1
1917 0
1918 1
1919 1
1920 0
1921 0
1922 1
1923 0
1924 0
1925 1
1926 0
1927 0
1928 0
1929 1
1930 1
1931 0
1932 1
1933 0
1934 1
1935 2
1936 0
1937 0
1938 0
1939 0
1940 0
1941 0
1942 2
1943 1
1944 0
1945 1
1946 0
1947 1
1948 0
1949 0
1950 1
1951 0
1952 0
1953 0
1954 1
1955 1
1956 1
1957 2
1958 0
1959 0
1960 0
1961 0
1962 1
1963 0
1964 0
1965 0
1966 1
1967 0
1968 1
1969 0
1970 0
1971 0
1972 0
1973 0
1974 0
1975 0
1976 1
1977 1
1978 0
1979 2
1980 0
1981 1
1982 0
1983 0
1984 0
1985 0
1986 0
1987 0
1988 1
1989 0
1990 0
1991 0
1992 1
1993 0
1994 1
1995 1
1996 0
1997 1
1998 0
1999 0
2000 1
2001 0
2002 0
2003 2
2004 0
2005 0
2006 1
2007 1
2008 0
2009 1
2010 1
2011 0
2012 0
2013 1
2014 0
2015 0
2016 0
2017 0
2018 1
2019 2
2020 0
2021 0
2022 0
2023 1
2024 1
2025 1
2026 0
2027 1
2028 0
2029 1
2030 0
2031 0
2032 0
2033 0
2034 0
2035 0
2036 0
2037 0
2038 0
2039 0
2040 0
2041 0
2042 0
2043 0
2044 0
2045 0
2046 0
2047 0
