# Dead time factor = 1.00000
0 0
1 0
2 0
3 0
4 0
5 0
6 0
7 0
8 0
9 0
10 0
11 0
12 0
13 0
14 0
15 0
16 0
17 0
18 0
19 0
20 0
21 10
22 20
23 20
24 13
25 8
26 15
27 23
28 13
29 13
30 17
31 17
32 22
33 20
34 19
35 13
36 23
37 19
38 22
39 27
40 25
41 22
42 22
43 21
44 25
45 33
46 43
47 53
48 89
49 123
50 134
51 136
52 118
53 97
54 79
55 74
56 60
57 48
58 24
59 30
60 17
61 16
62 13
63 12
64 12
65 17
66 17
67 10
68 7
69 8
70 9
71 8
72 8
73 7
74 9
75 7
76 9
77 12
78 6
79 6
80 9
81 11
82 7
83 11
84 14
85 11
86 5
87 13
88 9
89 6
90 5
91 11
92 7
93 9
94 16
95 9
96 16
97 10
98 8
99 7
100 12
101 8
102 4
103 5
104 11
105 2
106 4
107 4
108 9
109 4
110 10
111 8
112 5
113 8
114 6
115 8
116 6
117 8
118 5
119 6
120 10
121 4
122 6
123 8
124 5
125 6
126 5
127 6
128 7
129 4
130 6
131 4
132 3
133 4
134 4
135 9
136 7
137 2
138 7
139 2
140 5
141 3
142 5
143 9
144 4
145 6
146 3
147 7
148 3
149 6
150 4
151 8
152 5
153 4
154 9
155 6
156 8
157 10
158 5
159 1
160 6
161 5
162 4
163 8
164 10
165 9
166 7
167 13
168 11
169 11
170 10
171 13
172 13
173 6
174 14
175 10
176 5
177 7
178 11
179 8
180 5
181 9
182 11
183 6
184 6
185 6
186 9
187 2
188 12
189 5
190 2
191 3
192 3
193 7
194 0
195 5
196 6
197 3
198 5
199 3
200 7
201 1
202 4
203 5
204 3
205 3
206 4
207 6
208 2
209 5
210 5
211 4
212 6
213 1
214 4
215 3
216 2
217 1
218 2
219 3
220 3
221 0
222 4
223 4
224 5
225 4
226 1
227 7
228 2
229 6
230 3
231 1
232 4
233 3
234 6
235 7
236 3
237 4
238 2
239 4
240 5
241 4
242 5
243 2
244 0
245 4
246 5
247 3
248 1
249 6
250 6
251 7
252 2
253 2
254 5
255 2
256 2
257 1
258 2
259 5
260 2
261 3
262 2
263 4
264 2
265 4
266 1
267 2
268 5
269 5
270 7
271 4
272 5
273 1
274 4
275 2
276 4
277 2
278 2
279 1
280 2
281 1
282 3
283 0
284 0
285 5
286 1
287 5
288 1
289 4
290 0
291 1
292 1
293 2
294 5
295 2
296 3
297 1
298 1
299 3
300 4
301 7
302 4
303 3
304 3
305 3
306 4
307 5
308 5
309 3
310 3
311 2
312 1
313 5
314 2
315 2
316 1
317 2
318 2
319 2
320 5
321 4
322 0
323 1
324 6
325 2
326 1
327 2
328 5
329 4
330 2
331 3
332 5
333 1
334 2
335 2
336 0
337 1
338 1
339 1
340 4
341 2
342 2
343 3
344 6
345 4
346 5
347 3
348 2
349 5
350 2
351 6
352 4
353 1
354 4
355 4
356 2
357 6
358 1
359 2
360 2
361 5
362 2
363 6
364 4
365 3
366 2
367 2
368 0
369 2
370 3
371 3
372 2
373 0
374 1
375 1
376 1
377 1
378 0
379 2
380 2
381 1
382 5
383 2
384 5
385 3
386 2
387 2
388 2
389 0
390 2
391 1
392 3
393 2
394 2
395 2
396 3
397 3
398 4
399 3
400 1
401 4
402 3
403 1
404 2
405 4
406 2
407 4
408 1
409 1
410 2
411 2
412 2
413 1
414 3
415 3
416 1
417 2
418 2
419 1
420 3
421 0
422 3
423 2
424 0
425 1
426 1
427 1
428 2
429 1
430 3
431 2
432 1
433 6
434 1
435 0
436 1
437 4
438 0
439 3
440 1
441 3
442 4
443 4
444 4
445 2
446 1
447 5
448 1
449 1
450 4
451 6
452 0
453 4
454 3
455 6
456 1
457 2
458 0
459 6
460 0
461 3
462 3
463 3
464 4
465 2
466 2
467 4
468 3
469 3
470 1
471 8
472 3
473 3
474 6
475 2
476 1
477 3
478 4
479 3
480 4
481 1
482 3
483 7
484 1
485 3
486 3
487 1
488 2
489 3
490 2
491 0
492 2
493 6
494 1
495 2
496 3
497 2
498 1
499 1
500 0
501 2
502 2
503 2
504 1
505 3
506 1
507 2
508 4
509 1
510 2
511 1
512 4
513 3
514 0
515 2
516 2
517 2
518 3
519 6
520 0
521 0
522 3
523 6
524 1
525 1
526 3
527 0
528 0
529 2
530 5
531 1
532 4
533 2
534 2
535 5
536 0
537 3
538 2
539 2
540 3
541 2
542 2
543 5
544 4
545 5
546 6
547 3
548 5
549 3
550 4
551 0
552 4
553 5
554 1
555 4
556 2
557 4
558 1
559 4
560 2
561 1
562 3
563 2
564 3
565 2
566 3
567 3
568 3
569 0
570 1
571 1
572 2
573 2
574 3
575 1
576 1
577 1
578 2
579 1
580 3
581 5
582 2
583 0
584 5
585 3
586 4
587 1
588 1
589 1
590 0
591 2
592 3
593 3
594 1
595 2
596 1
597 1
598 2
599 4
600 3
601 4
602 3
603 3
604 1
605 1
606 3
607 1
608 0
609 1
610 3
611 3
612 2
613 2
614 0
615 3
616 1
617 2
618 2
619 3
620 2
621 5
622 2
623 1
624 1
625 3
626 1
627 0
628 2
629 2
630 3
631 8
632 2
633 1
634 2
635 3
636 0
637 2
638 5
639 4
640 0
641 2
642 3
643 3
644 3
645 1
646 2
647 1
648 0
649 2
650 3
651 2
652 1
653 2
654 2
655 3
656 1
657 1
658 4
659 3
660 3
661 4
662 2
663 3
664 0
665 1
666 4
667 3
668 1
669 3
670 1
671 0
672 3
673 2
674 3
675 0
676 0
677 3
678 2
679 0
680 5
681 1
682 2
683 2
684 0
685 3
686 2
687 2
688 2
689 1
690 5
691 2
692 0
693 2
694 6
695 1
696 3
697 7
698 0
699 4
700 4
701 2
702 2
703 2
704 2
705 0
706 1
707 0
708 2
709 3
710 4
711 2
712 1
713 2
714 3
715 2
716 3
717 2
718 1
719 5
720 3
721 4
722 2
723 3
724 2
725 3
726 5
727 3
728 5
729 2
730 1
731 3
732 0
733 4
734 5
735 1
736 1
737 4
738 2
739 2
740 1
741 1
742 3
743 2
744 3
745 1
746 5
747 0
748 5
749 5
750 1
751 3
752 2
753 3
754 5
755 0
756 2
757 0
758 8
759 0
760 2
761 6
762 1
763 2
764 1
765 2
766 1
767 1
768 1
769 3
770 1
771 3
772 3
773 1
774 7
775 3
776 2
777 5
778 4
779 2
780 3
781 3
782 4
783 4
784 1
785 4
786 0
787 2
788 3
789 2
790 4
791 1
792 0
793 1
794 4
795 0
796 1
797 3
798 5
799 4
800 2
801 0
802 2
803 1
804 0
805 1
806 4
807 2
808 4
809 4
810 4
811 4
812 0
813 6
814 2
815 1
816 1
817 1
818 3
819 3
820 1
821 3
822 0
823 3
824 6
825 3
826 4
827 7
828 3
829 6
830 3
831 1
832 2
833 0
834 1
835 6
836 4
837 2
838 4
839 2
840 2
841 1
842 1
843 0
844 2
845 0
846 2
847 4
848 1
849 3
850 3
851 2
852 3
853 3
854 3
855 3
856 3
857 3
858 1
859 2
860 5
861 2
862 2
863 3
864 2
865 3
866 4
867 2
868 3
869 0
870 2
871 2
872 2
873 3
874 1
875 1
876 1
877 4
878 1
879 0
880 3
881 1
882 1
883 1
884 1
885 5
886 3
887 0
888 1
889 2
890 6
891 4
892 1
893 4
894 2
895 4
896 4
897 2
898 2
899 5
900 5
901 1
902 2
903 3
904 3
905 1
906 1
907 4
908 0
909 5
910 7
911 2
912 3
913 1
914 4
915 3
916 3
917 1
918 2
919 0
920 1
921 0
922 2
923 3
924 4
925 1
926 4
927 2
928 1
929 3
930 3
931 6
932 1
933 1
934 2
935 1
936 2
937 4
938 1
939 1
940 0
941 4
942 7
943 4
944 2
945 1
946 3
947 2
948 2
949 1
950 3
951 4
952 3
953 6
954 4
955 5
956 5
957 3
958 0
959 5
960 3
961 2
962 2
963 3
964 1
965 2
966 3
967 2
968 5
969 4
970 4
971 2
972 2
973 2
974 4
975 3
976 2
977 4
978 3
979 1
980 2
981 2
982 2
983 2
984 3
985 3
986 2
987 1
988 3
989 0
990 2
991 4
992 1
993 4
994 1
995 2
996 4
997 5
998 5
999 1
1000 4
1001 2
1002 4
1003 2
1004 3
1005 3
1006 3
1007 5
1008 2
1009 2
1010 7
1011 1
1012 8
1013 3
1014 3
1015 3
1016 8
1017 3
1018 4
1019 0
1020 4
1021 10
1022 2
1023 2
1024 1
1025 1
1026 5
1027 4
1028 2
1029 2
1030 2
1031 6
1032 2
1033 3
1034 5
1035 3
1036 0
1037 0
1038 5
1039 3
1040 0
1041 3
1042 3
1043 5
1044 1
1045 9
1046 2
1047 2
1048 1
1049 6
1050 1
1051 6
1052 1
1053 6
1054 0
1055 4
1056 3
1057 4
1058 1
1059 4
1060 1
1061 6
1062 6
1063 6
1064 7
1065 4
1066 6
1067 2
1068 3
1069 3
1070 7
1071 0
1072 5
1073 4
1074 2
1075 2
1076 6
1077 5
1078 4
1079 3
1080 4
1081 7
1082 2
1083 6
1084 2
1085 5
1086 3
1087 6
1088 8
1089 5
1090 2
1091 2
1092 2
1093 5
1094 3
1095 2
1096 6
1097 1
1098 2
1099 13
1100 2
1101 6
1102 2
1103 4
1104 2
1105 5
1106 2
1107 5
1108 4
1109 9
1110 4
1111 6
1112 6
1113 9
1114 6
1115 3
1116 6
1117 6
1118 4
1119 4
1120 6
1121 3
1122 4
1123 3
1124 6
1125 4
1126 2
1127 7
1128 6
1129 2
1130 8
1131 6
1132 7
1133 6
1134 2
1135 4
1136 6
1137 8
1138 7
1139 5
1140 7
1141 5
1142 7
1143 5
1144 7
1145 5
1146 7
1147 2
1148 6
1149 9
1150 4
1151 6
1152 4
1153 2
1154 5
1155 6
1156 6
1157 14
1158 10
1159 7
1160 9
1161 5
1162 4
1163 5
1164 3
1165 9
1166 1
1167 10
1168 9
1169 4
1170 3
1171 5
1172 6
1173 10
1174 6
1175 4
1176 4
1177 5
1178 7
1179 4
1180 5
1181 2
1182 7
1183 5
1184 4
1185 8
1186 6
1187 3
1188 4
1189 7
1190 3
1191 2
1192 8
1193 9
1194 4
1195 2
1196 6
1197 3
1198 7
1199 4
1200 3
1201 6
1202 3
1203 5
1204 6
1205 8
1206 4
1207 3
1208 2
1209 12
1210 1
1211 4
1212 8
1213 3
1214 4
1215 4
1216 6
1217 7
1218 6
1219 6
1220 3
1221 7
1222 4
1223 5
1224 3
1225 5
1226 4
1227 4
1228 8
1229 6
1230 8
1231 5
1232 11
1233 10
1234 5
1235 3
1236 1
1237 7
1238 7
1239 5
1240 5
1241 5
1242 7
1243 7
1244 8
1245 6
1246 8
1247 3
1248 8
1249 10
1250 9
1251 10
1252 6
1253 4
1254 8
1255 0
1256 5
1257 9
1258 5
1259 5
1260 9
1261 6
1262 3
1263 7
1264 13
1265 3
1266 8
1267 11
1268 6
1269 12
1270 7
1271 5
1272 8
1273 8
1274 7
1275 8
1276 8
1277 13
1278 7
1279 9
1280 6
1281 9
1282 4
1283 8
1284 10
1285 13
1286 6
1287 10
1288 6
1289 8
1290 5
1291 9
1292 7
1293 8
1294 14
1295 7
1296 9
1297 13
1298 13
1299 12
1300 9
1301 11
1302 9
1303 8
1304 8
1305 9
1306 8
1307 10
1308 6
1309 10
1310 5
1311 8
1312 7
1313 6
1314 6
1315 12
1316 4
1317 10
1318 13
1319 6
1320 5
1321 8
1322 11
1323 4
1324 5
1325 8
1326 3
1327 10
1328 4
1329 9
1330 6
1331 5
1332 6
1333 3
1334 6
1335 6
1336 4
1337 7
1338 9
1339 7
1340 9
1341 4
1342 6
1343 6
1344 4
1345 4
1346 7
1347 5
1348 4
1349 7
1350 6
1351 5
1352 2
1353 6
1354 2
1355 2
1356 2
1357 6
1358 5
1359 8
1360 9
1361 9
1362 4
1363 9
1364 1
1365 4
1366 7
1367 10
1368 5
1369 2
1370 6
1371 3
1372 4
1373 7
1374 7
1375 8
1376 3
1377 8
1378 9
1379 7
1380 3
1381 7
1382 9
1383 2
1384 5
1385 10
1386 5
1387 5
1388 2
1389 8
1390 5
1391 5
1392 6
1393 6
1394 7
1395 4
1396 4
1397 6
1398 5
1399 4
1400 3
1401 11
1402 6
1403 7
1404 7
1405 4
1406 11
1407 2
1408 4
1409 7
1410 8
1411 5
1412 7
1413 9
1414 5
1415 7
1416 8
1417 7
1418 8
1419 6
1420 4
1421 3
1422 7
1423 7
1424 10
1425 7
1426 11
1427 5
1428 13
1429 4
1430 10
1431 7
1432 10
1433 6
1434 12
1435 9
1436 11
1437 6
1438 7
1439 7
1440 7
1441 10
1442 9
1443 9
1444 16
1445 7
1446 7
1447 9
1448 12
1449 7
1450 10
1451 10
1452 7
1453 7
1454 9
1455 11
1456 7
1457 7
1458 10
1459 6
1460 13
1461 10
1462 6
1463 6
1464 8
1465 13
1466 7
1467 13
1468 5
1469 10
1470 6
1471 7
1472 6
1473 6
1474 5
1475 10
1476 11
1477 5
1478 8
1479 6
1480 5
1481 5
1482 11
1483 8
1484 10
1485 11
1486 8
1487 7
1488 7
1489 3
1490 9
1491 10
1492 6
1493 5
1494 4
1495 7
1496 8
1497 11
1498 4
1499 6
1500 3
1501 8
1502 5
1503 5
1504 5
1505 6
1506 5
1507 2
1508 3
1509 3
1510 5
1511 2
1512 6
1513 2
1514 1
1515 2
1516 3
1517 8
1518 7
1519 5
1520 7
1521 2
1522 5
1523 4
1524 2
1525 3
1526 2
1527 1
1528 1
1529 4
1530 5
1531 1
1532 4
1533 1
1534 2
1535 5
1536 3
1537 3
1538 1
1539 5
1540 2
1541 3
1542 4
1543 2
1544 1
1545 0
1546 1
1547 4
1548 3
1549 2
1550 3
1551 1
1552 0
1553 1
1554 3
1555 1
1556 4
1557 1
1558 2
1559 2
1560 1
1561 2
1562 2
1563 1
1564 4
1565 2
1566 3
1567 1
1568 2
1569 3
1570 2
1571 1
1572 3
1573 3
1574 3
1575 1
1576 1
1577 6
1578 1
1579 2
1580 3
1581 0
1582 3
1583 2
1584 2
1585 2
1586 1
1587 1
1588 1
1589 4
1590 4
1591 2
1592 1
1593 3
1594 5
1595 2
1596 0
1597 2
1598 2
1599 0
1600 3
1601 4
1602 2
1603 2
1604 5
1605 0
1606 2
1607 1
1608 1
1609 1
1610 3
1611 4
1612 2
1613 4
1614 7
1615 1
1616 1
1617 4
1618 5
1619 2
1620 4
1621 5
1622 2
1623 3
1624 3
1625 0
1626 1
1627 2
1628 2
1629 1
1630 3
1631 2
1632 0
1633 3
1634 1
1635 3
1636 3
1637 3
1638 4
1639 6
1640 1
1641 1
1642 2
1643 1
1644 1
1645 2
1646 0
1647 3
1648 3
1649 2
1650 0
1651 1
1652 1
1653 1
1654 1
1655 1
1656 1
1657 0
1658 0
1659 0
1660 0
1661 2
1662 1
1663 1
1664 0
1665 0
1666 0
1667 1
1668 1
1669 1
1670 1
1671 2
1672 1
1673 0
1674 1
1675 1
1676 0
1677 0
1678 0
1679 2
1680 1
1681 1
1682 0
1683 1
1684 0
1685 0
1686 0
1687 0
1688 0
1689 0
1690 0
1691 0
1692 1
1693 0
1694 0
1695 0
1696 1
1697 0
1698 0
1699 1
1700 0
1701 1
1702 0
1703 0
1704 1
1705 0
1706 1
1707 0
1708 1
1709 0
1710 0
1711 1
1712 1
1713 0
1714 0
1715 0
1716 1
1717 0
1718 0
1719 0
1720 1
1721 0
1722 0
1723 0
1724 0
1725 0
1726 0
1727 0
1728 0
1729 0
1730 0
1731 0
1732 2
1733 0
1734 0
1735 0
1736 0
1737 0
1738 0
1739 0
1740 0
1741 0
1742 0
1743 0
1744 0
1745 0
1746 0
1747 0
1748 0
1749 0
1750 0
1751 0
1752 0
1753 0
1754 0
1755 0
1756 0
1757 0
1758 0
1759 0
1760 1
1761 0
1762 0
1763 0
1764 0
1765 0
1766 0
1767 0
1768 1
1769 0
1770 0
1771 0
1772 0
1773 0
1774 0
1775 0
1776 0
1777 0
1778 0
1779 0
1780 0
1781 0
1782 0
1783 0
1784 0
1785 1
1786 0
1787 0
1788 0
1789 0
1790 0
1791 0
1792 0
1793 0
1794 1
1795 0
1796 0
1797 0
1798 0
1799 1
1800 0
1801 0
1802 1
1803 1
1804 0
1805 0
1806 1
1807 0
1808 0
1809 0
1810 0
1811 0
1812 0
1813 1
1814 1
1815 0
1816 0
1817 1
1818 0
1819 0
1820 0
1821 0
1822 0
1823 0
1824 0
1825 0
1826 0
1827 1
1828 0
1829 1
1830 0
1831 1
1832 0
1833 0
1834 0
1835 0
1836 0
1837 0
1838 0
1839 0
1840 0
1841 0
1842 0
1843 0
1844 2
1845 0
1846 0
1847 0
1848 0
1849 1
1850 0
1851 1
1852 0
1853 1
1854 0
1855 1
1856 0
1857 0
1858 0
1859 0
1860 0
1861 0
1862 0
1863 0
1864 0
1865 0
1866 0
1867 0
1868 0
1869 0
1870 0
1871 0
1872 0
1873 0
1874 0
1875 0
1876 1
1877 0
1878 1
1879 0
1880 0
1881 0
1882 0
1883 0
1884 0
1885 0
1886 0
1887 0
1888 0
1889 0
1890 0
1891 0
1892 0
1893 0
1894 0
1895 0
1896 0
1897 1
1898 0
1899 0
1900 1
1901 0
1902 0
1903 1
1904 0
1905 1
1906 0
1907 0
1908 0
1909 1
1910 0
1911 0
1912 0
1913 0
1914 0
1915 0
1916 1
1917 0
1918 0
1919 0
1920 0
1921 1
1922 0
1923 0
1924 0
1925 0
1926 0
1927 0
1928 0
1929 0
1930 0
1931 0
1932 0
1933 0
1934 0
1935 0
1936 0
1937 0
1938 0
1939 0
1940 0
1941 0
1942 0
1943 1
1944 0
1945 0
1946 0
1947 0
1948 0
1949 0
1950 0
1951 0
1952 0
1953 0
1954 0
1955 0
1956 0
1957 0
1958 0
1959 0
1960 0
1961 0
1962 0
1963 0
1964 0
1965 0
1966 0
1967 0
1968 0
1969 1
1970 0
1971 0
1972 2
1973 0
1974 0
1975 1
1976 0
1977 2
1978 0
1979 0
1980 1
1981 0
1982 0
1983 0
1984 0
1985 0
1986 1
1987 0
1988 0
1989 0
1990 0
1991 0
1992 0
1993 0
1994 1
1995 0
1996 0
1997 0
1998 0
1999 0
2000 0
2001 0
2002 0
2003 1
2004 0
2005 0
2006 1
2007 1
2008 2
2009 0
2010 0
2011 0
2012 0
2013 0
2014 0
2015 1
2016 0
2017 0
2018 0
2019 0
2020 0
2021 0
2022 0
2023 0
2024 0
2025 0
2026 0
2027 0
2028 0
2029 0
2030 0
2031 0
2032 0
2033 0
2034 0
2035 0
2036 0
2037 0
2038 0
2039 0
2040 0
2041 0
2042 0
2043 0
2044 0
2045 0
2046 0
2047 0
