# Dead time factor = 1.00000
0 0
1 0
2 0
3 0
4 0
5 0
6 0
7 0
8 0
9 0
10 0
11 0
12 0
13 0
14 0
15 0
16 0
17 0
18 0
19 0
20 0
21 11
22 23
23 17
24 11
25 14
26 14
27 28
28 15
29 15
30 26
31 12
32 19
33 31
34 34
35 37
36 27
37 33
38 29
39 37
40 28
41 40
42 27
43 20
44 36
45 32
46 50
47 51
48 91
49 108
50 126
51 140
52 125
53 131
54 96
55 91
56 75
57 41
58 40
59 27
60 26
61 20
62 28
63 17
64 18
65 18
66 19
67 23
68 20
69 16
70 9
71 11
72 15
73 12
74 12
75 17
76 16
77 14
78 18
79 11
80 11
81 15
82 22
83 14
84 15
85 18
86 16
87 17
88 18
89 19
90 21
91 11
92 17
93 12
94 16
95 8
96 21
97 13
98 14
99 14
100 9
101 9
102 16
103 12
104 14
105 11
106 12
107 8
108 11
109 17
110 8
111 14
112 7
113 8
114 5
115 5
116 12
117 9
118 8
119 10
120 9
121 9
122 11
123 12
124 6
125 10
126 7
127 5
128 9
129 9
130 12
131 10
132 9
133 11
134 10
135 6
136 11
137 5
138 9
139 15
140 10
141 13
142 11
143 6
144 13
145 5
146 7
147 6
148 9
149 6
150 4
151 9
152 3
153 7
154 14
155 9
156 11
157 9
158 9
159 8
160 11
161 16
162 15
163 20
164 13
165 14
166 18
167 22
168 19
169 14
170 17
171 19
172 18
173 15
174 17
175 16
176 18
177 15
178 11
179 12
180 9
181 13
182 7
183 7
184 5
185 3
186 8
187 8
188 5
189 7
190 8
191 9
192 9
193 11
194 6
195 2
196 10
197 12
198 6
199 7
200 8
201 5
202 6
203 8
204 6
205 6
206 7
207 5
208 6
209 7
210 8
211 2
212 9
213 8
214 12
215 10
216 6
217 6
218 7
219 9
220 6
221 6
222 3
223 11
224 7
225 7
226 8
227 11
228 6
229 10
230 10
231 3
232 8
233 8
234 11
235 7
236 11
237 5
238 4
239 9
240 2
241 9
242 6
243 7
244 7
245 6
246 3
247 7
248 4
249 8
250 4
251 7
252 3
253 3
254 6
255 9
256 5
257 1
258 5
259 4
260 4
261 5
262 4
263 6
264 4
265 7
266 2
267 8
268 8
269 8
270 2
271 8
272 8
273 6
274 4
275 4
276 8
277 4
278 3
279 1
280 3
281 7
282 6
283 7
284 3
285 8
286 9
287 8
288 4
289 11
290 6
291 3
292 4
293 5
294 9
295 3
296 5
297 5
298 8
299 4
300 4
301 4
302 6
303 3
304 3
305 6
306 2
307 7
308 6
309 5
310 7
311 6
312 5
313 6
314 4
315 5
316 6
317 3
318 3
319 1
320 4
321 8
322 5
323 4
324 8
325 6
326 2
327 8
328 5
329 6
330 5
331 6
332 7
333 7
334 5
335 5
336 3
337 9
338 5
339 4
340 7
341 9
342 5
343 6
344 4
345 7
346 7
347 7
348 6
349 9
350 2
351 11
352 8
353 5
354 3
355 6
356 5
357 5
358 6
359 5
360 8
361 9
362 7
363 3
364 9
365 5
366 10
367 4
368 2
369 4
370 4
371 7
372 7
373 4
374 6
375 5
376 4
377 8
378 1
379 2
380 5
381 2
382 2
383 2
384 7
385 4
386 7
387 3
388 2
389 2
390 7
391 4
392 6
393 6
394 6
395 4
396 3
397 5
398 8
399 3
400 2
401 2
402 2
403 1
404 7
405 5
406 7
407 6
408 3
409 4
410 3
411 4
412 4
413 3
414 6
415 4
416 5
417 5
418 4
419 6
420 3
421 3
422 6
423 3
424 7
425 2
426 6
427 3
428 2
429 2
430 5
431 2
432 3
433 5
434 2
435 2
436 3
437 4
438 2
439 3
440 5
441 4
442 5
443 8
444 3
445 7
446 3
447 2
448 6
449 3
450 10
451 2
452 8
453 2
454 4
455 3
456 5
457 2
458 5
459 2
460 5
461 4
462 5
463 2
464 2
465 4
466 2
467 4
468 4
469 7
470 8
471 7
472 4
473 3
474 2
475 2
476 5
477 6
478 4
479 4
480 6
481 4
482 3
483 5
484 5
485 2
486 3
487 5
488 0
489 3
490 2
491 5
492 5
493 0
494 6
495 4
496 4
497 6
498 4
499 4
500 6
501 4
502 7
503 5
504 3
505 6
506 4
507 2
508 3
509 4
510 2
511 5
512 3
513 3
514 4
515 6
516 2
517 4
518 4
519 5
520 2
521 2
522 4
523 6
524 1
525 2
526 4
527 5
528 9
529 4
530 1
531 3
532 5
533 9
534 4
535 4
536 6
537 6
538 5
539 5
540 7
541 5
542 4
543 6
544 2
545 4
546 3
547 5
548 3
549 4
550 8
551 4
552 2
553 5
554 4
555 6
556 6
557 7
558 3
559 1
560 5
561 2
562 6
563 3
564 4
565 4
566 4
567 3
568 1
569 6
570 6
571 1
572 3
573 1
574 4
575 1
576 6
577 5
578 4
579 2
580 4
581 4
582 5
583 5
584 6
585 1
586 5
587 5
588 6
589 2
590 5
591 2
592 3
593 2
594 2
595 5
596 6
597 3
598 5
599 1
600 4
601 2
602 5
603 1
604 6
605 3
606 7
607 6
608 4
609 5
610 0
611 1
612 6
613 4
614 3
615 8
616 4
617 3
618 3
619 8
620 4
621 2
622 5
623 6
624 2
625 4
626 3
627 3
628 6
629 2
630 3
631 3
632 2
633 8
634 7
635 4
636 4
637 6
638 5
639 0
640 5
641 1
642 5
643 5
644 6
645 5
646 4
647 3
648 5
649 0
650 3
651 6
652 1
653 3
654 3
655 4
656 6
657 4
658 3
659 6
660 5
661 4
662 5
663 5
664 3
665 2
666 1
667 3
668 4
669 5
670 3
671 7
672 4
673 5
674 1
675 3
676 3
677 4
678 6
679 3
680 4
681 5
682 5
683 3
684 5
685 6
686 3
687 3
688 2
689 4
690 4
691 1
692 9
693 3
694 5
695 3
696 5
697 2
698 2
699 6
700 4
701 5
702 4
703 4
704 3
705 2
706 4
707 3
708 4
709 4
710 4
711 4
712 4
713 7
714 5
715 4
716 2
717 3
718 3
719 3
720 6
721 6
722 3
723 5
724 4
725 2
726 5
727 4
728 8
729 5
730 6
731 6
732 2
733 2
734 4
735 3
736 3
737 6
738 2
739 3
740 7
741 2
742 8
743 3
744 3
745 6
746 5
747 5
748 6
749 3
750 2
751 5
752 2
753 5
754 5
755 3
756 2
757 4
758 5
759 6
760 3
761 3
762 3
763 8
764 5
765 1
766 2
767 7
768 6
769 3
770 2
771 4
772 4
773 6
774 4
775 5
776 3
777 5
778 3
779 2
780 4
781 2
782 4
783 7
784 2
785 11
786 6
787 5
788 3
789 3
790 6
791 6
792 6
793 3
794 7
795 6
796 5
797 4
798 7
799 9
800 8
801 5
802 3
803 1
804 7
805 4
806 5
807 4
808 5
809 2
810 5
811 9
812 6
813 2
814 5
815 5
816 6
817 4
818 2
819 2
820 6
821 6
822 5
823 7
824 5
825 5
826 7
827 5
828 3
829 4
830 4
831 2
832 6
833 4
834 7
835 3
836 3
837 9
838 14
839 2
840 2
841 2
842 5
843 2
844 7
845 5
846 4
847 9
848 6
849 4
850 6
851 0
852 4
853 8
854 8
855 6
856 2
857 7
858 2
859 2
860 4
861 2
862 8
863 5
864 6
865 6
866 3
867 4
868 2
869 0
870 5
871 5
872 1
873 7
874 6
875 5
876 5
877 5
878 5
879 1
880 7
881 4
882 2
883 7
884 6
885 5
886 3
887 4
888 2
889 4
890 7
891 5
892 4
893 5
894 2
895 2
896 1
897 4
898 10
899 5
900 10
901 4
902 9
903 2
904 2
905 6
906 1
907 2
908 3
909 2
910 8
911 4
912 2
913 4
914 5
915 2
916 5
917 2
918 11
919 3
920 5
921 6
922 7
923 5
924 4
925 5
926 4
927 7
928 7
929 2
930 4
931 4
932 4
933 6
934 6
935 6
936 2
937 8
938 7
939 4
940 2
941 9
942 6
943 7
944 6
945 3
946 5
947 1
948 3
949 2
950 5
951 6
952 7
953 4
954 7
955 3
956 3
957 5
958 6
959 11
960 3
961 4
962 5
963 2
964 5
965 5
966 2
967 6
968 9
969 4
970 5
971 3
972 9
973 7
974 8
975 6
976 8
977 11
978 5
979 3
980 4
981 6
982 7
983 4
984 2
985 12
986 0
987 3
988 6
989 1
990 5
991 6
992 4
993 3
994 10
995 7
996 6
997 7
998 4
999 6
1000 4
1001 8
1002 6
1003 7
1004 8
1005 6
1006 2
1007 1
1008 7
1009 3
1010 4
1011 8
1012 7
1013 2
1014 2
1015 7
1016 6
1017 3
1018 4
1019 4
1020 5
1021 1
1022 8
1023 7
1024 7
1025 8
1026 7
1027 6
1028 6
1029 4
1030 5
1031 5
1032 6
1033 5
1034 2
1035 7
1036 2
1037 5
1038 2
1039 5
1040 5
1041 9
1042 7
1043 7
1044 3
1045 6
1046 6
1047 7
1048 9
1049 9
1050 8
1051 5
1052 7
1053 8
1054 4
1055 10
1056 10
1057 7
1058 6
1059 10
1060 13
1061 6
1062 4
1063 10
1064 5
1065 9
1066 7
1067 5
1068 9
1069 5
1070 9
1071 3
1072 4
1073 10
1074 12
1075 9
1076 8
1077 10
1078 7
1079 7
1080 6
1081 4
1082 7
1083 10
1084 6
1085 8
1086 13
1087 9
1088 10
1089 9
1090 5
1091 6
1092 4
1093 10
1094 6
1095 7
1096 4
1097 11
1098 9
1099 13
1100 11
1101 13
1102 10
1103 11
1104 8
1105 17
1106 9
1107 9
1108 3
1109 5
1110 4
1111 11
1112 8
1113 4
1114 9
1115 7
1116 7
1117 9
1118 13
1119 6
1120 16
1121 5
1122 5
1123 11
1124 9
1125 8
1126 8
1127 7
1128 10
1129 8
1130 6
1131 11
1132 13
1133 10
1134 8
1135 9
1136 16
1137 10
1138 11
1139 9
1140 11
1141 8
1142 9
1143 11
1144 10
1145 5
1146 8
1147 16
1148 12
1149 5
1150 9
1151 14
1152 8
1153 9
1154 10
1155 3
1156 6
1157 6
1158 4
1159 12
1160 5
1161 12
1162 10
1163 7
1164 4
1165 12
1166 11
1167 4
1168 2
1169 7
1170 6
1171 6
1172 9
1173 12
1174 11
1175 6
1176 12
1177 9
1178 15
1179 7
1180 14
1181 12
1182 10
1183 9
1184 6
1185 12
1186 10
1187 4
1188 11
1189 6
1190 11
1191 11
1192 9
1193 8
1194 7
1195 13
1196 7
1197 7
1198 4
1199 16
1200 10
1201 8
1202 6
1203 7
1204 9
1205 11
1206 11
1207 12
1208 9
1209 6
1210 11
1211 7
1212 9
1213 8
1214 11
1215 10
1216 12
1217 7
1218 6
1219 7
1220 6
1221 13
1222 12
1223 9
1224 7
1225 11
1226 14
1227 12
1228 7
1229 8
1230 9
1231 6
1232 5
1233 12
1234 13
1235 8
1236 10
1237 10
1238 10
1239 10
1240 11
1241 12
1242 15
1243 9
1244 17
1245 14
1246 13
1247 17
1248 22
1249 13
1250 14
1251 12
1252 15
1253 12
1254 14
1255 9
1256 11
1257 10
1258 11
1259 5
1260 11
1261 15
1262 5
1263 18
1264 20
1265 15
1266 12
1267 15
1268 17
1269 12
1270 14
1271 15
1272 10
1273 5
1274 10
1275 11
1276 10
1277 14
1278 21
1279 17
1280 16
1281 13
1282 19
1283 6
1284 9
1285 13
1286 11
1287 11
1288 9
1289 16
1290 23
1291 10
1292 13
1293 7
1294 16
1295 14
1296 15
1297 18
1298 24
1299 16
1300 15
1301 15
1302 12
1303 15
1304 17
1305 21
1306 21
1307 21
1308 11
1309 15
1310 14
1311 10
1312 11
1313 11
1314 12
1315 17
1316 17
1317 11
1318 15
1319 16
1320 19
1321 13
1322 17
1323 11
1324 11
1325 10
1326 13
1327 14
1328 18
1329 12
1330 15
1331 9
1332 12
1333 10
1334 13
1335 11
1336 17
1337 14
1338 16
1339 13
1340 19
1341 16
1342 14
1343 9
1344 11
1345 13
1346 5
1347 11
1348 7
1349 11
1350 7
1351 6
1352 11
1353 9
1354 14
1355 13
1356 14
1357 11
1358 7
1359 11
1360 7
1361 7
1362 6
1363 15
1364 7
1365 7
1366 11
1367 13
1368 12
1369 9
1370 11
1371 10
1372 16
1373 1
1374 7
1375 13
1376 7
1377 6
1378 7
1379 9
1380 13
1381 10
1382 9
1383 11
1384 10
1385 12
1386 10
1387 8
1388 8
1389 6
1390 9
1391 2
1392 8
1393 6
1394 10
1395 11
1396 4
1397 11
1398 9
1399 14
1400 10
1401 9
1402 11
1403 16
1404 13
1405 10
1406 7
1407 5
1408 10
1409 10
1410 22
1411 6
1412 12
1413 11
1414 11
1415 4
1416 14
1417 18
1418 10
1419 18
1420 10
1421 13
1422 9
1423 11
1424 13
1425 20
1426 19
1427 17
1428 8
1429 10
1430 18
1431 16
1432 22
1433 16
1434 11
1435 17
1436 17
1437 12
1438 10
1439 17
1440 13
1441 21
1442 15
1443 9
1444 8
1445 13
1446 14
1447 12
1448 17
1449 17
1450 13
1451 11
1452 17
1453 12
1454 18
1455 8
1456 12
1457 14
1458 15
1459 15
1460 12
1461 9
1462 13
1463 20
1464 8
1465 11
1466 11
1467 16
1468 17
1469 10
1470 21
1471 23
1472 9
1473 15
1474 11
1475 17
1476 18
1477 18
1478 12
1479 13
1480 19
1481 8
1482 8
1483 8
1484 11
1485 12
1486 10
1487 11
1488 12
1489 13
1490 9
1491 10
1492 8
1493 7
1494 6
1495 9
1496 12
1497 8
1498 15
1499 5
1500 7
1501 14
1502 8
1503 5
1504 8
1505 10
1506 3
1507 11
1508 7
1509 13
1510 9
1511 4
1512 14
1513 10
1514 5
1515 6
1516 2
1517 4
1518 6
1519 5
1520 12
1521 4
1522 9
1523 5
1524 5
1525 10
1526 1
1527 8
1528 4
1529 0
1530 2
1531 7
1532 3
1533 5
1534 8
1535 4
1536 2
1537 3
1538 3
1539 4
1540 5
1541 3
1542 6
1543 2
1544 3
1545 3
1546 1
1547 2
1548 3
1549 2
1550 4
1551 4
1552 5
1553 1
1554 3
1555 2
1556 2
1557 5
1558 4
1559 6
1560 4
1561 3
1562 4
1563 0
1564 2
1565 4
1566 3
1567 2
1568 3
1569 4
1570 2
1571 2
1572 3
1573 1
1574 5
1575 1
1576 2
1577 5
1578 1
1579 3
1580 2
1581 4
1582 3
1583 2
1584 4
1585 4
1586 1
1587 3
1588 2
1589 4
1590 1
1591 5
1592 4
1593 1
1594 1
1595 2
1596 5
1597 4
1598 3
1599 4
1600 3
1601 3
1602 5
1603 1
1604 6
1605 3
1606 6
1607 5
1608 4
1609 4
1610 5
1611 6
1612 3
1613 3
1614 4
1615 4
1616 2
1617 0
1618 4
1619 3
1620 4
1621 6
1622 4
1623 6
1624 9
1625 3
1626 1
1627 5
1628 4
1629 3
1630 2
1631 8
1632 5
1633 4
1634 4
1635 4
1636 1
1637 4
1638 4
1639 3
1640 5
1641 3
1642 4
1643 3
1644 1
1645 2
1646 1
1647 7
1648 1
1649 2
1650 1
1651 0
1652 1
1653 1
1654 2
1655 1
1656 2
1657 2
1658 4
1659 0
1660 1
1661 2
1662 1
1663 0
1664 3
1665 3
1666 2
1667 1
1668 2
1669 1
1670 0
1671 1
1672 1
1673 0
1674 0
1675 1
1676 0
1677 0
1678 2
1679 1
1680 0
1681 1
1682 0
1683 0
1684 2
1685 0
1686 1
1687 0
1688 2
1689 1
1690 2
1691 0
1692 0
1693 0
1694 0
1695 0
1696 2
1697 0
1698 0
1699 1
1700 0
1701 1
1702 0
1703 0
1704 0
1705 0
1706 0
1707 0
1708 0
1709 1
1710 1
1711 0
1712 0
1713 0
1714 1
1715 0
1716 0
1717 0
1718 0
1719 1
1720 0
1721 1
1722 0
1723 0
1724 1
1725 0
1726 0
1727 0
1728 0
1729 1
1730 0
1731 0
1732 0
1733 0
1734 0
1735 0
1736 0
1737 0
1738 0
1739 0
1740 0
1741 0
1742 1
1743 0
1744 0
1745 1
1746 0
1747 0
1748 0
1749 0
1750 1
1751 0
1752 0
1753 0
1754 0
1755 0
1756 1
1757 0
1758 1
1759 0
1760 0
1761 0
1762 0
1763 1
1764 0
1765 0
1766 0
1767 0
1768 0
1769 0
1770 1
1771 0
1772 1
1773 0
1774 0
1775 0
1776 0
1777 0
1778 0
1779 0
1780 0
1781 0
1782 0
1783 0
1784 0
1785 0
1786 1
1787 1
1788 0
1789 1
1790 0
1791 0
1792 0
1793 0
1794 0
1795 0
1796 1
1797 0
1798 0
1799 0
1800 0
1801 0
1802 0
1803 0
1804 0
1805 0
1806 0
1807 0
1808 0
1809 0
1810 0
1811 0
1812 1
1813 0
1814 0
1815 0
1816 0
1817 2
1818 0
1819 1
1820 0
1821 0
1822 0
1823 0
1824 0
1825 0
1826 0
1827 0
1828 0
1829 0
1830 0
1831 0
1832 0
1833 0
1834 1
1835 0
1836 0
1837 0
1838 1
1839 0
1840 1
1841 1
1842 2
1843 0
1844 0
1845 0
1846 0
1847 1
1848 0
1849 0
1850 1
1851 0
1852 0
1853 0
1854 0
1855 0
1856 0
1857 0
1858 0
1859 0
1860 1
1861 0
1862 0
1863 0
1864 0
1865 0
1866 1
1867 1
1868 0
1869 0
1870 0
1871 0
1872 0
1873 0
1874 0
1875 0
1876 0
1877 1
1878 1
1879 0
1880 0
1881 0
1882 0
1883 0
1884 0
1885 0
1886 0
1887 1
1888 1
1889 0
1890 2
1891 0
1892 0
1893 0
1894 0
1895 0
1896 0
1897 0
1898 0
1899 0
1900 0
1901 1
1902 0
1903 0
1904 0
1905 1
1906 0
1907 0
1908 0
1909 0
1910 0
1911 0
1912 0
1913 1
1914 1
1915 0
1916 1
1917 0
1918 0
1919 0
1920 0
1921 0
1922 0
1923 0
1924 0
1925 1
1926 0
1927 0
1928 0
1929 1
1930 0
1931 0
1932 0
1933 0
1934 1
1935 0
1936 0
1937 1
1938 0
1939 0
1940 0
1941 0
1942 0
1943 0
1944 0
1945 0
1946 1
1947 0
1948 0
1949 0
1950 0
1951 0
1952 0
1953 0
1954 0
1955 0
1956 0
1957 0
1958 0
1959 0
1960 0
1961 0
1962 0
1963 0
1964 0
1965 0
1966 1
1967 0
1968 1
1969 0
1970 3
1971 0
1972 0
1973 0
1974 0
1975 0
1976 0
1977 0
1978 0
1979 0
1980 0
1981 0
1982 0
1983 0
1984 0
1985 0
1986 0
1987 1
1988 0
1989 0
1990 0
1991 1
1992 0
1993 0
1994 0
1995 0
1996 0
1997 0
1998 0
1999 0
2000 1
2001 0
2002 1
2003 0
2004 0
2005 0
2006 0
2007 0
2008 0
2009 0
2010 0
2011 0
2012 1
2013 0
2014 0
2015 0
2016 0
2017 1
2018 2
2019 0
2020 1
2021 1
2022 0
2023 0
2024 0
2025 1
2026 2
2027 1
2028 0
2029 1
2030 1
2031 0
2032 0
2033 0
2034 0
2035 0
2036 0
2037 0
2038 0
2039 0
2040 0
2041 0
2042 0
2043 0
2044 0
2045 0
2046 0
2047 0
