# Dead time factor = 1.00000
0 0
1 0
2 0
3 0
4 0
5 0
6 0
7 0
8 0
9 0
10 0
11 0
12 0
13 0
14 0
15 0
16 0
17 0
18 0
19 0
20 0
21 24
22 33
23 26
24 34
25 43
26 39
27 39
28 40
29 36
30 38
31 40
32 42
33 45
34 45
35 59
36 45
37 46
38 44
39 51
40 48
41 38
42 49
43 47
44 47
45 51
46 64
47 95
48 93
49 116
50 178
51 196
52 163
53 151
54 120
55 100
56 72
57 72
58 61
59 43
60 49
61 38
62 29
63 34
64 36
65 37
66 27
67 47
68 30
69 38
70 29
71 41
72 35
73 30
74 23
75 35
76 25
77 36
78 42
79 35
80 26
81 39
82 35
83 27
84 51
85 33
86 33
87 47
88 35
89 41
90 32
91 36
92 46
93 38
94 38
95 36
96 22
97 36
98 28
99 26
100 34
101 20
102 26
103 37
104 27
105 30
106 27
107 32
108 26
109 26
110 19
111 39
112 26
113 21
114 11
115 21
116 19
117 21
118 27
119 30
120 21
121 27
122 32
123 28
124 23
125 25
126 22
127 21
128 25
129 25
130 16
131 26
132 21
133 13
134 28
135 20
136 28
137 24
138 22
139 18
140 18
141 18
142 17
143 19
144 26
145 32
146 28
147 26
148 23
149 15
150 13
151 11
152 15
153 23
154 22
155 21
156 28
157 23
158 16
159 20
160 34
161 29
162 22
163 26
164 32
165 35
166 36
167 41
168 39
169 44
170 49
171 47
172 42
173 47
174 44
175 34
176 35
177 33
178 40
179 24
180 31
181 30
182 31
183 28
184 24
185 20
186 31
187 27
188 20
189 19
190 23
191 26
192 17
193 18
194 23
195 15
196 20
197 22
198 13
199 22
200 19
201 18
202 14
203 17
204 15
205 14
206 10
207 23
208 11
209 22
210 15
211 22
212 15
213 20
214 15
215 9
216 20
217 23
218 13
219 14
220 13
221 14
222 19
223 19
224 16
225 17
226 20
227 17
228 20
229 25
230 21
231 17
232 13
233 19
234 7
235 11
236 15
237 14
238 17
239 14
240 20
241 22
242 15
243 11
244 13
245 11
246 13
247 11
248 20
249 20
250 17
251 18
252 6
253 9
254 22
255 12
256 19
257 17
258 14
259 17
260 17
261 16
262 15
263 8
264 16
265 16
266 16
267 12
268 12
269 14
270 12
271 18
272 12
273 13
274 21
275 13
276 5
277 7
278 17
279 16
280 7
281 17
282 17
283 17
284 17
285 17
286 13
287 10
288 8
289 14
290 16
291 12
292 14
293 18
294 10
295 12
296 18
297 21
298 18
299 13
300 14
301 11
302 10
303 13
304 20
305 10
306 8
307 17
308 15
309 15
310 9
311 6
312 8
313 7
314 10
315 19
316 14
317 10
318 12
319 16
320 18
321 17
322 14
323 17
324 8
325 13
326 10
327 9
328 17
329 15
330 13
331 15
332 14
333 13
334 11
335 8
336 19
337 11
338 17
339 18
340 12
341 20
342 11
343 28
344 12
345 15
346 13
347 25
348 21
349 14
350 8
351 18
352 13
353 17
354 13
355 15
356 12
357 13
358 13
359 10
360 10
361 11
362 17
363 7
364 10
365 9
366 9
367 8
368 20
369 12
370 10
371 10
372 12
373 11
374 10
375 9
376 16
377 8
378 19
379 12
380 9
381 13
382 15
383 13
384 15
385 10
386 12
387 7
388 11
389 13
390 18
391 15
392 10
393 11
394 13
395 8
396 5
397 12
398 11
399 11
400 14
401 13
402 6
403 9
404 10
405 14
406 14
407 15
408 16
409 14
410 20
411 10
412 13
413 13
414 8
415 9
416 10
417 18
418 8
419 12
420 8
421 20
422 11
423 9
424 15
425 14
426 13
427 9
428 13
429 7
430 8
431 15
432 13
433 15
434 8
435 12
436 11
437 11
438 12
439 12
440 7
441 14
442 14
443 5
444 14
445 9
446 15
447 10
448 15
449 9
450 8
451 8
452 11
453 10
454 10
455 11
456 9
457 11
458 14
459 12
460 14
461 8
462 10
463 11
464 7
465 12
466 6
467 17
468 7
469 14
470 7
471 8
472 14
473 9
474 12
475 16
476 6
477 8
478 9
479 10
480 12
481 9
482 11
483 5
484 7
485 11
486 10
487 11
488 6
489 12
490 12
491 17
492 8
493 10
494 13
495 5
496 8
497 11
498 9
499 11
500 14
501 10
502 10
503 6
504 21
505 8
506 13
507 9
508 12
509 14
510 9
511 6
512 13
513 10
514 13
515 10
516 10
517 10
518 14
519 14
520 17
521 10
522 16
523 14
524 6
525 14
526 13
527 14
528 2
529 12
530 5
531 12
532 8
533 17
534 12
535 12
536 5
537 13
538 11
539 12
540 11
541 11
542 6
543 11
544 11
545 15
546 8
547 12
548 7
549 7
550 10
551 11
552 6
553 8
554 14
555 12
556 9
557 9
558 9
559 12
560 8
561 12
562 10
563 9
564 9
565 10
566 13
567 11
568 14
569 11
570 14
571 17
572 11
573 13
574 11
575 10
576 6
577 7
578 12
579 13
580 14
581 12
582 11
583 13
584 11
585 5
586 8
587 10
588 11
589 4
590 6
591 6
592 18
593 14
594 17
595 12
596 11
597 11
598 14
599 7
600 9
601 11
602 11
603 7
604 13
605 10
606 17
607 13
608 11
609 9
610 14
611 12
612 11
613 9
614 9
615 13
616 15
617 12
618 9
619 7
620 9
621 8
622 7
623 11
624 10
625 5
626 8
627 10
628 10
629 13
630 13
631 10
632 10
633 7
634 14
635 15
636 8
637 14
638 10
639 7
640 15
641 7
642 10
643 9
644 9
645 10
646 18
647 12
648 9
649 13
650 12
651 7
652 9
653 12
654 8
655 8
656 11
657 5
658 10
659 12
660 10
661 10
662 8
663 14
664 3
665 7
666 7
667 10
668 8
669 8
670 5
671 15
672 18
673 13
674 7
675 12
676 11
677 11
678 14
679 12
680 12
681 11
682 12
683 12
684 17
685 11
686 8
687 14
688 7
689 10
690 10
691 15
692 12
693 10
694 7
695 15
696 7
697 10
698 10
699 9
700 8
701 10
702 14
703 10
704 6
705 6
706 12
707 9
708 3
709 6
710 10
711 6
712 7
713 5
714 11
715 10
716 10
717 10
718 6
719 10
720 17
721 14
722 9
723 8
724 12
725 16
726 11
727 9
728 7
729 8
730 15
731 15
732 10
733 13
734 13
735 8
736 12
737 14
738 10
739 8
740 14
741 8
742 11
743 9
744 13
745 11
746 12
747 7
748 11
749 13
750 12
751 9
752 10
753 15
754 11
755 6
756 11
757 11
758 9
759 14
760 12
761 12
762 14
763 14
764 11
765 19
766 13
767 12
768 15
769 8
770 11
771 13
772 18
773 9
774 4
775 12
776 13
777 7
778 8
779 16
780 12
781 9
782 3
783 13
784 14
785 12
786 9
787 10
788 8
789 12
790 11
791 17
792 8
793 14
794 9
795 11
796 14
797 11
798 11
799 11
800 15
801 15
802 11
803 11
804 16
805 9
806 6
807 17
808 5
809 5
810 14
811 12
812 13
813 15
814 7
815 10
816 16
817 13
818 10
819 11
820 7
821 13
822 14
823 14
824 19
825 5
826 9
827 14
828 16
829 18
830 11
831 7
832 8
833 15
834 12
835 5
836 11
837 11
838 13
839 12
840 6
841 9
842 7
843 18
844 8
845 17
846 8
847 8
848 12
849 14
850 14
851 13
852 14
853 17
854 17
855 10
856 9
857 10
858 5
859 7
860 11
861 10
862 13
863 7
864 7
865 12
866 12
867 12
868 13
869 9
870 10
871 9
872 12
873 13
874 16
875 8
876 4
877 8
878 22
879 13
880 7
881 9
882 10
883 13
884 15
885 13
886 10
887 3
888 10
889 6
890 14
891 16
892 9
893 5
894 12
895 6
896 9
897 16
898 7
899 5
900 13
901 11
902 8
903 13
904 11
905 11
906 23
907 12
908 13
909 14
910 17
911 18
912 14
913 12
914 12
915 11
916 10
917 13
918 9
919 24
920 15
921 5
922 18
923 12
924 13
925 14
926 10
927 12
928 18
929 11
930 14
931 15
932 17
933 14
934 15
935 11
936 14
937 10
938 16
939 13
940 16
941 5
942 12
943 14
944 11
945 16
946 7
947 10
948 11
949 9
950 15
951 8
952 2
953 7
954 15
955 16
956 7
957 17
958 13
959 14
960 10
961 13
962 15
963 15
964 19
965 15
966 7
967 13
968 11
969 10
970 9
971 14
972 18
973 14
974 16
975 17
976 9
977 14
978 14
979 13
980 10
981 10
982 9
983 16
984 9
985 16
986 11
987 8
988 12
989 15
990 19
991 21
992 7
993 8
994 13
995 11
996 13
997 16
998 10
999 14
1000 15
1001 6
1002 19
1003 8
1004 13
1005 13
1006 15
1007 13
1008 16
1009 11
1010 8
1011 16
1012 14
1013 15
1014 18
1015 16
1016 11
1017 15
1018 27
1019 11
1020 24
1021 12
1022 11
1023 13
1024 11
1025 9
1026 16
1027 17
1028 10
1029 15
1030 10
1031 17
1032 24
1033 14
1034 17
1035 15
1036 12
1037 17
1038 12
1039 23
1040 21
1041 16
1042 18
1043 11
1044 12
1045 12
1046 15
1047 16
1048 14
1049 16
1050 10
1051 8
1052 12
1053 17
1054 10
1055 17
1056 22
1057 18
1058 19
1059 10
1060 15
1061 23
1062 19
1063 22
1064 24
1065 14
1066 19
1067 16
1068 18
1069 18
1070 15
1071 8
1072 13
1073 14
1074 28
1075 14
1076 20
1077 20
1078 18
1079 11
1080 19
1081 21
1082 19
1083 17
1084 23
1085 22
1086 24
1087 19
1088 25
1089 20
1090 22
1091 26
1092 19
1093 22
1094 29
1095 18
1096 23
1097 25
1098 22
1099 17
1100 22
1101 24
1102 17
1103 18
1104 20
1105 22
1106 18
1107 23
1108 27
1109 27
1110 29
1111 22
1112 20
1113 24
1114 14
1115 24
1116 27
1117 20
1118 23
1119 25
1120 22
1121 30
1122 27
1123 19
1124 26
1125 30
1126 30
1127 28
1128 22
1129 21
1130 20
1131 20
1132 26
1133 31
1134 30
1135 25
1136 15
1137 30
1138 17
1139 20
1140 22
1141 25
1142 23
1143 17
1144 16
1145 17
1146 26
1147 30
1148 29
1149 33
1150 20
1151 25
1152 22
1153 18
1154 33
1155 25
1156 20
1157 27
1158 27
1159 17
1160 24
1161 18
1162 33
1163 21
1164 18
1165 18
1166 37
1167 32
1168 20
1169 16
1170 29
1171 31
1172 29
1173 34
1174 24
1175 29
1176 25
1177 29
1178 32
1179 19
1180 21
1181 23
1182 27
1183 25
1184 27
1185 24
1186 32
1187 27
1188 25
1189 20
1190 26
1191 28
1192 29
1193 23
1194 25
1195 21
1196 27
1197 24
1198 20
1199 21
1200 29
1201 31
1202 32
1203 21
1204 17
1205 32
1206 16
1207 18
1208 23
1209 16
1210 32
1211 26
1212 20
1213 27
1214 16
1215 33
1216 22
1217 23
1218 22
1219 30
1220 25
1221 21
1222 23
1223 29
1224 28
1225 17
1226 26
1227 27
1228 33
1229 27
1230 23
1231 30
1232 23
1233 15
1234 28
1235 28
1236 29
1237 28
1238 29
1239 27
1240 25
1241 35
1242 19
1243 29
1244 33
1245 40
1246 26
1247 28
1248 32
1249 29
1250 45
1251 26
1252 47
1253 33
1254 27
1255 25
1256 37
1257 47
1258 39
1259 40
1260 37
1261 28
1262 30
1263 37
1264 36
1265 29
1266 36
1267 27
1268 35
1269 35
1270 38
1271 30
1272 36
1273 41
1274 42
1275 33
1276 37
1277 37
1278 35
1279 32
1280 35
1281 34
1282 34
1283 49
1284 45
1285 51
1286 38
1287 34
1288 31
1289 40
1290 41
1291 41
1292 44
1293 47
1294 37
1295 39
1296 35
1297 48
1298 38
1299 35
1300 40
1301 44
1302 30
1303 35
1304 41
1305 36
1306 38
1307 49
1308 43
1309 53
1310 39
1311 45
1312 44
1313 21
1314 40
1315 36
1316 36
1317 27
1318 49
1319 41
1320 46
1321 35
1322 39
1323 37
1324 45
1325 40
1326 40
1327 27
1328 34
1329 47
1330 31
1331 35
1332 45
1333 34
1334 34
1335 33
1336 46
1337 43
1338 23
1339 28
1340 41
1341 31
1342 39
1343 35
1344 27
1345 35
1346 29
1347 26
1348 25
1349 29
1350 28
1351 32
1352 31
1353 29
1354 30
1355 30
1356 33
1357 31
1358 18
1359 29
1360 24
1361 24
1362 36
1363 21
1364 25
1365 20
1366 27
1367 32
1368 26
1369 28
1370 34
1371 33
1372 24
1373 17
1374 28
1375 29
1376 25
1377 20
1378 15
1379 26
1380 33
1381 26
1382 22
1383 11
1384 19
1385 22
1386 23
1387 31
1388 27
1389 28
1390 32
1391 29
1392 28
1393 23
1394 36
1395 26
1396 28
1397 22
1398 23
1399 24
1400 28
1401 35
1402 19
1403 23
1404 34
1405 26
1406 25
1407 29
1408 31
1409 27
1410 34
1411 24
1412 37
1413 39
1414 29
1415 27
1416 32
1417 28
1418 26
1419 34
1420 27
1421 30
1422 49
1423 34
1424 27
1425 35
1426 46
1427 40
1428 42
1429 35
1430 36
1431 40
1432 42
1433 45
1434 49
1435 41
1436 44
1437 35
1438 41
1439 46
1440 38
1441 34
1442 40
1443 47
1444 46
1445 43
1446 45
1447 47
1448 48
1449 48
1450 37
1451 45
1452 38
1453 43
1454 43
1455 37
1456 37
1457 41
1458 40
1459 41
1460 32
1461 37
1462 19
1463 42
1464 42
1465 48
1466 39
1467 39
1468 34
1469 35
1470 41
1471 37
1472 35
1473 43
1474 36
1475 33
1476 38
1477 42
1478 31
1479 26
1480 44
1481 42
1482 38
1483 50
1484 41
1485 32
1486 41
1487 30
1488 25
1489 34
1490 46
1491 34
1492 30
1493 37
1494 36
1495 24
1496 28
1497 34
1498 25
1499 23
1500 28
1501 26
1502 21
1503 31
1504 29
1505 26
1506 31
1507 12
1508 22
1509 24
1510 25
1511 19
1512 25
1513 23
1514 16
1515 20
1516 13
1517 16
1518 18
1519 23
1520 15
1521 14
1522 14
1523 23
1524 13
1525 13
1526 15
1527 15
1528 22
1529 13
1530 10
1531 8
1532 17
1533 12
1534 13
1535 15
1536 9
1537 3
1538 16
1539 6
1540 10
1541 11
1542 9
1543 10
1544 12
1545 12
1546 11
1547 6
1548 9
1549 8
1550 9
1551 7
1552 14
1553 12
1554 5
1555 11
1556 7
1557 12
1558 6
1559 8
1560 5
1561 10
1562 11
1563 8
1564 8
1565 8
1566 7
1567 8
1568 6
1569 13
1570 8
1571 4
1572 6
1573 9
1574 9
1575 8
1576 8
1577 6
1578 12
1579 8
1580 8
1581 7
1582 4
1583 4
1584 7
1585 7
1586 10
1587 7
1588 11
1589 9
1590 14
1591 8
1592 10
1593 3
1594 7
1595 12
1596 8
1597 10
1598 12
1599 4
1600 9
1601 16
1602 22
1603 6
1604 12
1605 15
1606 12
1607 12
1608 10
1609 3
1610 13
1611 11
1612 7
1613 8
1614 9
1615 16
1616 10
1617 12
1618 15
1619 11
1620 12
1621 7
1622 12
1623 7
1624 11
1625 18
1626 7
1627 10
1628 14
1629 15
1630 8
1631 15
1632 14
1633 9
1634 11
1635 5
1636 11
1637 9
1638 4
1639 9
1640 8
1641 11
1642 11
1643 7
1644 4
1645 11
1646 7
1647 4
1648 5
1649 11
1650 12
1651 3
1652 3
1653 5
1654 5
1655 6
1656 5
1657 8
1658 3
1659 6
1660 6
1661 9
1662 2
1663 2
1664 6
1665 6
1666 5
1667 7
1668 4
1669 3
1670 3
1671 4
1672 1
1673 1
1674 4
1675 5
1676 1
1677 2
1678 4
1679 2
1680 3
1681 2
1682 0
1683 2
1684 1
1685 3
1686 1
1687 1
1688 0
1689 1
1690 2
1691 3
1692 2
1693 1
1694 2
1695 2
1696 2
1697 1
1698 0
1699 2
1700 2
1701 1
1702 2
1703 1
1704 1
1705 0
1706 0
1707 0
1708 1
1709 1
1710 0
1711 0
1712 1
1713 1
1714 0
1715 0
1716 1
1717 1
1718 1
1719 0
1720 1
1721 2
1722 0
1723 1
1724 0
1725 0
1726 1
1727 0
1728 0
1729 0
1730 1
1731 0
1732 0
1733 2
1734 1
1735 1
1736 0
1737 0
1738 0
1739 0
1740 1
1741 2
1742 1
1743 0
1744 0
1745 0
1746 1
1747 0
1748 0
1749 0
1750 2
1751 1
1752 0
1753 0
1754 0
1755 0
1756 0
1757 0
1758 0
1759 0
1760 0
1761 0
1762 0
1763 1
1764 0
1765 0
1766 0
1767 0
1768 0
1769 0
1770 0
1771 0
1772 0
1773 1
1774 0
1775 2
1776 0
1777 0
1778 0
1779 0
1780 0
1781 0
1782 0
1783 1
1784 0
1785 0
1786 1
1787 0
1788 0
1789 0
1790 1
1791 0
1792 1
1793 0
1794 1
1795 0
1796 2
1797 0
1798 0
1799 0
1800 0
1801 1
1802 1
1803 0
1804 0
1805 0
1806 0
1807 0
1808 0
1809 0
1810 1
1811 0
1812 0
1813 0
1814 0
1815 0
1816 0
1817 0
1818 0
1819 1
1820 0
1821 1
1822 0
1823 0
1824 0
1825 0
1826 0
1827 0
1828 1
1829 1
1830 0
1831 0
1832 1
1833 0
1834 0
1835 1
1836 0
1837 1
1838 0
1839 0
1840 0
1841 1
1842 0
1843 0
1844 0
1845 1
1846 0
1847 1
1848 1
1849 0
1850 1
1851 0
1852 0
1853 0
1854 0
1855 1
1856 0
1857 0
1858 2
1859 0
1860 1
1861 0
1862 0
1863 0
1864 1
1865 1
1866 0
1867 0
1868 1
1869 0
1870 0
1871 0
1872 0
1873 0
1874 0
1875 0
1876 0
1877 0
1878 1
1879 0
1880 0
1881 1
1882 2
1883 1
1884 0
1885 0
1886 0
1887 0
1888 0
1889 1
1890 0
1891 0
1892 1
1893 1
1894 0
1895 1
1896 2
1897 1
1898 0
1899 0
1900 0
1901 0
1902 0
1903 0
1904 0
1905 0
1906 0
1907 0
1908 0
1909 1
1910 0
1911 0
1912 2
1913 0
1914 0
1915 1
1916 3
1917 1
1918 0
1919 0
1920 0
1921 0
1922 0
1923 0
1924 1
1925 0
1926 0
1927 0
1928 0
1929 0
1930 0
1931 0
1932 0
1933 0
1934 0
1935 1
1936 0
1937 0
1938 0
1939 0
1940 0
1941 0
1942 0
1943 0
1944 0
1945 0
1946 0
1947 1
1948 0
1949 2
1950 2
1951 0
1952 0
1953 2
1954 1
1955 1
1956 1
1957 1
1958 0
1959 0
1960 0
1961 1
1962 0
1963 0
1964 1
1965 0
1966 0
1967 0
1968 0
1969 0
1970 0
1971 0
1972 0
1973 1
1974 0
1975 1
1976 0
1977 0
1978 0
1979 0
1980 0
1981 0
1982 1
1983 1
1984 0
1985 0
1986 0
1987 0
1988 0
1989 0
1990 0
1991 0
1992 0
1993 0
1994 0
1995 0
1996 0
1997 2
1998 2
1999 0
2000 0
2001 0
2002 0
2003 0
2004 0
2005 1
2006 0
2007 0
2008 0
2009 1
2010 1
2011 0
2012 0
2013 0
2014 1
2015 1
2016 0
2017 0
2018 1
2019 0
2020 0
2021 0
2022 1
2023 0
2024 1
2025 0
2026 1
2027 0
2028 0
2029 0
2030 0
2031 0
2032 0
2033 0
2034 0
2035 0
2036 0
2037 0
2038 0
2039 0
2040 0
2041 0
2042 0
2043 0
2044 0
2045 0
2046 0
2047 0
