# Dead time factor = 1.00000
0 0
1 0
2 0
3 0
4 0
5 0
6 0
7 0
8 0
9 0
10 0
11 0
12 0
13 0
14 0
15 0
16 0
17 0
18 0
19 0
20 0
21 7
22 8
23 8
24 6
25 11
26 13
27 16
28 17
29 12
30 14
31 13
32 17
33 14
34 27
35 20
36 31
37 21
38 20
39 16
40 23
41 19
42 16
43 21
44 12
45 16
46 36
47 54
48 64
49 88
50 134
51 146
52 118
53 107
54 73
55 63
56 49
57 37
58 22
59 20
60 7
61 7
62 8
63 3
64 8
65 5
66 3
67 4
68 4
69 5
70 3
71 5
72 2
73 2
74 5
75 4
76 3
77 3
78 4
79 1
80 0
81 2
82 11
83 1
84 2
85 3
86 1
87 7
88 6
89 2
90 3
91 3
92 5
93 4
94 5
95 4
96 5
97 4
98 4
99 5
100 0
101 4
102 1
103 4
104 0
105 1
106 1
107 1
108 3
109 2
110 1
111 3
112 4
113 0
114 2
115 0
116 3
117 2
118 0
119 1
120 0
121 2
122 1
123 1
124 3
125 2
126 1
127 2
128 1
129 0
130 4
131 1
132 2
133 4
134 0
135 1
136 0
137 1
138 0
139 2
140 2
141 1
142 0
143 2
144 3
145 2
146 0
147 1
148 2
149 3
150 3
151 1
152 0
153 2
154 2
155 2
156 0
157 0
158 0
159 0
160 1
161 3
162 0
163 2
164 0
165 1
166 0
167 2
168 2
169 1
170 1
171 3
172 1
173 2
174 1
175 1
176 1
177 2
178 1
179 1
180 2
181 2
182 0
183 0
184 2
185 0
186 1
187 0
188 0
189 2
190 0
191 1
192 2
193 0
194 2
195 0
196 1
197 0
198 0
199 0
200 1
201 0
202 3
203 0
204 0
205 2
206 0
207 1
208 1
209 1
210 0
211 0
212 1
213 0
214 3
215 1
216 0
217 0
218 2
219 0
220 0
221 0
222 2
223 1
224 0
225 2
226 0
227 1
228 0
229 0
230 1
231 1
232 0
233 3
234 3
235 0
236 0
237 2
238 1
239 2
240 1
241 1
242 1
243 1
244 0
245 1
246 0
247 2
248 0
249 0
250 0
251 0
252 0
253 1
254 0
255 1
256 2
257 1
258 1
259 1
260 0
261 2
262 0
263 1
264 1
265 2
266 1
267 1
268 1
269 0
270 1
271 0
272 0
273 1
274 1
275 1
276 0
277 1
278 0
279 0
280 0
281 0
282 1
283 0
284 0
285 0
286 1
287 2
288 0
289 0
290 0
291 1
292 1
293 0
294 0
295 0
296 0
297 0
298 1
299 2
300 0
301 1
302 1
303 0
304 1
305 0
306 2
307 2
308 0
309 0
310 0
311 1
312 1
313 0
314 0
315 1
316 0
317 1
318 0
319 0
320 0
321 1
322 0
323 1
324 0
325 1
326 1
327 2
328 1
329 0
330 0
331 2
332 1
333 0
334 3
335 1
336 1
337 1
338 0
339 0
340 1
341 2
342 0
343 1
344 0
345 0
346 0
347 2
348 1
349 0
350 1
351 0
352 0
353 0
354 0
355 0
356 2
357 0
358 0
359 0
360 0
361 0
362 0
363 1
364 0
365 0
366 1
367 0
368 0
369 0
370 1
371 0
372 0
373 0
374 0
375 1
376 0
377 0
378 0
379 0
380 0
381 0
382 2
383 1
384 0
385 0
386 0
387 0
388 1
389 1
390 0
391 0
392 0
393 0
394 0
395 1
396 0
397 0
398 0
399 0
400 1
401 0
402 1
403 1
404 0
405 0
406 0
407 1
408 2
409 1
410 0
411 0
412 0
413 0
414 0
415 0
416 0
417 0
418 0
419 0
420 0
421 0
422 1
423 0
424 0
425 0
426 0
427 1
428 0
429 0
430 0
431 0
432 0
433 1
434 0
435 1
436 0
437 1
438 0
439 0
440 0
441 1
442 0
443 2
444 1
445 0
446 0
447 0
448 0
449 0
450 2
451 0
452 0
453 1
454 0
455 1
456 0
457 0
458 1
459 2
460 0
461 0
462 0
463 0
464 1
465 1
466 0
467 1
468 0
469 1
470 1
471 0
472 0
473 0
474 1
475 0
476 0
477 0
478 1
479 1
480 1
481 0
482 0
483 0
484 1
485 1
486 0
487 0
488 1
489 0
490 0
491 0
492 0
493 0
494 0
495 2
496 0
497 0
498 0
499 1
500 0
501 0
502 0
503 1
504 0
505 0
506 0
507 1
508 0
509 0
510 0
511 0
512 0
513 1
514 2
515 0
516 0
517 0
518 1
519 0
520 2
521 0
522 0
523 0
524 0
525 0
526 0
527 0
528 2
529 0
530 2
531 1
532 0
533 0
534 0
535 0
536 1
537 0
538 0
539 1
540 0
541 0
542 0
543 0
544 0
545 0
546 0
547 0
548 2
549 1
550 0
551 0
552 1
553 0
554 1
555 2
556 0
557 0
558 0
559 0
560 1
561 0
562 0
563 0
564 0
565 0
566 1
567 0
568 0
569 0
570 1
571 0
572 0
573 0
574 1
575 1
576 0
577 0
578 1
579 0
580 0
581 0
582 1
583 1
584 0
585 0
586 0
587 0
588 1
589 0
590 0
591 0
592 0
593 0
594 0
595 1
596 0
597 1
598 1
599 0
600 2
601 0
602 1
603 1
604 0
605 0
606 0
607 1
608 0
609 1
610 0
611 0
612 0
613 0
614 0
615 0
616 0
617 0
618 1
619 1
620 0
621 1
622 0
623 0
624 2
625 0
626 0
627 1
628 1
629 1
630 0
631 0
632 0
633 0
634 0
635 0
636 0
637 0
638 0
639 0
640 1
641 1
642 0
643 0
644 0
645 1
646 0
647 0
648 0
649 0
650 0
651 0
652 1
653 0
654 0
655 0
656 0
657 0
658 0
659 0
660 2
661 0
662 0
663 0
664 0
665 1
666 0
667 0
668 0
669 0
670 0
671 0
672 0
673 0
674 0
675 0
676 0
677 0
678 0
679 1
680 0
681 0
682 1
683 1
684 1
685 2
686 1
687 2
688 1
689 0
690 1
691 2
692 0
693 2
694 0
695 0
696 0
697 0
698 0
699 0
700 0
701 0
702 2
703 1
704 0
705 0
706 0
707 0
708 1
709 0
710 0
711 0
712 0
713 0
714 1
715 0
716 1
717 1
718 1
719 0
720 1
721 0
722 0
723 0
724 0
725 0
726 0
727 1
728 0
729 1
730 0
731 1
732 0
733 0
734 0
735 1
736 0
737 0
738 0
739 0
740 0
741 0
742 0
743 1
744 0
745 0
746 0
747 0
748 0
749 1
750 0
751 2
752 0
753 1
754 1
755 0
756 0
757 0
758 0
759 0
760 0
761 0
762 0
763 0
764 0
765 0
766 0
767 0
768 0
769 0
770 2
771 0
772 0
773 0
774 0
775 1
776 0
777 0
778 2
779 0
780 0
781 0
782 0
783 0
784 2
785 0
786 0
787 0
788 0
789 0
790 2
791 0
792 0
793 0
794 0
795 0
796 0
797 0
798 0
799 0
800 0
801 0
802 0
803 1
804 1
805 2
806 1
807 1
808 1
809 0
810 0
811 0
812 0
813 0
814 0
815 0
816 0
817 0
818 0
819 0
820 0
821 0
822 1
823 0
824 0
825 0
826 0
827 1
828 0
829 0
830 0
831 0
832 0
833 1
834 0
835 0
836 0
837 0
838 1
839 0
840 1
841 0
842 0
843 0
844 0
845 2
846 0
847 0
848 0
849 0
850 0
851 0
852 0
853 0
854 1
855 1
856 0
857 0
858 0
859 0
860 0
861 0
862 2
863 0
864 0
865 0
866 0
867 0
868 3
869 0
870 1
871 1
872 1
873 0
874 0
875 1
876 0
877 0
878 0
879 1
880 1
881 1
882 0
883 0
884 0
885 0
886 0
887 0
888 0
889 0
890 1
891 1
892 0
893 0
894 0
895 0
896 0
897 0
898 0
899 0
900 0
901 0
902 1
903 0
904 0
905 0
906 0
907 0
908 0
909 0
910 0
911 0
912 1
913 0
914 0
915 0
916 2
917 2
918 0
919 0
920 0
921 1
922 0
923 0
924 2
925 0
926 0
927 1
928 0
929 1
930 1
931 0
932 1
933 1
934 1
935 0
936 0
937 0
938 0
939 0
940 1
941 0
942 0
943 0
944 1
945 1
946 1
947 0
948 1
949 0
950 0
951 0
952 0
953 0
954 0
955 1
956 0
957 0
958 0
959 0
960 0
961 0
962 0
963 1
964 0
965 0
966 0
967 0
968 0
969 0
970 0
971 1
972 0
973 0
974 0
975 0
976 0
977 0
978 0
979 0
980 1
981 1
982 0
983 1
984 0
985 1
986 0
987 1
988 0
989 0
990 1
991 2
992 0
993 1
994 0
995 0
996 1
997 0
998 1
999 0
1000 0
1001 0
1002 0
1003 0
1004 0
1005 0
1006 0
1007 2
1008 0
1009 0
1010 1
1011 0
1012 0
1013 2
1014 0
1015 0
1016 1
1017 0
1018 0
1019 1
1020 0
1021 2
1022 2
1023 2
1024 2
1025 0
1026 0
1027 0
1028 1
1029 0
1030 1
1031 0
1032 0
1033 0
1034 0
1035 0
1036 0
1037 0
1038 0
1039 0
1040 0
1041 0
1042 0
1043 1
1044 1
1045 1
1046 1
1047 0
1048 0
1049 0
1050 0
1051 1
1052 0
1053 1
1054 2
1055 0
1056 1
1057 0
1058 0
1059 0
1060 1
1061 2
1062 0
1063 0
1064 2
1065 0
1066 0
1067 1
1068 1
1069 0
1070 0
1071 1
1072 0
1073 0
1074 1
1075 0
1076 1
1077 1
1078 1
1079 1
1080 3
1081 0
1082 1
1083 3
1084 0
1085 0
1086 2
1087 2
1088 0
1089 0
1090 1
1091 1
1092 0
1093 0
1094 0
1095 0
1096 0
1097 0
1098 2
1099 0
1100 1
1101 1
1102 0
1103 0
1104 1
1105 0
1106 2
1107 0
1108 0
1109 0
1110 0
1111 0
1112 1
1113 0
1114 1
1115 0
1116 1
1117 2
1118 0
1119 0
1120 0
1121 1
1122 0
1123 0
1124 2
1125 0
1126 0
1127 1
1128 1
1129 1
1130 1
1131 0
1132 0
1133 1
1134 0
1135 0
1136 1
1137 0
1138 1
1139 0
1140 0
1141 1
1142 1
1143 0
1144 0
1145 0
1146 1
1147 2
1148 0
1149 0
1150 2
1151 0
1152 1
1153 0
1154 2
1155 0
1156 0
1157 0
1158 0
1159 1
1160 1
1161 0
1162 0
1163 1
1164 1
1165 2
1166 0
1167 1
1168 0
1169 1
1170 1
1171 0
1172 0
1173 1
1174 1
1175 0
1176 0
1177 0
1178 2
1179 0
1180 1
1181 1
1182 1
1183 0
1184 0
1185 1
1186 0
1187 1
1188 1
1189 2
1190 0
1191 0
1192 0
1193 1
1194 0
1195 0
1196 4
1197 0
1198 1
1199 0
1200 2
1201 2
1202 1
1203 1
1204 0
1205 0
1206 0
1207 1
1208 1
1209 1
1210 2
1211 0
1212 1
1213 2
1214 0
1215 0
1216 0
1217 0
1218 0
1219 0
1220 1
1221 1
1222 0
1223 1
1224 0
1225 1
1226 1
1227 1
1228 1
1229 1
1230 0
1231 0
1232 2
1233 1
1234 1
1235 2
1236 0
1237 0
1238 1
1239 0
1240 1
1241 3
1242 0
1243 0
1244 1
1245 0
1246 1
1247 1
1248 2
1249 0
1250 1
1251 1
1252 2
1253 0
1254 0
1255 2
1256 1
1257 2
1258 1
1259 0
1260 0
1261 2
1262 2
1263 1
1264 1
1265 0
1266 1
1267 0
1268 1
1269 1
1270 2
1271 0
1272 1
1273 1
1274 1
1275 2
1276 0
1277 0
1278 2
1279 1
1280 1
1281 4
1282 2
1283 0
1284 1
1285 0
1286 0
1287 0
1288 0
1289 3
1290 0
1291 0
1292 1
1293 2
1294 0
1295 0
1296 0
1297 0
1298 0
1299 1
1300 1
1301 0
1302 1
1303 1
1304 0
1305 0
1306 0
1307 1
1308 1
1309 0
1310 1
1311 1
1312 4
1313 0
1314 1
1315 0
1316 2
1317 1
1318 1
1319 1
1320 2
1321 0
1322 1
1323 2
1324 1
1325 0
1326 2
1327 2
1328 2
1329 0
1330 0
1331 0
1332 0
1333 2
1334 0
1335 0
1336 4
1337 0
1338 0
1339 1
1340 0
1341 0
1342 3
1343 0
1344 0
1345 2
1346 0
1347 1
1348 0
1349 0
1350 2
1351 0
1352 1
1353 0
1354 1
1355 0
1356 1
1357 2
1358 1
1359 0
1360 1
1361 0
1362 2
1363 2
1364 0
1365 0
1366 1
1367 0
1368 0
1369 0
1370 0
1371 0
1372 2
1373 1
1374 1
1375 1
1376 2
1377 0
1378 0
1379 1
1380 0
1381 1
1382 0
1383 1
1384 0
1385 1
1386 1
1387 1
1388 1
1389 0
1390 0
1391 1
1392 2
1393 1
1394 0
1395 1
1396 1
1397 0
1398 1
1399 1
1400 0
1401 1
1402 1
1403 0
1404 0
1405 2
1406 1
1407 2
1408 0
1409 2
1410 1
1411 0
1412 0
1413 0
1414 0
1415 0
1416 3
1417 0
1418 0
1419 1
1420 0
1421 1
1422 1
1423 1
1424 1
1425 0
1426 0
1427 1
1428 3
1429 1
1430 1
1431 0
1432 1
1433 0
1434 1
1435 0
1436 1
1437 0
1438 1
1439 2
1440 3
1441 0
1442 0
1443 0
1444 0
1445 1
1446 3
1447 1
1448 0
1449 1
1450 0
1451 1
1452 0
1453 4
1454 2
1455 1
1456 0
1457 0
1458 3
1459 1
1460 1
1461 2
1462 0
1463 2
1464 1
1465 0
1466 0
1467 1
1468 1
1469 1
1470 1
1471 0
1472 0
1473 0
1474 0
1475 0
1476 1
1477 0
1478 2
1479 1
1480 0
1481 0
1482 0
1483 1
1484 0
1485 1
1486 1
1487 0
1488 1
1489 0
1490 0
1491 0
1492 1
1493 0
1494 2
1495 0
1496 1
1497 0
1498 1
1499 0
1500 2
1501 0
1502 0
1503 0
1504 0
1505 1
1506 1
1507 0
1508 1
1509 1
1510 0
1511 1
1512 0
1513 0
1514 1
1515 2
1516 1
1517 2
1518 0
1519 0
1520 1
1521 0
1522 0
1523 0
1524 0
1525 0
1526 0
1527 1
1528 0
1529 1
1530 0
1531 0
1532 0
1533 1
1534 0
1535 0
1536 0
1537 0
1538 0
1539 0
1540 0
1541 0
1542 0
1543 0
1544 0
1545 0
1546 1
1547 1
1548 1
1549 0
1550 0
1551 0
1552 0
1553 0
1554 0
1555 0
1556 0
1557 0
1558 0
1559 0
1560 0
1561 0
1562 0
1563 0
1564 0
1565 0
1566 0
1567 1
1568 0
1569 0
1570 0
1571 0
1572 0
1573 0
1574 0
1575 0
1576 0
1577 0
1578 0
1579 0
1580 0
1581 0
1582 0
1583 0
1584 0
1585 0
1586 0
1587 1
1588 1
1589 0
1590 0
1591 0
1592 0
1593 0
1594 0
1595 0
1596 1
1597 0
1598 0
1599 1
1600 0
1601 1
1602 0
1603 0
1604 0
1605 1
1606 0
1607 0
1608 0
1609 0
1610 0
1611 1
1612 0
1613 0
1614 0
1615 0
1616 0
1617 0
1618 0
1619 0
1620 0
1621 0
1622 0
1623 0
1624 0
1625 0
1626 0
1627 0
1628 0
1629 0
1630 0
1631 0
1632 1
1633 0
1634 1
1635 0
1636 0
1637 0
1638 0
1639 0
1640 0
1641 0
1642 1
1643 0
1644 0
1645 0
1646 0
1647 0
1648 0
1649 0
1650 0
1651 0
1652 0
1653 0
1654 0
1655 0
1656 0
1657 0
1658 0
1659 0
1660 0
1661 0
1662 0
1663 0
1664 0
1665 0
1666 0
1667 0
1668 0
1669 0
1670 0
1671 0
1672 0
1673 0
1674 0
1675 0
1676 0
1677 0
1678 0
1679 0
1680 0
1681 0
1682 0
1683 0
1684 0
1685 0
1686 0
1687 0
1688 0
1689 1
1690 1
1691 0
1692 0
1693 0
1694 0
1695 0
1696 1
1697 0
1698 1
1699 0
1700 0
1701 0
1702 0
1703 0
1704 0
1705 0
1706 0
1707 0
1708 0
1709 0
1710 0
1711 0
1712 0
1713 1
1714 0
1715 0
1716 0
1717 0
1718 0
1719 0
1720 0
1721 0
1722 0
1723 0
1724 0
1725 0
1726 0
1727 0
1728 1
1729 0
1730 0
1731 0
1732 0
1733 0
1734 0
1735 0
1736 0
1737 0
1738 0
1739 0
1740 0
1741 0
1742 0
1743 0
1744 0
1745 0
1746 0
1747 0
1748 0
1749 1
1750 0
1751 0
1752 0
1753 0
1754 0
1755 0
1756 0
1757 0
1758 0
1759 0
1760 0
1761 0
1762 0
1763 0
1764 0
1765 0
1766 0
1767 0
1768 0
1769 1
1770 0
1771 0
1772 0
1773 0
1774 0
1775 0
1776 0
1777 0
1778 0
1779 0
1780 0
1781 1
1782 1
1783 1
1784 0
1785 0
1786 0
1787 0
1788 0
1789 1
1790 0
1791 1
1792 1
1793 0
1794 0
1795 0
1796 0
1797 0
1798 0
1799 0
1800 0
1801 0
1802 0
1803 0
1804 0
1805 0
1806 0
1807 0
1808 0
1809 0
1810 0
1811 0
1812 0
1813 0
1814 0
1815 0
1816 0
1817 0
1818 0
1819 0
1820 0
1821 0
1822 0
1823 0
1824 0
1825 0
1826 0
1827 0
1828 0
1829 1
1830 0
1831 0
1832 0
1833 0
1834 0
1835 0
1836 0
1837 0
1838 0
1839 0
1840 0
1841 1
1842 0
1843 0
1844 1
1845 0
1846 0
1847 1
1848 0
1849 0
1850 0
1851 0
1852 0
1853 0
1854 0
1855 0
1856 0
1857 0
1858 0
1859 0
1860 0
1861 0
1862 0
1863 1
1864 0
1865 0
1866 0
1867 0
1868 0
1869 0
1870 0
1871 0
1872 0
1873 0
1874 0
1875 0
1876 0
1877 0
1878 0
1879 0
1880 0
1881 0
1882 0
1883 0
1884 0
1885 1
1886 0
1887 0
1888 0
1889 0
1890 0
1891 0
1892 0
1893 0
1894 0
1895 0
1896 0
1897 0
1898 0
1899 1
1900 0
1901 0
1902 0
1903 0
1904 0
1905 0
1906 0
1907 0
1908 0
1909 0
1910 0
1911 1
1912 0
1913 1
1914 0
1915 0
1916 0
1917 0
1918 0
1919 1
1920 0
1921 0
1922 0
1923 0
1924 0
1925 0
1926 0
1927 0
1928 0
1929 0
1930 0
1931 0
1932 0
1933 0
1934 0
1935 0
1936 0
1937 0
1938 0
1939 0
1940 0
1941 0
1942 0
1943 0
1944 0
1945 0
1946 0
1947 1
1948 0
1949 0
1950 0
1951 0
1952 0
1953 0
1954 0
1955 0
1956 0
1957 0
1958 0
1959 0
1960 0
1961 0
1962 0
1963 0
1964 0
1965 0
1966 0
1967 0
1968 0
1969 0
1970 0
1971 0
1972 0
1973 0
1974 0
1975 0
1976 0
1977 0
1978 0
1979 0
1980 0
1981 0
1982 0
1983 0
1984 0
1985 1
1986 0
1987 0
1988 0
1989 0
1990 0
1991 0
1992 0
1993 0
1994 0
1995 0
1996 0
1997 0
1998 0
1999 0
2000 0
2001 0
2002 0
2003 0
2004 0
2005 0
2006 0
2007 0
2008 0
2009 0
2010 0
2011 1
2012 0
2013 0
2014 0
2015 0
2016 0
2017 0
2018 0
2019 0
2020 0
2021 0
2022 0
2023 1
2024 1
2025 0
2026 0
2027 0
2028 1
2029 0
2030 0
2031 0
2032 0
2033 0
2034 0
2035 0
2036 0
2037 0
2038 0
2039 0
2040 0
2041 0
2042 0
2043 0
2044 0
2045 0
2046 0
2047 0
