# Dead time factor = 1.00000
0 0
1 0
2 0
3 0
4 0
5 0
6 0
7 0
8 0
9 0
10 0
11 0
12 0
13 0
14 0
15 0
16 0
17 0
18 0
19 0
20 1
21 17
22 29
23 29
24 29
25 26
26 37
27 39
28 33
29 41
30 40
31 57
32 49
33 47
34 44
35 38
36 48
37 49
38 40
39 48
40 49
41 58
42 44
43 43
44 40
45 70
46 57
47 65
48 94
49 129
50 146
51 168
52 161
53 158
54 137
55 94
56 79
57 64
58 57
59 45
60 49
61 29
62 28
63 40
64 30
65 28
66 44
67 30
68 29
69 33
70 26
71 28
72 37
73 34
74 26
75 37
76 35
77 28
78 31
79 36
80 37
81 42
82 41
83 34
84 32
85 37
86 38
87 33
88 40
89 40
90 35
91 29
92 39
93 35
94 39
95 38
96 30
97 26
98 30
99 26
100 25
101 32
102 26
103 30
104 30
105 31
106 22
107 26
108 22
109 34
110 27
111 20
112 23
113 20
114 24
115 19
116 19
117 19
118 15
119 23
120 29
121 17
122 26
123 21
124 11
125 18
126 14
127 21
128 15
129 29
130 20
131 21
132 24
133 22
134 19
135 23
136 24
137 23
138 20
139 23
140 21
141 22
142 19
143 19
144 35
145 18
146 22
147 21
148 21
149 22
150 21
151 12
152 21
153 26
154 23
155 20
156 27
157 21
158 27
159 18
160 19
161 21
162 30
163 29
164 43
165 34
166 31
167 36
168 43
169 41
170 45
171 37
172 50
173 43
174 38
175 52
176 40
177 39
178 31
179 41
180 27
181 24
182 23
183 34
184 22
185 31
186 28
187 21
188 26
189 24
190 16
191 22
192 18
193 16
194 10
195 21
196 23
197 16
198 14
199 13
200 13
201 17
202 11
203 11
204 17
205 27
206 24
207 14
208 16
209 13
210 15
211 20
212 23
213 20
214 17
215 16
216 12
217 13
218 16
219 14
220 23
221 23
222 16
223 10
224 24
225 12
226 15
227 16
228 13
229 20
230 15
231 23
232 15
233 12
234 17
235 18
236 20
237 20
238 20
239 15
240 16
241 14
242 16
243 15
244 9
245 18
246 17
247 20
248 14
249 13
250 6
251 18
252 17
253 13
254 20
255 17
256 15
257 8
258 12
259 15
260 15
261 12
262 17
263 11
264 11
265 25
266 15
267 11
268 11
269 15
270 12
271 9
272 16
273 13
274 6
275 12
276 17
277 12
278 12
279 10
280 6
281 10
282 14
283 14
284 20
285 11
286 13
287 17
288 11
289 8
290 13
291 19
292 11
293 13
294 8
295 15
296 9
297 11
298 11
299 12
300 6
301 14
302 16
303 11
304 9
305 13
306 10
307 11
308 21
309 14
310 15
311 13
312 16
313 13
314 14
315 7
316 8
317 13
318 11
319 14
320 11
321 8
322 14
323 9
324 9
325 16
326 21
327 11
328 10
329 12
330 9
331 12
332 18
333 13
334 10
335 13
336 18
337 14
338 18
339 13
340 12
341 9
342 9
343 10
344 14
345 13
346 22
347 12
348 12
349 14
350 10
351 7
352 12
353 12
354 16
355 8
356 25
357 11
358 20
359 9
360 18
361 20
362 16
363 3
364 11
365 17
366 15
367 9
368 10
369 14
370 10
371 10
372 5
373 4
374 12
375 9
376 14
377 16
378 15
379 11
380 10
381 7
382 13
383 22
384 9
385 14
386 11
387 9
388 15
389 12
390 9
391 11
392 7
393 15
394 10
395 8
396 9
397 15
398 9
399 6
400 15
401 9
402 11
403 15
404 6
405 8
406 12
407 11
408 12
409 14
410 5
411 15
412 7
413 9
414 14
415 11
416 9
417 4
418 5
419 9
420 15
421 12
422 8
423 9
424 12
425 10
426 12
427 10
428 9
429 16
430 7
431 8
432 14
433 10
434 9
435 6
436 10
437 7
438 11
439 13
440 11
441 15
442 16
443 8
444 5
445 7
446 8
447 12
448 9
449 8
450 7
451 9
452 16
453 14
454 10
455 12
456 19
457 11
458 19
459 11
460 10
461 9
462 13
463 9
464 9
465 12
466 13
467 14
468 10
469 12
470 11
471 10
472 16
473 17
474 5
475 9
476 8
477 13
478 5
479 9
480 4
481 6
482 8
483 10
484 8
485 10
486 9
487 7
488 14
489 7
490 4
491 7
492 13
493 7
494 9
495 7
496 11
497 11
498 8
499 10
500 5
501 6
502 8
503 9
504 23
505 11
506 17
507 4
508 9
509 12
510 8
511 14
512 16
513 15
514 18
515 15
516 7
517 11
518 12
519 6
520 13
521 9
522 10
523 8
524 10
525 9
526 10
527 8
528 7
529 8
530 9
531 12
532 12
533 15
534 9
535 9
536 10
537 15
538 17
539 16
540 6
541 9
542 9
543 12
544 12
545 9
546 13
547 10
548 9
549 14
550 5
551 9
552 9
553 20
554 12
555 17
556 9
557 6
558 10
559 13
560 10
561 7
562 9
563 7
564 8
565 11
566 12
567 15
568 18
569 8
570 14
571 6
572 10
573 14
574 13
575 6
576 15
577 4
578 13
579 8
580 10
581 10
582 8
583 10
584 9
585 11
586 14
587 12
588 12
589 9
590 8
591 7
592 9
593 9
594 7
595 9
596 16
597 12
598 14
599 13
600 10
601 14
602 11
603 15
604 8
605 11
606 11
607 11
608 8
609 13
610 6
611 8
612 9
613 11
614 16
615 8
616 7
617 10
618 8
619 13
620 4
621 15
622 14
623 14
624 2
625 5
626 11
627 12
628 12
629 10
630 12
631 8
632 10
633 11
634 9
635 15
636 9
637 13
638 11
639 6
640 15
641 16
642 8
643 8
644 9
645 21
646 10
647 6
648 14
649 14
650 11
651 10
652 15
653 7
654 12
655 10
656 6
657 12
658 7
659 13
660 6
661 17
662 13
663 10
664 13
665 9
666 8
667 9
668 8
669 11
670 14
671 12
672 14
673 13
674 8
675 12
676 10
677 16
678 9
679 9
680 5
681 10
682 13
683 13
684 13
685 20
686 11
687 9
688 7
689 15
690 9
691 9
692 8
693 10
694 11
695 10
696 8
697 11
698 7
699 13
700 8
701 12
702 7
703 21
704 10
705 8
706 13
707 16
708 7
709 11
710 14
711 13
712 4
713 7
714 9
715 9
716 9
717 12
718 11
719 12
720 13
721 11
722 15
723 11
724 9
725 11
726 11
727 8
728 9
729 9
730 17
731 14
732 5
733 12
734 10
735 10
736 12
737 10
738 10
739 12
740 7
741 17
742 18
743 6
744 11
745 5
746 4
747 13
748 13
749 12
750 7
751 13
752 11
753 4
754 10
755 4
756 8
757 11
758 12
759 5
760 12
761 16
762 7
763 7
764 12
765 10
766 11
767 15
768 10
769 12
770 12
771 14
772 8
773 7
774 12
775 15
776 14
777 13
778 10
779 6
780 5
781 10
782 6
783 9
784 13
785 14
786 9
787 11
788 9
789 8
790 11
791 11
792 8
793 13
794 13
795 12
796 13
797 4
798 8
799 11
800 16
801 16
802 12
803 8
804 10
805 8
806 15
807 10
808 15
809 10
810 10
811 13
812 15
813 7
814 12
815 11
816 12
817 12
818 16
819 5
820 15
821 17
822 15
823 10
824 14
825 12
826 11
827 11
828 7
829 9
830 12
831 10
832 6
833 7
834 5
835 12
836 9
837 11
838 9
839 8
840 8
841 11
842 11
843 14
844 15
845 15
846 13
847 10
848 9
849 16
850 13
851 8
852 15
853 16
854 7
855 14
856 4
857 15
858 12
859 14
860 12
861 17
862 16
863 10
864 12
865 12
866 8
867 9
868 20
869 13
870 13
871 16
872 16
873 9
874 9
875 14
876 11
877 7
878 5
879 14
880 14
881 12
882 7
883 10
884 6
885 15
886 14
887 13
888 11
889 11
890 13
891 16
892 9
893 9
894 16
895 12
896 7
897 11
898 12
899 16
900 15
901 9
902 11
903 7
904 12
905 15
906 6
907 10
908 7
909 12
910 13
911 13
912 11
913 10
914 8
915 13
916 17
917 13
918 8
919 15
920 12
921 6
922 19
923 18
924 16
925 9
926 17
927 5
928 8
929 21
930 10
931 10
932 8
933 4
934 10
935 9
936 8
937 12
938 13
939 15
940 13
941 13
942 17
943 11
944 14
945 7
946 12
947 9
948 15
949 13
950 7
951 13
952 13
953 20
954 13
955 15
956 10
957 14
958 14
959 16
960 11
961 11
962 15
963 6
964 10
965 9
966 21
967 7
968 15
969 8
970 15
971 13
972 12
973 14
974 12
975 11
976 12
977 12
978 16
979 14
980 10
981 9
982 10
983 15
984 17
985 15
986 14
987 13
988 14
989 18
990 16
991 12
992 15
993 15
994 16
995 12
996 10
997 12
998 15
999 19
1000 14
1001 17
1002 15
1003 12
1004 18
1005 14
1006 13
1007 25
1008 12
1009 10
1010 12
1011 18
1012 11
1013 17
1014 13
1015 11
1016 14
1017 17
1018 12
1019 15
1020 8
1021 14
1022 9
1023 10
1024 16
1025 16
1026 10
1027 15
1028 14
1029 14
1030 8
1031 19
1032 18
1033 15
1034 16
1035 14
1036 13
1037 16
1038 23
1039 14
1040 12
1041 13
1042 17
1043 16
1044 12
1045 17
1046 25
1047 21
1048 16
1049 20
1050 12
1051 20
1052 16
1053 11
1054 20
1055 18
1056 13
1057 12
1058 11
1059 13
1060 22
1061 18
1062 6
1063 14
1064 13
1065 19
1066 17
1067 23
1068 23
1069 17
1070 24
1071 19
1072 12
1073 14
1074 15
1075 15
1076 14
1077 20
1078 16
1079 16
1080 16
1081 22
1082 20
1083 15
1084 21
1085 19
1086 16
1087 20
1088 22
1089 16
1090 18
1091 21
1092 21
1093 22
1094 23
1095 27
1096 14
1097 20
1098 13
1099 15
1100 24
1101 21
1102 15
1103 26
1104 35
1105 17
1106 21
1107 23
1108 32
1109 31
1110 23
1111 21
1112 26
1113 26
1114 17
1115 21
1116 22
1117 21
1118 17
1119 23
1120 23
1121 27
1122 25
1123 17
1124 27
1125 27
1126 22
1127 22
1128 22
1129 14
1130 22
1131 19
1132 36
1133 28
1134 16
1135 27
1136 19
1137 23
1138 26
1139 21
1140 26
1141 25
1142 25
1143 24
1144 22
1145 30
1146 27
1147 27
1148 19
1149 26
1150 23
1151 27
1152 25
1153 32
1154 16
1155 20
1156 19
1157 27
1158 13
1159 28
1160 21
1161 31
1162 24
1163 25
1164 29
1165 21
1166 20
1167 14
1168 24
1169 31
1170 19
1171 18
1172 23
1173 20
1174 23
1175 25
1176 15
1177 27
1178 21
1179 26
1180 21
1181 25
1182 22
1183 24
1184 21
1185 20
1186 29
1187 20
1188 29
1189 23
1190 24
1191 27
1192 25
1193 21
1194 16
1195 23
1196 29
1197 25
1198 27
1199 18
1200 34
1201 25
1202 21
1203 39
1204 22
1205 31
1206 19
1207 24
1208 35
1209 23
1210 26
1211 21
1212 26
1213 17
1214 24
1215 23
1216 27
1217 27
1218 22
1219 18
1220 15
1221 30
1222 30
1223 22
1224 22
1225 23
1226 28
1227 32
1228 31
1229 19
1230 24
1231 27
1232 20
1233 12
1234 31
1235 29
1236 25
1237 19
1238 27
1239 35
1240 33
1241 25
1242 31
1243 27
1244 27
1245 34
1246 31
1247 25
1248 46
1249 25
1250 41
1251 23
1252 42
1253 33
1254 33
1255 34
1256 32
1257 35
1258 31
1259 28
1260 52
1261 30
1262 37
1263 32
1264 41
1265 32
1266 34
1267 31
1268 25
1269 39
1270 44
1271 44
1272 39
1273 33
1274 32
1275 44
1276 37
1277 24
1278 50
1279 36
1280 39
1281 33
1282 41
1283 47
1284 41
1285 47
1286 35
1287 37
1288 40
1289 32
1290 36
1291 34
1292 41
1293 35
1294 35
1295 30
1296 42
1297 49
1298 36
1299 30
1300 46
1301 31
1302 35
1303 37
1304 39
1305 32
1306 49
1307 46
1308 35
1309 39
1310 43
1311 35
1312 32
1313 31
1314 38
1315 32
1316 39
1317 39
1318 34
1319 43
1320 38
1321 45
1322 42
1323 47
1324 38
1325 35
1326 32
1327 34
1328 43
1329 26
1330 45
1331 36
1332 52
1333 32
1334 34
1335 30
1336 26
1337 29
1338 26
1339 41
1340 40
1341 29
1342 34
1343 31
1344 42
1345 32
1346 34
1347 27
1348 30
1349 30
1350 35
1351 30
1352 22
1353 32
1354 32
1355 37
1356 18
1357 23
1358 31
1359 27
1360 31
1361 19
1362 33
1363 28
1364 19
1365 10
1366 37
1367 23
1368 28
1369 23
1370 24
1371 28
1372 33
1373 24
1374 25
1375 31
1376 17
1377 23
1378 23
1379 28
1380 19
1381 22
1382 21
1383 29
1384 28
1385 30
1386 19
1387 21
1388 28
1389 29
1390 21
1391 33
1392 28
1393 28
1394 23
1395 27
1396 27
1397 17
1398 24
1399 32
1400 34
1401 21
1402 31
1403 31
1404 24
1405 29
1406 34
1407 40
1408 22
1409 37
1410 31
1411 27
1412 27
1413 34
1414 35
1415 29
1416 36
1417 30
1418 40
1419 30
1420 36
1421 32
1422 44
1423 37
1424 34
1425 48
1426 37
1427 31
1428 35
1429 29
1430 35
1431 29
1432 32
1433 35
1434 32
1435 41
1436 32
1437 33
1438 49
1439 39
1440 30
1441 36
1442 39
1443 42
1444 40
1445 40
1446 42
1447 43
1448 35
1449 47
1450 40
1451 40
1452 53
1453 51
1454 40
1455 35
1456 53
1457 43
1458 33
1459 44
1460 44
1461 44
1462 43
1463 36
1464 39
1465 28
1466 29
1467 42
1468 40
1469 29
1470 47
1471 33
1472 34
1473 43
1474 43
1475 34
1476 41
1477 34
1478 33
1479 29
1480 41
1481 32
1482 31
1483 40
1484 32
1485 33
1486 31
1487 27
1488 32
1489 31
1490 28
1491 36
1492 32
1493 32
1494 39
1495 29
1496 25
1497 35
1498 25
1499 28
1500 26
1501 33
1502 27
1503 16
1504 22
1505 31
1506 25
1507 17
1508 26
1509 20
1510 22
1511 22
1512 27
1513 19
1514 18
1515 28
1516 22
1517 26
1518 16
1519 16
1520 16
1521 15
1522 13
1523 22
1524 9
1525 9
1526 8
1527 8
1528 15
1529 12
1530 16
1531 16
1532 18
1533 17
1534 15
1535 13
1536 16
1537 4
1538 13
1539 15
1540 13
1541 10
1542 7
1543 8
1544 7
1545 8
1546 15
1547 8
1548 9
1549 10
1550 8
1551 8
1552 7
1553 3
1554 5
1555 9
1556 3
1557 10
1558 9
1559 5
1560 5
1561 7
1562 8
1563 9
1564 7
1565 10
1566 8
1567 5
1568 12
1569 8
1570 9
1571 3
1572 9
1573 7
1574 3
1575 6
1576 8
1577 6
1578 4
1579 13
1580 5
1581 6
1582 11
1583 6
1584 9
1585 7
1586 4
1587 6
1588 7
1589 7
1590 7
1591 7
1592 6
1593 8
1594 13
1595 18
1596 9
1597 10
1598 10
1599 5
1600 8
1601 4
1602 16
1603 11
1604 5
1605 11
1606 13
1607 14
1608 7
1609 9
1610 8
1611 7
1612 7
1613 5
1614 10
1615 14
1616 4
1617 11
1618 13
1619 7
1620 10
1621 10
1622 8
1623 13
1624 9
1625 8
1626 13
1627 11
1628 6
1629 14
1630 7
1631 11
1632 11
1633 12
1634 13
1635 16
1636 12
1637 7
1638 12
1639 9
1640 8
1641 8
1642 8
1643 13
1644 8
1645 14
1646 12
1647 6
1648 10
1649 6
1650 7
1651 13
1652 5
1653 9
1654 6
1655 4
1656 6
1657 5
1658 5
1659 8
1660 4
1661 3
1662 3
1663 2
1664 6
1665 4
1666 7
1667 6
1668 4
1669 7
1670 3
1671 7
1672 3
1673 3
1674 5
1675 3
1676 1
1677 1
1678 1
1679 4
1680 2
1681 2
1682 4
1683 2
1684 2
1685 3
1686 1
1687 1
1688 2
1689 0
1690 2
1691 0
1692 1
1693 0
1694 4
1695 2
1696 0
1697 1
1698 2
1699 0
1700 4
1701 0
1702 0
1703 0
1704 1
1705 0
1706 1
1707 0
1708 0
1709 1
1710 1
1711 1
1712 1
1713 0
1714 0
1715 0
1716 0
1717 1
1718 0
1719 0
1720 0
1721 1
1722 1
1723 1
1724 0
1725 1
1726 0
1727 0
1728 1
1729 0
1730 1
1731 0
1732 0
1733 0
1734 0
1735 0
1736 2
1737 0
1738 0
1739 0
1740 0
1741 1
1742 1
1743 0
1744 1
1745 1
1746 1
1747 0
1748 1
1749 1
1750 0
1751 2
1752 0
1753 1
1754 0
1755 0
1756 0
1757 1
1758 0
1759 0
1760 2
1761 1
1762 1
1763 0
1764 0
1765 1
1766 0
1767 0
1768 1
1769 1
1770 0
1771 1
1772 0
1773 0
1774 0
1775 0
1776 1
1777 2
1778 0
1779 0
1780 1
1781 1
1782 1
1783 0
1784 2
1785 0
1786 1
1787 0
1788 0
1789 1
1790 0
1791 1
1792 0
1793 1
1794 2
1795 0
1796 1
1797 0
1798 0
1799 0
1800 0
1801 0
1802 0
1803 1
1804 0
1805 0
1806 0
1807 1
1808 0
1809 0
1810 0
1811 0
1812 2
1813 0
1814 1
1815 1
1816 0
1817 0
1818 0
1819 1
1820 1
1821 1
1822 1
1823 0
1824 0
1825 0
1826 0
1827 1
1828 0
1829 0
1830 0
1831 0
1832 0
1833 0
1834 0
1835 0
1836 0
1837 0
1838 0
1839 1
1840 1
1841 0
1842 0
1843 0
1844 0
1845 0
1846 0
1847 0
1848 0
1849 0
1850 0
1851 0
1852 0
1853 0
1854 0
1855 1
1856 0
1857 3
1858 1
1859 0
1860 0
1861 0
1862 1
1863 0
1864 0
1865 0
1866 0
1867 2
1868 0
1869 0
1870 0
1871 0
1872 0
1873 0
1874 0
1875 0
1876 1
1877 1
1878 0
1879 1
1880 0
1881 0
1882 1
1883 1
1884 0
1885 0
1886 0
1887 0
1888 0
1889 0
1890 0
1891 0
1892 0
1893 0
1894 0
1895 0
1896 1
1897 0
1898 0
1899 0
1900 0
1901 1
1902 0
1903 1
1904 0
1905 0
1906 0
1907 0
1908 0
1909 1
1910 1
1911 0
1912 1
1913 0
1914 1
1915 0
1916 0
1917 0
1918 0
1919 0
1920 0
1921 1
1922 0
1923 1
1924 1
1925 0
1926 2
1927 0
1928 0
1929 0
1930 0
1931 0
1932 1
1933 1
1934 0
1935 0
1936 0
1937 0
1938 0
1939 1
1940 0
1941 0
1942 0
1943 1
1944 0
1945 0
1946 0
1947 0
1948 0
1949 0
1950 0
1951 0
1952 0
1953 1
1954 0
1955 0
1956 0
1957 0
1958 1
1959 0
1960 2
1961 1
1962 0
1963 0
1964 0
1965 1
1966 0
1967 1
1968 0
1969 0
1970 1
1971 0
1972 0
1973 0
1974 2
1975 0
1976 0
1977 0
1978 1
1979 0
1980 0
1981 0
1982 1
1983 0
1984 1
1985 1
1986 0
1987 0
1988 0
1989 0
1990 0
1991 0
1992 0
1993 1
1994 1
1995 0
1996 1
1997 0
1998 1
1999 0
2000 0
2001 0
2002 0
2003 0
2004 1
2005 0
2006 2
2007 0
2008 0
2009 0
2010 1
2011 1
2012 0
2013 0
2014 0
2015 1
2016 0
2017 0
2018 1
2019 0
2020 0
2021 0
2022 0
2023 0
2024 0
2025 1
2026 1
2027 0
2028 0
2029 1
2030 0
2031 0
2032 0
2033 0
2034 0
2035 0
2036 0
2037 0
2038 0
2039 0
2040 0
2041 0
2042 0
2043 0
2044 0
2045 0
2046 0
2047 0
