# Dead time factor = 1.00000
0 0
1 0
2 0
3 0
4 0
5 0
6 0
7 0
8 0
9 0
10 0
11 0
12 0
13 0
14 0
15 0
16 0
17 0
18 0
19 0
20 5
21 22
22 22
23 20
24 21
25 28
26 21
27 31
28 34
29 35
30 36
31 25
32 41
33 29
34 37
35 43
36 45
37 44
38 36
39 40
40 38
41 39
42 43
43 51
44 43
45 47
46 67
47 82
48 110
49 139
50 142
51 155
52 147
53 148
54 100
55 83
56 58
57 54
58 48
59 34
60 34
61 34
62 28
63 35
64 23
65 38
66 31
67 25
68 25
69 28
70 27
71 28
72 27
73 26
74 30
75 34
76 23
77 15
78 24
79 30
80 39
81 34
82 28
83 30
84 34
85 32
86 35
87 24
88 28
89 20
90 33
91 23
92 25
93 23
94 29
95 30
96 21
97 27
98 23
99 25
100 20
101 14
102 17
103 26
104 13
105 21
106 26
107 22
108 21
109 23
110 25
111 21
112 24
113 19
114 10
115 19
116 13
117 17
118 18
119 30
120 27
121 18
122 15
123 24
124 24
125 31
126 12
127 23
128 14
129 18
130 16
131 10
132 25
133 17
134 19
135 23
136 26
137 25
138 18
139 14
140 16
141 16
142 15
143 15
144 16
145 16
146 14
147 13
148 21
149 13
150 18
151 21
152 20
153 16
154 29
155 25
156 14
157 12
158 11
159 22
160 17
161 23
162 24
163 23
164 29
165 35
166 32
167 37
168 38
169 38
170 35
171 31
172 40
173 39
174 42
175 27
176 24
177 25
178 31
179 20
180 21
181 26
182 26
183 29
184 21
185 14
186 21
187 23
188 19
189 18
190 21
191 15
192 13
193 15
194 14
195 17
196 18
197 31
198 13
199 19
200 11
201 11
202 14
203 13
204 12
205 9
206 17
207 9
208 14
209 19
210 13
211 12
212 16
213 12
214 17
215 20
216 17
217 15
218 13
219 13
220 16
221 6
222 16
223 6
224 12
225 12
226 14
227 16
228 11
229 6
230 11
231 14
232 11
233 21
234 9
235 12
236 11
237 14
238 13
239 19
240 12
241 15
242 11
243 3
244 10
245 13
246 20
247 16
248 7
249 13
250 11
251 10
252 14
253 9
254 12
255 12
256 14
257 15
258 11
259 9
260 13
261 15
262 8
263 24
264 10
265 16
266 9
267 11
268 16
269 8
270 14
271 12
272 8
273 6
274 13
275 11
276 8
277 13
278 16
279 7
280 12
281 5
282 8
283 11
284 17
285 6
286 7
287 10
288 12
289 15
290 13
291 20
292 11
293 10
294 9
295 14
296 8
297 15
298 7
299 11
300 8
301 10
302 6
303 11
304 14
305 7
306 9
307 4
308 15
309 17
310 13
311 11
312 9
313 7
314 6
315 10
316 9
317 8
318 5
319 6
320 13
321 9
322 6
323 9
324 11
325 4
326 10
327 13
328 14
329 12
330 9
331 11
332 10
333 10
334 11
335 16
336 16
337 12
338 9
339 19
340 11
341 12
342 14
343 14
344 5
345 13
346 15
347 14
348 11
349 11
350 15
351 11
352 9
353 13
354 8
355 21
356 8
357 4
358 7
359 13
360 15
361 11
362 11
363 7
364 6
365 10
366 8
367 9
368 7
369 11
370 9
371 13
372 9
373 8
374 9
375 8
376 11
377 13
378 12
379 15
380 8
381 12
382 13
383 5
384 12
385 10
386 9
387 11
388 9
389 9
390 10
391 7
392 10
393 8
394 10
395 9
396 10
397 12
398 9
399 6
400 8
401 10
402 10
403 12
404 8
405 8
406 13
407 5
408 6
409 10
410 8
411 10
412 4
413 11
414 6
415 11
416 10
417 8
418 11
419 5
420 11
421 9
422 4
423 8
424 9
425 6
426 9
427 12
428 13
429 6
430 11
431 12
432 6
433 7
434 10
435 4
436 5
437 10
438 9
439 10
440 5
441 7
442 11
443 6
444 7
445 12
446 13
447 7
448 7
449 14
450 5
451 11
452 12
453 13
454 10
455 10
456 6
457 13
458 11
459 15
460 6
461 13
462 7
463 14
464 13
465 9
466 9
467 9
468 12
469 9
470 7
471 13
472 11
473 9
474 8
475 9
476 6
477 11
478 10
479 11
480 11
481 9
482 9
483 11
484 11
485 7
486 8
487 6
488 12
489 7
490 10
491 8
492 4
493 10
494 7
495 9
496 15
497 4
498 9
499 0
500 9
501 11
502 4
503 9
504 6
505 9
506 6
507 9
508 16
509 9
510 13
511 10
512 11
513 12
514 9
515 6
516 10
517 8
518 10
519 4
520 12
521 7
522 11
523 13
524 2
525 7
526 10
527 5
528 11
529 6
530 8
531 5
532 10
533 10
534 10
535 8
536 10
537 7
538 7
539 10
540 5
541 9
542 10
543 6
544 4
545 16
546 8
547 9
548 6
549 14
550 3
551 9
552 8
553 12
554 4
555 8
556 7
557 9
558 9
559 5
560 8
561 12
562 7
563 14
564 9
565 9
566 8
567 5
568 8
569 10
570 2
571 11
572 11
573 5
574 7
575 4
576 11
577 7
578 4
579 10
580 9
581 10
582 10
583 7
584 13
585 12
586 3
587 9
588 9
589 7
590 11
591 8
592 9
593 12
594 6
595 8
596 10
597 6
598 5
599 10
600 9
601 8
602 12
603 6
604 10
605 8
606 14
607 12
608 2
609 13
610 5
611 8
612 6
613 7
614 3
615 9
616 11
617 12
618 6
619 11
620 13
621 7
622 6
623 14
624 6
625 12
626 9
627 8
628 10
629 6
630 5
631 5
632 15
633 8
634 9
635 8
636 7
637 8
638 9
639 7
640 9
641 6
642 10
643 8
644 12
645 13
646 11
647 10
648 10
649 11
650 7
651 8
652 12
653 8
654 10
655 11
656 14
657 10
658 10
659 12
660 10
661 7
662 9
663 9
664 6
665 12
666 10
667 8
668 13
669 6
670 7
671 7
672 7
673 8
674 10
675 12
676 8
677 8
678 8
679 9
680 4
681 13
682 10
683 3
684 8
685 15
686 9
687 7
688 5
689 18
690 6
691 9
692 6
693 7
694 7
695 5
696 9
697 7
698 9
699 5
700 8
701 13
702 5
703 8
704 6
705 19
706 10
707 8
708 11
709 8
710 9
711 14
712 9
713 5
714 14
715 9
716 8
717 7
718 6
719 8
720 7
721 13
722 13
723 11
724 7
725 7
726 4
727 6
728 9
729 6
730 8
731 12
732 11
733 4
734 5
735 11
736 7
737 9
738 10
739 8
740 12
741 13
742 10
743 6
744 10
745 22
746 10
747 11
748 11
749 8
750 10
751 13
752 8
753 11
754 10
755 5
756 12
757 11
758 11
759 4
760 13
761 4
762 8
763 4
764 10
765 7
766 7
767 7
768 11
769 10
770 7
771 5
772 10
773 7
774 12
775 8
776 9
777 5
778 13
779 8
780 5
781 12
782 9
783 14
784 12
785 9
786 10
787 14
788 10
789 14
790 14
791 10
792 8
793 12
794 8
795 6
796 6
797 8
798 7
799 8
800 11
801 14
802 9
803 10
804 11
805 10
806 9
807 11
808 8
809 4
810 8
811 12
812 11
813 11
814 3
815 11
816 8
817 9
818 7
819 16
820 8
821 7
822 11
823 6
824 7
825 5
826 12
827 7
828 11
829 6
830 15
831 13
832 10
833 10
834 6
835 15
836 10
837 12
838 12
839 9
840 10
841 11
842 5
843 10
844 8
845 13
846 6
847 18
848 7
849 12
850 10
851 7
852 8
853 8
854 4
855 12
856 7
857 12
858 5
859 11
860 13
861 5
862 6
863 12
864 10
865 13
866 8
867 9
868 9
869 9
870 2
871 17
872 5
873 9
874 7
875 10
876 11
877 11
878 4
879 8
880 9
881 8
882 19
883 6
884 12
885 10
886 12
887 6
888 4
889 17
890 11
891 9
892 10
893 14
894 7
895 10
896 10
897 6
898 9
899 6
900 15
901 11
902 14
903 10
904 9
905 9
906 16
907 7
908 17
909 6
910 7
911 10
912 14
913 11
914 11
915 11
916 9
917 9
918 12
919 8
920 8
921 14
922 13
923 11
924 9
925 8
926 14
927 15
928 11
929 11
930 16
931 7
932 11
933 8
934 9
935 9
936 12
937 11
938 9
939 9
940 11
941 8
942 14
943 19
944 9
945 11
946 19
947 7
948 10
949 7
950 11
951 9
952 10
953 10
954 11
955 8
956 8
957 12
958 9
959 9
960 11
961 8
962 9
963 9
964 9
965 17
966 11
967 8
968 9
969 13
970 17
971 12
972 20
973 14
974 8
975 10
976 16
977 6
978 9
979 12
980 10
981 15
982 12
983 5
984 15
985 10
986 13
987 8
988 10
989 8
990 11
991 7
992 9
993 7
994 13
995 13
996 9
997 16
998 19
999 13
1000 18
1001 11
1002 17
1003 6
1004 12
1005 11
1006 7
1007 5
1008 9
1009 11
1010 10
1011 11
1012 16
1013 9
1014 11
1015 12
1016 9
1017 4
1018 17
1019 11
1020 8
1021 17
1022 13
1023 10
1024 12
1025 14
1026 11
1027 11
1028 14
1029 12
1030 7
1031 17
1032 14
1033 8
1034 13
1035 12
1036 6
1037 17
1038 14
1039 7
1040 22
1041 7
1042 12
1043 15
1044 12
1045 11
1046 12
1047 18
1048 8
1049 13
1050 17
1051 16
1052 9
1053 12
1054 17
1055 8
1056 20
1057 12
1058 17
1059 12
1060 18
1061 13
1062 8
1063 17
1064 10
1065 19
1066 17
1067 14
1068 15
1069 15
1070 10
1071 17
1072 19
1073 15
1074 7
1075 8
1076 14
1077 17
1078 16
1079 12
1080 11
1081 13
1082 21
1083 17
1084 20
1085 17
1086 18
1087 19
1088 16
1089 8
1090 16
1091 17
1092 21
1093 18
1094 15
1095 19
1096 20
1097 16
1098 19
1099 17
1100 25
1101 27
1102 16
1103 12
1104 16
1105 26
1106 28
1107 12
1108 17
1109 20
1110 17
1111 11
1112 20
1113 23
1114 16
1115 14
1116 14
1117 29
1118 14
1119 11
1120 17
1121 22
1122 17
1123 17
1124 12
1125 17
1126 21
1127 21
1128 24
1129 20
1130 20
1131 13
1132 17
1133 14
1134 22
1135 23
1136 22
1137 16
1138 21
1139 29
1140 17
1141 23
1142 23
1143 20
1144 24
1145 20
1146 21
1147 15
1148 18
1149 19
1150 17
1151 24
1152 17
1153 17
1154 17
1155 24
1156 21
1157 18
1158 26
1159 19
1160 17
1161 17
1162 25
1163 15
1164 12
1165 23
1166 24
1167 12
1168 30
1169 14
1170 14
1171 25
1172 19
1173 18
1174 21
1175 18
1176 21
1177 23
1178 19
1179 23
1180 23
1181 23
1182 21
1183 14
1184 14
1185 30
1186 28
1187 21
1188 19
1189 13
1190 15
1191 23
1192 15
1193 21
1194 21
1195 24
1196 19
1197 12
1198 15
1199 16
1200 17
1201 23
1202 9
1203 19
1204 22
1205 10
1206 19
1207 19
1208 17
1209 24
1210 25
1211 21
1212 18
1213 24
1214 21
1215 15
1216 18
1217 23
1218 23
1219 24
1220 24
1221 26
1222 23
1223 28
1224 16
1225 20
1226 24
1227 25
1228 19
1229 26
1230 25
1231 24
1232 26
1233 21
1234 25
1235 23
1236 35
1237 23
1238 20
1239 25
1240 23
1241 32
1242 33
1243 28
1244 25
1245 26
1246 22
1247 29
1248 26
1249 24
1250 31
1251 30
1252 33
1253 31
1254 30
1255 28
1256 24
1257 29
1258 31
1259 32
1260 22
1261 26
1262 28
1263 34
1264 25
1265 36
1266 24
1267 30
1268 41
1269 22
1270 37
1271 31
1272 24
1273 25
1274 32
1275 23
1276 40
1277 23
1278 32
1279 25
1280 36
1281 24
1282 32
1283 29
1284 26
1285 32
1286 40
1287 30
1288 28
1289 25
1290 28
1291 26
1292 22
1293 34
1294 46
1295 37
1296 27
1297 43
1298 35
1299 32
1300 36
1301 28
1302 29
1303 27
1304 23
1305 32
1306 31
1307 20
1308 30
1309 34
1310 33
1311 33
1312 34
1313 31
1314 30
1315 28
1316 39
1317 30
1318 35
1319 28
1320 37
1321 31
1322 24
1323 33
1324 28
1325 32
1326 28
1327 28
1328 26
1329 37
1330 28
1331 28
1332 25
1333 24
1334 38
1335 41
1336 26
1337 24
1338 29
1339 24
1340 22
1341 20
1342 18
1343 17
1344 20
1345 19
1346 27
1347 27
1348 22
1349 23
1350 28
1351 15
1352 22
1353 18
1354 13
1355 21
1356 23
1357 23
1358 26
1359 23
1360 18
1361 18
1362 23
1363 19
1364 21
1365 18
1366 22
1367 17
1368 23
1369 17
1370 17
1371 19
1372 23
1373 20
1374 15
1375 26
1376 18
1377 21
1378 26
1379 13
1380 16
1381 22
1382 19
1383 24
1384 17
1385 22
1386 23
1387 27
1388 27
1389 10
1390 27
1391 23
1392 18
1393 21
1394 17
1395 19
1396 22
1397 21
1398 29
1399 21
1400 19
1401 16
1402 31
1403 16
1404 23
1405 20
1406 28
1407 27
1408 37
1409 23
1410 25
1411 27
1412 20
1413 29
1414 18
1415 20
1416 21
1417 27
1418 38
1419 28
1420 31
1421 36
1422 29
1423 34
1424 28
1425 23
1426 24
1427 14
1428 28
1429 29
1430 31
1431 35
1432 22
1433 31
1434 29
1435 23
1436 38
1437 25
1438 35
1439 36
1440 30
1441 42
1442 43
1443 31
1444 32
1445 28
1446 36
1447 41
1448 34
1449 29
1450 31
1451 42
1452 26
1453 37
1454 46
1455 37
1456 27
1457 30
1458 32
1459 39
1460 22
1461 27
1462 33
1463 32
1464 23
1465 43
1466 40
1467 36
1468 31
1469 31
1470 39
1471 47
1472 32
1473 37
1474 31
1475 27
1476 37
1477 23
1478 20
1479 35
1480 36
1481 34
1482 24
1483 21
1484 34
1485 25
1486 34
1487 25
1488 28
1489 28
1490 29
1491 28
1492 23
1493 33
1494 19
1495 16
1496 25
1497 27
1498 17
1499 20
1500 20
1501 20
1502 20
1503 19
1504 15
1505 28
1506 16
1507 22
1508 19
1509 15
1510 17
1511 13
1512 15
1513 21
1514 24
1515 21
1516 22
1517 16
1518 14
1519 13
1520 16
1521 13
1522 12
1523 10
1524 15
1525 12
1526 12
1527 9
1528 10
1529 13
1530 14
1531 1
1532 7
1533 10
1534 8
1535 9
1536 2
1537 5
1538 3
1539 11
1540 6
1541 10
1542 4
1543 4
1544 6
1545 5
1546 6
1547 14
1548 13
1549 5
1550 4
1551 5
1552 6
1553 5
1554 9
1555 6
1556 5
1557 4
1558 6
1559 12
1560 7
1561 4
1562 6
1563 8
1564 6
1565 6
1566 8
1567 7
1568 7
1569 6
1570 7
1571 4
1572 6
1573 14
1574 10
1575 7
1576 2
1577 9
1578 8
1579 10
1580 8
1581 9
1582 12
1583 4
1584 6
1585 4
1586 3
1587 7
1588 6
1589 12
1590 7
1591 2
1592 5
1593 10
1594 13
1595 6
1596 8
1597 6
1598 13
1599 11
1600 6
1601 13
1602 5
1603 9
1604 9
1605 8
1606 2
1607 4
1608 10
1609 10
1610 9
1611 11
1612 8
1613 6
1614 10
1615 7
1616 11
1617 16
1618 8
1619 4
1620 13
1621 7
1622 10
1623 11
1624 11
1625 7
1626 11
1627 11
1628 11
1629 7
1630 9
1631 9
1632 12
1633 9
1634 6
1635 7
1636 7
1637 6
1638 5
1639 7
1640 7
1641 8
1642 7
1643 6
1644 3
1645 5
1646 7
1647 9
1648 8
1649 6
1650 7
1651 5
1652 7
1653 5
1654 7
1655 2
1656 3
1657 10
1658 3
1659 5
1660 4
1661 4
1662 4
1663 2
1664 4
1665 2
1666 2
1667 2
1668 3
1669 0
1670 3
1671 4
1672 5
1673 2
1674 0
1675 1
1676 3
1677 2
1678 2
1679 4
1680 1
1681 4
1682 2
1683 1
1684 0
1685 1
1686 3
1687 3
1688 0
1689 2
1690 2
1691 3
1692 2
1693 0
1694 1
1695 1
1696 0
1697 0
1698 2
1699 2
1700 0
1701 0
1702 0
1703 1
1704 0
1705 0
1706 0
1707 1
1708 1
1709 1
1710 1
1711 0
1712 0
1713 0
1714 1
1715 1
1716 1
1717 1
1718 0
1719 0
1720 2
1721 0
1722 0
1723 2
1724 0
1725 0
1726 0
1727 1
1728 1
1729 1
1730 0
1731 1
1732 0
1733 1
1734 1
1735 0
1736 0
1737 1
1738 0
1739 1
1740 0
1741 0
1742 1
1743 0
1744 0
1745 0
1746 1
1747 0
1748 0
1749 0
1750 0
1751 0
1752 1
1753 1
1754 2
1755 0
1756 0
1757 2
1758 1
1759 0
1760 0
1761 0
1762 0
1763 1
1764 0
1765 0
1766 0
1767 0
1768 0
1769 1
1770 0
1771 0
1772 0
1773 0
1774 2
1775 0
1776 1
1777 0
1778 0
1779 0
1780 0
1781 1
1782 0
1783 0
1784 0
1785 0
1786 0
1787 0
1788 0
1789 0
1790 0
1791 0
1792 0
1793 3
1794 1
1795 0
1796 0
1797 1
1798 0
1799 2
1800 0
1801 0
1802 1
1803 0
1804 0
1805 0
1806 0
1807 0
1808 0
1809 0
1810 0
1811 0
1812 0
1813 0
1814 1
1815 1
1816 0
1817 1
1818 0
1819 0
1820 0
1821 0
1822 0
1823 1
1824 1
1825 0
1826 0
1827 1
1828 0
1829 1
1830 0
1831 1
1832 1
1833 0
1834 0
1835 0
1836 0
1837 0
1838 0
1839 0
1840 0
1841 1
1842 0
1843 1
1844 1
1845 2
1846 0
1847 0
1848 0
1849 1
1850 0
1851 1
1852 0
1853 0
1854 0
1855 0
1856 0
1857 0
1858 0
1859 1
1860 0
1861 0
1862 0
1863 0
1864 0
1865 2
1866 1
1867 1
1868 0
1869 0
1870 0
1871 0
1872 0
1873 2
1874 0
1875 0
1876 0
1877 1
1878 0
1879 0
1880 1
1881 0
1882 0
1883 0
1884 2
1885 0
1886 0
1887 0
1888 0
1889 1
1890 0
1891 1
1892 0
1893 0
1894 0
1895 1
1896 0
1897 0
1898 1
1899 0
1900 0
1901 0
1902 1
1903 0
1904 0
1905 0
1906 0
1907 0
1908 1
1909 0
1910 0
1911 1
1912 1
1913 0
1914 0
1915 0
1916 0
1917 1
1918 0
1919 1
1920 0
1921 0
1922 0
1923 0
1924 0
1925 0
1926 0
1927 0
1928 0
1929 1
1930 0
1931 0
1932 0
1933 0
1934 1
1935 0
1936 0
1937 0
1938 1
1939 1
1940 0
1941 0
1942 3
1943 0
1944 1
1945 0
1946 0
1947 0
1948 0
1949 0
1950 2
1951 1
1952 0
1953 0
1954 2
1955 2
1956 0
1957 0
1958 1
1959 0
1960 0
1961 0
1962 0
1963 2
1964 2
1965 0
1966 0
1967 1
1968 0
1969 0
1970 0
1971 0
1972 0
1973 0
1974 0
1975 0
1976 1
1977 0
1978 0
1979 0
1980 0
1981 0
1982 0
1983 0
1984 1
1985 0
1986 0
1987 0
1988 1
1989 0
1990 1
1991 0
1992 0
1993 0
1994 1
1995 1
1996 0
1997 0
1998 1
1999 0
2000 0
2001 0
2002 0
2003 0
2004 0
2005 1
2006 1
2007 0
2008 0
2009 0
2010 1
2011 0
2012 0
2013 0
2014 0
2015 0
2016 0
2017 0
2018 0
2019 0
2020 0
2021 0
2022 0
2023 0
2024 0
2025 0
2026 0
2027 0
2028 0
2029 1
2030 0
2031 0
2032 0
2033 0
2034 0
2035 0
2036 0
2037 0
2038 0
2039 0
2040 0
2041 0
2042 0
2043 0
2044 0
2045 0
2046 0
2047 0
