# Dead time factor = 1.00000
0 0
1 0
2 0
3 0
4 0
5 0
6 0
7 0
8 0
9 0
10 0
11 0
12 0
13 0
14 0
15 0
16 0
17 0
18 0
19 0
20 0
21 24
22 26
23 33
24 31
25 27
26 29
27 35
28 36
29 35
30 43
31 39
32 39
33 45
34 37
35 42
36 50
37 56
38 51
39 52
40 45
41 52
42 48
43 48
44 49
45 64
46 50
47 72
48 93
49 139
50 177
51 173
52 159
53 163
54 128
55 95
56 81
57 72
58 50
59 34
60 41
61 37
62 29
63 41
64 35
65 42
66 37
67 21
68 28
69 24
70 30
71 31
72 20
73 27
74 23
75 28
76 31
77 33
78 27
79 43
80 39
81 38
82 34
83 45
84 40
85 40
86 38
87 28
88 27
89 29
90 31
91 36
92 19
93 36
94 29
95 29
96 31
97 28
98 21
99 36
100 27
101 33
102 16
103 33
104 29
105 17
106 28
107 24
108 28
109 17
110 26
111 25
112 23
113 16
114 19
115 19
116 20
117 21
118 23
119 20
120 35
121 28
122 25
123 26
124 16
125 33
126 23
127 14
128 20
129 23
130 19
131 26
132 19
133 20
134 21
135 12
136 23
137 27
138 16
139 21
140 18
141 19
142 19
143 17
144 15
145 19
146 20
147 21
148 19
149 23
150 14
151 23
152 19
153 20
154 15
155 21
156 21
157 24
158 23
159 23
160 21
161 29
162 37
163 36
164 40
165 30
166 50
167 48
168 46
169 35
170 44
171 45
172 43
173 43
174 43
175 27
176 35
177 30
178 33
179 29
180 33
181 25
182 22
183 21
184 27
185 25
186 21
187 21
188 17
189 22
190 20
191 16
192 11
193 14
194 14
195 20
196 14
197 17
198 13
199 19
200 19
201 12
202 18
203 19
204 12
205 14
206 11
207 12
208 18
209 25
210 13
211 18
212 11
213 12
214 12
215 9
216 17
217 12
218 23
219 14
220 14
221 11
222 11
223 19
224 10
225 15
226 11
227 14
228 13
229 21
230 18
231 11
232 11
233 12
234 21
235 12
236 15
237 15
238 10
239 13
240 11
241 16
242 17
243 15
244 13
245 13
246 14
247 9
248 12
249 14
250 14
251 22
252 15
253 23
254 18
255 13
256 8
257 16
258 14
259 14
260 12
261 11
262 11
263 9
264 14
265 14
266 10
267 9
268 13
269 7
270 12
271 7
272 11
273 13
274 16
275 17
276 8
277 11
278 18
279 17
280 11
281 12
282 8
283 10
284 13
285 12
286 18
287 9
288 15
289 16
290 16
291 11
292 13
293 5
294 12
295 12
296 10
297 14
298 8
299 16
300 18
301 8
302 18
303 9
304 12
305 13
306 19
307 9
308 5
309 8
310 19
311 12
312 17
313 12
314 5
315 8
316 14
317 7
318 10
319 15
320 7
321 13
322 14
323 14
324 9
325 20
326 20
327 11
328 5
329 12
330 7
331 13
332 8
333 12
334 10
335 4
336 13
337 18
338 14
339 19
340 11
341 18
342 12
343 18
344 13
345 9
346 18
347 22
348 12
349 6
350 15
351 21
352 16
353 12
354 14
355 12
356 11
357 10
358 13
359 9
360 13
361 15
362 13
363 7
364 15
365 10
366 10
367 8
368 11
369 15
370 15
371 12
372 10
373 11
374 8
375 15
376 10
377 13
378 11
379 14
380 4
381 16
382 13
383 12
384 9
385 13
386 15
387 12
388 11
389 8
390 6
391 7
392 11
393 8
394 9
395 14
396 14
397 11
398 13
399 9
400 12
401 14
402 6
403 8
404 13
405 11
406 18
407 3
408 6
409 10
410 11
411 17
412 14
413 11
414 13
415 5
416 6
417 13
418 8
419 12
420 9
421 13
422 4
423 8
424 14
425 11
426 9
427 8
428 11
429 8
430 14
431 7
432 6
433 7
434 12
435 10
436 9
437 6
438 7
439 6
440 9
441 11
442 8
443 10
444 12
445 9
446 9
447 13
448 7
449 10
450 4
451 6
452 8
453 9
454 12
455 8
456 8
457 13
458 8
459 10
460 10
461 14
462 6
463 11
464 13
465 8
466 9
467 7
468 4
469 10
470 9
471 12
472 11
473 8
474 10
475 14
476 11
477 7
478 4
479 6
480 11
481 10
482 15
483 11
484 17
485 10
486 8
487 9
488 11
489 12
490 12
491 7
492 6
493 11
494 9
495 7
496 8
497 9
498 6
499 12
500 10
501 14
502 17
503 8
504 14
505 7
506 18
507 16
508 6
509 15
510 15
511 10
512 10
513 16
514 10
515 11
516 10
517 9
518 13
519 7
520 11
521 7
522 7
523 8
524 13
525 11
526 10
527 10
528 10
529 12
530 10
531 11
532 12
533 3
534 10
535 9
536 1
537 13
538 5
539 15
540 7
541 13
542 12
543 9
544 8
545 11
546 10
547 13
548 10
549 5
550 3
551 6
552 13
553 8
554 18
555 11
556 11
557 10
558 5
559 12
560 8
561 8
562 11
563 10
564 10
565 10
566 7
567 7
568 3
569 10
570 8
571 9
572 11
573 6
574 19
575 14
576 14
577 9
578 6
579 11
580 7
581 9
582 13
583 10
584 18
585 15
586 12
587 10
588 8
589 9
590 12
591 8
592 17
593 7
594 5
595 9
596 7
597 15
598 5
599 10
600 8
601 16
602 8
603 13
604 9
605 10
606 7
607 11
608 6
609 14
610 7
611 11
612 17
613 7
614 15
615 12
616 7
617 10
618 13
619 8
620 9
621 14
622 10
623 13
624 12
625 7
626 17
627 19
628 6
629 10
630 6
631 12
632 10
633 13
634 9
635 9
636 7
637 11
638 10
639 13
640 13
641 10
642 11
643 10
644 11
645 12
646 14
647 4
648 11
649 11
650 8
651 8
652 12
653 9
654 20
655 8
656 13
657 10
658 9
659 12
660 12
661 14
662 10
663 9
664 16
665 12
666 10
667 15
668 10
669 14
670 9
671 8
672 6
673 9
674 13
675 11
676 9
677 8
678 9
679 11
680 12
681 12
682 17
683 7
684 17
685 18
686 16
687 6
688 14
689 12
690 8
691 10
692 16
693 5
694 11
695 9
696 7
697 10
698 15
699 11
700 12
701 9
702 10
703 6
704 5
705 10
706 11
707 13
708 13
709 13
710 14
711 11
712 5
713 7
714 6
715 16
716 7
717 7
718 10
719 19
720 6
721 12
722 6
723 12
724 9
725 9
726 8
727 5
728 20
729 7
730 7
731 9
732 19
733 14
734 8
735 7
736 5
737 11
738 8
739 6
740 11
741 9
742 10
743 7
744 7
745 13
746 11
747 9
748 12
749 14
750 6
751 16
752 21
753 9
754 7
755 14
756 6
757 18
758 10
759 8
760 8
761 7
762 11
763 9
764 8
765 11
766 14
767 12
768 8
769 8
770 13
771 10
772 7
773 18
774 8
775 13
776 13
777 19
778 13
779 6
780 12
781 15
782 8
783 14
784 4
785 13
786 15
787 9
788 16
789 11
790 5
791 18
792 23
793 10
794 13
795 13
796 10
797 11
798 14
799 12
800 11
801 7
802 7
803 7
804 11
805 15
806 11
807 13
808 7
809 13
810 12
811 7
812 12
813 15
814 11
815 10
816 13
817 11
818 15
819 10
820 10
821 10
822 10
823 8
824 10
825 10
826 7
827 11
828 8
829 10
830 9
831 8
832 10
833 7
834 12
835 14
836 11
837 9
838 14
839 12
840 10
841 10
842 8
843 9
844 11
845 10
846 16
847 11
848 13
849 9
850 19
851 13
852 8
853 15
854 8
855 12
856 16
857 10
858 8
859 18
860 11
861 10
862 14
863 3
864 16
865 14
866 11
867 10
868 17
869 11
870 11
871 9
872 12
873 9
874 12
875 11
876 9
877 9
878 16
879 9
880 15
881 11
882 13
883 10
884 7
885 11
886 13
887 8
888 21
889 9
890 14
891 12
892 17
893 6
894 13
895 11
896 11
897 12
898 12
899 13
900 12
901 10
902 11
903 14
904 13
905 11
906 12
907 18
908 4
909 9
910 12
911 9
912 16
913 10
914 11
915 12
916 15
917 6
918 20
919 12
920 13
921 13
922 10
923 11
924 12
925 9
926 11
927 12
928 19
929 10
930 12
931 11
932 11
933 10
934 10
935 12
936 10
937 10
938 15
939 10
940 10
941 18
942 16
943 17
944 10
945 11
946 12
947 7
948 15
949 10
950 11
951 9
952 12
953 15
954 10
955 9
956 10
957 14
958 9
959 9
960 11
961 13
962 14
963 11
964 14
965 11
966 16
967 18
968 15
969 15
970 18
971 15
972 11
973 12
974 14
975 15
976 9
977 14
978 15
979 6
980 16
981 10
982 11
983 11
984 12
985 14
986 14
987 20
988 13
989 15
990 13
991 17
992 16
993 14
994 11
995 15
996 16
997 15
998 16
999 9
1000 10
1001 14
1002 13
1003 15
1004 23
1005 14
1006 15
1007 10
1008 13
1009 12
1010 11
1011 12
1012 16
1013 15
1014 16
1015 11
1016 9
1017 12
1018 9
1019 17
1020 10
1021 11
1022 19
1023 14
1024 11
1025 12
1026 17
1027 9
1028 7
1029 14
1030 13
1031 19
1032 14
1033 20
1034 13
1035 15
1036 7
1037 11
1038 7
1039 10
1040 19
1041 16
1042 17
1043 20
1044 14
1045 14
1046 17
1047 19
1048 10
1049 21
1050 13
1051 12
1052 19
1053 17
1054 17
1055 13
1056 13
1057 21
1058 16
1059 17
1060 18
1061 20
1062 14
1063 20
1064 14
1065 13
1066 27
1067 18
1068 16
1069 19
1070 16
1071 17
1072 25
1073 21
1074 17
1075 19
1076 18
1077 22
1078 17
1079 18
1080 17
1081 11
1082 16
1083 25
1084 17
1085 24
1086 22
1087 24
1088 21
1089 14
1090 17
1091 30
1092 20
1093 20
1094 22
1095 20
1096 25
1097 18
1098 24
1099 24
1100 29
1101 23
1102 19
1103 17
1104 14
1105 30
1106 35
1107 18
1108 18
1109 20
1110 31
1111 26
1112 19
1113 17
1114 23
1115 22
1116 26
1117 21
1118 19
1119 17
1120 17
1121 22
1122 27
1123 29
1124 29
1125 32
1126 26
1127 30
1128 25
1129 28
1130 18
1131 19
1132 23
1133 15
1134 29
1135 22
1136 22
1137 24
1138 24
1139 22
1140 27
1141 21
1142 20
1143 32
1144 19
1145 16
1146 18
1147 25
1148 18
1149 18
1150 25
1151 22
1152 18
1153 18
1154 21
1155 19
1156 26
1157 29
1158 21
1159 27
1160 23
1161 28
1162 27
1163 23
1164 14
1165 23
1166 30
1167 24
1168 19
1169 21
1170 24
1171 19
1172 28
1173 25
1174 29
1175 17
1176 15
1177 26
1178 20
1179 25
1180 29
1181 19
1182 28
1183 27
1184 19
1185 20
1186 25
1187 22
1188 19
1189 21
1190 28
1191 17
1192 26
1193 17
1194 19
1195 24
1196 17
1197 25
1198 22
1199 14
1200 23
1201 26
1202 21
1203 24
1204 26
1205 17
1206 23
1207 20
1208 23
1209 20
1210 23
1211 21
1212 26
1213 24
1214 25
1215 22
1216 24
1217 25
1218 29
1219 20
1220 27
1221 17
1222 27
1223 27
1224 24
1225 17
1226 28
1227 28
1228 21
1229 35
1230 31
1231 37
1232 26
1233 32
1234 23
1235 31
1236 27
1237 31
1238 32
1239 34
1240 30
1241 22
1242 31
1243 29
1244 34
1245 32
1246 30
1247 35
1248 40
1249 35
1250 32
1251 41
1252 32
1253 30
1254 41
1255 30
1256 29
1257 45
1258 32
1259 30
1260 30
1261 36
1262 35
1263 35
1264 29
1265 31
1266 41
1267 41
1268 31
1269 33
1270 42
1271 35
1272 37
1273 38
1274 37
1275 46
1276 45
1277 43
1278 31
1279 37
1280 38
1281 39
1282 38
1283 38
1284 38
1285 34
1286 41
1287 43
1288 31
1289 35
1290 35
1291 35
1292 46
1293 33
1294 34
1295 29
1296 37
1297 40
1298 37
1299 38
1300 38
1301 38
1302 40
1303 30
1304 40
1305 37
1306 38
1307 41
1308 35
1309 33
1310 41
1311 34
1312 47
1313 32
1314 45
1315 37
1316 33
1317 41
1318 39
1319 33
1320 27
1321 30
1322 33
1323 31
1324 38
1325 40
1326 45
1327 26
1328 18
1329 32
1330 37
1331 35
1332 35
1333 30
1334 31
1335 22
1336 37
1337 33
1338 31
1339 32
1340 31
1341 42
1342 27
1343 29
1344 27
1345 22
1346 29
1347 17
1348 27
1349 16
1350 24
1351 33
1352 30
1353 24
1354 27
1355 28
1356 25
1357 21
1358 27
1359 28
1360 31
1361 30
1362 23
1363 16
1364 20
1365 25
1366 24
1367 30
1368 20
1369 25
1370 23
1371 18
1372 28
1373 20
1374 20
1375 20
1376 24
1377 25
1378 27
1379 22
1380 19
1381 25
1382 16
1383 25
1384 25
1385 20
1386 18
1387 29
1388 35
1389 26
1390 31
1391 26
1392 27
1393 30
1394 21
1395 29
1396 29
1397 26
1398 26
1399 32
1400 27
1401 28
1402 32
1403 31
1404 33
1405 28
1406 24
1407 28
1408 33
1409 30
1410 28
1411 25
1412 30
1413 39
1414 45
1415 32
1416 35
1417 30
1418 28
1419 38
1420 26
1421 34
1422 29
1423 40
1424 36
1425 44
1426 34
1427 37
1428 39
1429 50
1430 43
1431 41
1432 32
1433 42
1434 46
1435 42
1436 36
1437 33
1438 34
1439 38
1440 45
1441 49
1442 43
1443 46
1444 49
1445 36
1446 39
1447 36
1448 35
1449 44
1450 32
1451 38
1452 49
1453 40
1454 35
1455 23
1456 39
1457 46
1458 36
1459 33
1460 28
1461 43
1462 42
1463 30
1464 48
1465 32
1466 43
1467 27
1468 37
1469 37
1470 32
1471 28
1472 33
1473 41
1474 42
1475 35
1476 33
1477 24
1478 29
1479 29
1480 35
1481 39
1482 34
1483 39
1484 28
1485 32
1486 34
1487 27
1488 25
1489 35
1490 26
1491 32
1492 28
1493 19
1494 27
1495 30
1496 26
1497 16
1498 28
1499 22
1500 24
1501 27
1502 16
1503 21
1504 21
1505 24
1506 18
1507 16
1508 19
1509 20
1510 26
1511 17
1512 17
1513 18
1514 22
1515 17
1516 22
1517 14
1518 18
1519 17
1520 17
1521 7
1522 11
1523 16
1524 15
1525 10
1526 17
1527 12
1528 12
1529 13
1530 17
1531 9
1532 10
1533 10
1534 11
1535 6
1536 11
1537 9
1538 13
1539 9
1540 9
1541 9
1542 5
1543 7
1544 4
1545 6
1546 3
1547 14
1548 8
1549 10
1550 6
1551 9
1552 8
1553 10
1554 7
1555 6
1556 10
1557 4
1558 7
1559 6
1560 6
1561 5
1562 6
1563 7
1564 4
1565 5
1566 14
1567 9
1568 8
1569 5
1570 10
1571 7
1572 9
1573 7
1574 11
1575 8
1576 7
1577 7
1578 4
1579 6
1580 3
1581 11
1582 11
1583 11
1584 5
1585 10
1586 7
1587 8
1588 9
1589 10
1590 13
1591 13
1592 9
1593 15
1594 9
1595 5
1596 14
1597 8
1598 11
1599 12
1600 8
1601 9
1602 6
1603 16
1604 11
1605 12
1606 7
1607 6
1608 12
1609 12
1610 12
1611 14
1612 9
1613 12
1614 12
1615 8
1616 8
1617 13
1618 11
1619 10
1620 10
1621 12
1622 6
1623 11
1624 7
1625 4
1626 14
1627 13
1628 10
1629 9
1630 5
1631 9
1632 8
1633 11
1634 14
1635 14
1636 6
1637 6
1638 4
1639 8
1640 2
1641 8
1642 5
1643 9
1644 3
1645 10
1646 7
1647 8
1648 7
1649 10
1650 4
1651 6
1652 9
1653 4
1654 5
1655 5
1656 1
1657 2
1658 2
1659 5
1660 8
1661 5
1662 4
1663 6
1664 5
1665 5
1666 2
1667 2
1668 2
1669 6
1670 4
1671 4
1672 3
1673 3
1674 4
1675 4
1676 1
1677 3
1678 3
1679 2
1680 2
1681 2
1682 4
1683 2
1684 3
1685 3
1686 1
1687 2
1688 2
1689 2
1690 0
1691 1
1692 2
1693 1
1694 0
1695 0
1696 1
1697 1
1698 1
1699 1
1700 0
1701 1
1702 2
1703 2
1704 3
1705 1
1706 1
1707 1
1708 2
1709 0
1710 2
1711 1
1712 0
1713 1
1714 0
1715 0
1716 0
1717 0
1718 1
1719 1
1720 2
1721 0
1722 0
1723 0
1724 1
1725 1
1726 0
1727 0
1728 0
1729 0
1730 0
1731 0
1732 0
1733 0
1734 0
1735 0
1736 0
1737 0
1738 0
1739 1
1740 1
1741 0
1742 0
1743 1
1744 0
1745 0
1746 2
1747 0
1748 1
1749 0
1750 0
1751 0
1752 1
1753 1
1754 0
1755 1
1756 0
1757 1
1758 0
1759 1
1760 0
1761 0
1762 0
1763 0
1764 1
1765 0
1766 1
1767 0
1768 0
1769 1
1770 0
1771 0
1772 0
1773 0
1774 0
1775 0
1776 0
1777 1
1778 0
1779 1
1780 0
1781 1
1782 1
1783 0
1784 0
1785 3
1786 1
1787 0
1788 0
1789 0
1790 0
1791 0
1792 0
1793 0
1794 0
1795 0
1796 0
1797 0
1798 0
1799 1
1800 0
1801 0
1802 1
1803 0
1804 0
1805 0
1806 1
1807 0
1808 0
1809 0
1810 0
1811 0
1812 1
1813 0
1814 0
1815 0
1816 0
1817 0
1818 1
1819 2
1820 1
1821 0
1822 0
1823 0
1824 0
1825 1
1826 1
1827 0
1828 0
1829 1
1830 0
1831 0
1832 0
1833 1
1834 0
1835 0
1836 0
1837 0
1838 0
1839 0
1840 1
1841 1
1842 0
1843 0
1844 2
1845 0
1846 0
1847 1
1848 0
1849 1
1850 0
1851 0
1852 0
1853 1
1854 0
1855 0
1856 0
1857 0
1858 0
1859 0
1860 0
1861 0
1862 1
1863 1
1864 0
1865 1
1866 0
1867 0
1868 1
1869 0
1870 1
1871 0
1872 0
1873 0
1874 0
1875 1
1876 0
1877 0
1878 0
1879 0
1880 0
1881 0
1882 0
1883 0
1884 0
1885 2
1886 0
1887 0
1888 0
1889 0
1890 1
1891 0
1892 0
1893 0
1894 0
1895 0
1896 1
1897 0
1898 0
1899 0
1900 0
1901 1
1902 0
1903 0
1904 1
1905 0
1906 0
1907 0
1908 1
1909 1
1910 0
1911 1
1912 1
1913 0
1914 0
1915 0
1916 0
1917 1
1918 1
1919 0
1920 0
1921 0
1922 0
1923 0
1924 1
1925 0
1926 1
1927 0
1928 0
1929 0
1930 0
1931 0
1932 0
1933 0
1934 0
1935 0
1936 0
1937 0
1938 0
1939 0
1940 0
1941 1
1942 0
1943 0
1944 0
1945 0
1946 0
1947 0
1948 0
1949 0
1950 0
1951 0
1952 1
1953 0
1954 0
1955 0
1956 1
1957 1
1958 1
1959 0
1960 1
1961 0
1962 1
1963 1
1964 0
1965 1
1966 0
1967 0
1968 1
1969 0
1970 1
1971 1
1972 0
1973 1
1974 2
1975 0
1976 0
1977 1
1978 1
1979 1
1980 0
1981 1
1982 0
1983 0
1984 0
1985 0
1986 1
1987 1
1988 0
1989 0
1990 0
1991 1
1992 0
1993 0
1994 1
1995 1
1996 0
1997 0
1998 0
1999 1
2000 0
2001 1
2002 1
2003 1
2004 0
2005 1
2006 1
2007 1
2008 0
2009 0
2010 1
2011 1
2012 0
2013 0
2014 2
2015 0
2016 0
2017 2
2018 0
2019 0
2020 1
2021 0
2022 0
2023 0
2024 1
2025 1
2026 0
2027 0
2028 0
2029 0
2030 0
2031 0
2032 0
2033 0
2034 0
2035 0
2036 0
2037 0
2038 0
2039 0
2040 0
2041 0
2042 0
2043 0
2044 0
2045 0
2046 0
2047 0
