# Dead time factor = 1.00000
0 0
1 0
2 0
3 0
4 0
5 0
6 0
7 0
8 0
9 0
10 0
11 0
12 0
13 0
14 0
15 0
16 0
17 0
18 0
19 0
20 2
21 19
22 19
23 20
24 22
25 23
26 26
27 27
28 25
29 36
30 33
31 32
32 42
33 33
34 39
35 38
36 32
37 49
38 45
39 37
40 36
41 37
42 50
43 37
44 55
45 39
46 62
47 86
48 101
49 121
50 163
51 162
52 143
53 145
54 114
55 80
56 68
57 56
58 58
59 36
60 37
61 37
62 26
63 27
64 40
65 34
66 29
67 20
68 28
69 32
70 21
71 23
72 29
73 26
74 25
75 32
76 30
77 18
78 21
79 30
80 29
81 31
82 30
83 32
84 27
85 32
86 29
87 27
88 23
89 23
90 24
91 25
92 32
93 34
94 24
95 26
96 25
97 17
98 20
99 24
100 25
101 21
102 30
103 19
104 19
105 18
106 25
107 19
108 15
109 26
110 18
111 22
112 20
113 16
114 15
115 26
116 19
117 19
118 27
119 16
120 13
121 17
122 23
123 22
124 22
125 14
126 18
127 23
128 25
129 13
130 22
131 18
132 11
133 11
134 19
135 16
136 12
137 15
138 16
139 17
140 17
141 11
142 13
143 15
144 15
145 17
146 13
147 22
148 19
149 18
150 13
151 11
152 17
153 18
154 9
155 18
156 18
157 18
158 22
159 21
160 19
161 22
162 19
163 23
164 27
165 25
166 28
167 28
168 31
169 33
170 48
171 43
172 37
173 33
174 26
175 29
176 31
177 32
178 27
179 18
180 21
181 16
182 17
183 27
184 9
185 20
186 18
187 19
188 21
189 15
190 23
191 17
192 11
193 17
194 15
195 19
196 12
197 9
198 9
199 15
200 13
201 8
202 11
203 6
204 12
205 8
206 14
207 9
208 14
209 10
210 16
211 16
212 11
213 9
214 15
215 10
216 13
217 15
218 14
219 10
220 11
221 16
222 9
223 10
224 11
225 10
226 14
227 10
228 26
229 6
230 8
231 13
232 6
233 12
234 8
235 14
236 18
237 12
238 20
239 10
240 15
241 10
242 16
243 15
244 12
245 12
246 8
247 11
248 10
249 12
250 11
251 16
252 18
253 13
254 11
255 18
256 11
257 16
258 9
259 11
260 10
261 13
262 10
263 12
264 10
265 16
266 13
267 10
268 17
269 10
270 9
271 11
272 14
273 12
274 13
275 8
276 6
277 11
278 15
279 10
280 15
281 13
282 6
283 7
284 9
285 10
286 7
287 10
288 12
289 10
290 10
291 8
292 14
293 7
294 13
295 4
296 7
297 11
298 9
299 8
300 15
301 12
302 7
303 12
304 6
305 11
306 12
307 8
308 13
309 9
310 14
311 11
312 8
313 7
314 11
315 12
316 10
317 7
318 8
319 12
320 6
321 9
322 10
323 12
324 9
325 9
326 9
327 10
328 4
329 6
330 9
331 10
332 10
333 11
334 12
335 8
336 8
337 6
338 11
339 3
340 5
341 13
342 15
343 12
344 18
345 8
346 11
347 16
348 12
349 8
350 14
351 13
352 10
353 10
354 13
355 13
356 3
357 6
358 14
359 11
360 8
361 7
362 4
363 12
364 13
365 11
366 9
367 8
368 6
369 13
370 14
371 9
372 11
373 13
374 7
375 10
376 3
377 8
378 9
379 9
380 14
381 14
382 9
383 10
384 11
385 8
386 13
387 19
388 7
389 18
390 10
391 13
392 11
393 8
394 14
395 7
396 14
397 3
398 9
399 9
400 10
401 6
402 10
403 4
404 11
405 7
406 5
407 10
408 9
409 13
410 5
411 3
412 12
413 8
414 9
415 9
416 8
417 8
418 10
419 8
420 11
421 7
422 9
423 6
424 11
425 9
426 14
427 6
428 5
429 3
430 8
431 7
432 5
433 8
434 6
435 4
436 6
437 12
438 9
439 10
440 9
441 5
442 8
443 13
444 5
445 3
446 12
447 7
448 8
449 5
450 10
451 6
452 6
453 8
454 9
455 4
456 9
457 10
458 6
459 5
460 6
461 11
462 6
463 6
464 9
465 9
466 15
467 3
468 13
469 10
470 9
471 10
472 11
473 7
474 12
475 6
476 9
477 7
478 6
479 10
480 6
481 9
482 6
483 3
484 8
485 8
486 7
487 11
488 5
489 7
490 6
491 5
492 6
493 9
494 7
495 10
496 11
497 8
498 8
499 9
500 4
501 9
502 8
503 10
504 8
505 11
506 3
507 4
508 9
509 10
510 10
511 5
512 9
513 6
514 8
515 11
516 7
517 6
518 9
519 13
520 6
521 6
522 4
523 5
524 12
525 12
526 17
527 6
528 2
529 6
530 10
531 10
532 7
533 3
534 10
535 8
536 4
537 9
538 9
539 12
540 10
541 12
542 9
543 8
544 9
545 2
546 8
547 9
548 11
549 7
550 6
551 8
552 5
553 8
554 9
555 6
556 11
557 6
558 13
559 9
560 9
561 11
562 6
563 8
564 8
565 6
566 9
567 6
568 9
569 10
570 4
571 7
572 13
573 4
574 7
575 12
576 9
577 5
578 11
579 8
580 14
581 7
582 7
583 9
584 7
585 9
586 5
587 9
588 10
589 4
590 7
591 12
592 9
593 5
594 7
595 11
596 9
597 5
598 4
599 5
600 8
601 13
602 8
603 6
604 7
605 9
606 8
607 10
608 10
609 3
610 7
611 7
612 4
613 10
614 9
615 12
616 14
617 9
618 9
619 7
620 11
621 5
622 12
623 9
624 8
625 6
626 11
627 10
628 6
629 8
630 9
631 8
632 8
633 9
634 12
635 9
636 7
637 11
638 8
639 11
640 8
641 9
642 2
643 6
644 5
645 12
646 5
647 8
648 7
649 8
650 11
651 16
652 18
653 7
654 9
655 8
656 7
657 8
658 8
659 12
660 4
661 9
662 6
663 9
664 10
665 7
666 1
667 7
668 6
669 7
670 5
671 9
672 6
673 3
674 11
675 7
676 9
677 10
678 11
679 10
680 13
681 8
682 6
683 12
684 8
685 12
686 9
687 9
688 11
689 12
690 8
691 10
692 9
693 11
694 9
695 5
696 13
697 9
698 11
699 11
700 9
701 8
702 17
703 7
704 13
705 5
706 5
707 6
708 6
709 7
710 8
711 10
712 10
713 5
714 10
715 7
716 11
717 6
718 8
719 11
720 6
721 9
722 9
723 9
724 15
725 4
726 11
727 5
728 10
729 8
730 9
731 5
732 4
733 13
734 10
735 5
736 9
737 7
738 9
739 7
740 11
741 15
742 12
743 8
744 6
745 11
746 12
747 7
748 7
749 5
750 7
751 4
752 8
753 8
754 10
755 7
756 6
757 4
758 7
759 9
760 4
761 11
762 16
763 5
764 6
765 8
766 4
767 8
768 7
769 9
770 5
771 6
772 6
773 9
774 16
775 14
776 4
777 8
778 4
779 10
780 9
781 10
782 15
783 7
784 8
785 3
786 16
787 8
788 8
789 15
790 5
791 10
792 7
793 9
794 7
795 14
796 7
797 11
798 7
799 12
800 11
801 6
802 13
803 7
804 10
805 6
806 8
807 11
808 16
809 9
810 11
811 13
812 8
813 5
814 11
815 11
816 8
817 6
818 7
819 7
820 14
821 6
822 10
823 7
824 14
825 12
826 10
827 8
828 3
829 10
830 1
831 4
832 7
833 14
834 9
835 9
836 6
837 8
838 9
839 11
840 11
841 9
842 7
843 7
844 7
845 13
846 12
847 8
848 16
849 6
850 15
851 11
852 8
853 14
854 15
855 8
856 10
857 13
858 17
859 8
860 9
861 9
862 7
863 8
864 10
865 7
866 7
867 10
868 9
869 8
870 12
871 6
872 8
873 8
874 8
875 11
876 9
877 9
878 8
879 8
880 17
881 10
882 10
883 9
884 2
885 9
886 8
887 9
888 19
889 9
890 7
891 11
892 6
893 12
894 7
895 10
896 10
897 10
898 16
899 10
900 13
901 7
902 6
903 8
904 12
905 12
906 7
907 6
908 11
909 12
910 11
911 15
912 13
913 11
914 16
915 16
916 7
917 12
918 15
919 6
920 6
921 9
922 8
923 9
924 7
925 14
926 11
927 7
928 9
929 16
930 10
931 11
932 8
933 7
934 10
935 9
936 10
937 9
938 10
939 13
940 8
941 13
942 10
943 9
944 7
945 14
946 9
947 8
948 7
949 12
950 10
951 15
952 6
953 8
954 9
955 14
956 8
957 11
958 15
959 5
960 12
961 9
962 7
963 11
964 10
965 6
966 6
967 8
968 9
969 9
970 7
971 6
972 9
973 9
974 12
975 13
976 12
977 13
978 21
979 14
980 6
981 6
982 6
983 13
984 12
985 11
986 9
987 9
988 9
989 8
990 16
991 12
992 9
993 8
994 7
995 10
996 6
997 7
998 13
999 6
1000 7
1001 13
1002 12
1003 13
1004 8
1005 10
1006 9
1007 10
1008 13
1009 8
1010 11
1011 13
1012 16
1013 10
1014 5
1015 7
1016 10
1017 13
1018 10
1019 17
1020 22
1021 10
1022 5
1023 8
1024 13
1025 13
1026 11
1027 11
1028 7
1029 9
1030 9
1031 9
1032 9
1033 15
1034 8
1035 11
1036 10
1037 12
1038 21
1039 20
1040 15
1041 13
1042 12
1043 6
1044 11
1045 8
1046 19
1047 10
1048 10
1049 9
1050 11
1051 14
1052 14
1053 9
1054 11
1055 11
1056 17
1057 14
1058 16
1059 17
1060 17
1061 13
1062 11
1063 9
1064 11
1065 10
1066 11
1067 8
1068 9
1069 20
1070 12
1071 12
1072 7
1073 14
1074 16
1075 15
1076 18
1077 10
1078 14
1079 17
1080 16
1081 26
1082 11
1083 20
1084 19
1085 16
1086 13
1087 11
1088 12
1089 24
1090 11
1091 21
1092 15
1093 18
1094 14
1095 21
1096 18
1097 19
1098 15
1099 12
1100 22
1101 21
1102 13
1103 19
1104 20
1105 15
1106 13
1107 19
1108 15
1109 17
1110 19
1111 18
1112 26
1113 23
1114 9
1115 24
1116 22
1117 23
1118 12
1119 14
1120 21
1121 20
1122 21
1123 14
1124 19
1125 19
1126 22
1127 21
1128 22
1129 16
1130 9
1131 14
1132 21
1133 22
1134 15
1135 30
1136 23
1137 18
1138 14
1139 20
1140 20
1141 13
1142 22
1143 21
1144 16
1145 12
1146 15
1147 18
1148 23
1149 21
1150 23
1151 14
1152 17
1153 27
1154 20
1155 18
1156 11
1157 21
1158 15
1159 23
1160 17
1161 19
1162 15
1163 17
1164 15
1165 18
1166 16
1167 16
1168 16
1169 10
1170 17
1171 13
1172 24
1173 11
1174 18
1175 18
1176 15
1177 17
1178 9
1179 18
1180 18
1181 15
1182 22
1183 26
1184 18
1185 17
1186 13
1187 13
1188 15
1189 17
1190 17
1191 15
1192 17
1193 26
1194 18
1195 14
1196 24
1197 19
1198 16
1199 16
1200 19
1201 15
1202 22
1203 27
1204 13
1205 16
1206 13
1207 19
1208 15
1209 14
1210 15
1211 15
1212 22
1213 12
1214 29
1215 20
1216 21
1217 13
1218 15
1219 23
1220 13
1221 13
1222 17
1223 23
1224 18
1225 25
1226 21
1227 17
1228 20
1229 17
1230 30
1231 24
1232 21
1233 23
1234 29
1235 28
1236 25
1237 12
1238 29
1239 21
1240 17
1241 24
1242 22
1243 25
1244 22
1245 32
1246 22
1247 26
1248 23
1249 21
1250 29
1251 22
1252 24
1253 21
1254 24
1255 15
1256 28
1257 33
1258 27
1259 26
1260 27
1261 36
1262 22
1263 31
1264 26
1265 37
1266 17
1267 23
1268 20
1269 19
1270 26
1271 24
1272 38
1273 28
1274 29
1275 28
1276 31
1277 34
1278 30
1279 30
1280 25
1281 26
1282 31
1283 30
1284 33
1285 27
1286 30
1287 38
1288 32
1289 25
1290 28
1291 27
1292 31
1293 32
1294 30
1295 32
1296 39
1297 27
1298 29
1299 28
1300 37
1301 38
1302 33
1303 24
1304 41
1305 35
1306 32
1307 30
1308 26
1309 25
1310 35
1311 37
1312 28
1313 32
1314 29
1315 31
1316 42
1317 35
1318 29
1319 29
1320 28
1321 38
1322 37
1323 27
1324 44
1325 22
1326 28
1327 20
1328 31
1329 29
1330 34
1331 23
1332 19
1333 30
1334 19
1335 35
1336 20
1337 25
1338 17
1339 27
1340 23
1341 27
1342 22
1343 26
1344 22
1345 18
1346 23
1347 25
1348 24
1349 19
1350 19
1351 20
1352 24
1353 23
1354 29
1355 28
1356 21
1357 25
1358 18
1359 14
1360 23
1361 17
1362 18
1363 20
1364 14
1365 18
1366 13
1367 20
1368 29
1369 25
1370 13
1371 21
1372 17
1373 22
1374 12
1375 16
1376 19
1377 26
1378 17
1379 17
1380 17
1381 27
1382 16
1383 18
1384 18
1385 12
1386 19
1387 27
1388 19
1389 20
1390 13
1391 17
1392 21
1393 28
1394 24
1395 18
1396 22
1397 19
1398 18
1399 23
1400 28
1401 23
1402 20
1403 23
1404 30
1405 28
1406 20
1407 23
1408 30
1409 29
1410 19
1411 23
1412 31
1413 29
1414 25
1415 24
1416 27
1417 30
1418 34
1419 28
1420 17
1421 34
1422 26
1423 30
1424 28
1425 20
1426 27
1427 21
1428 27
1429 28
1430 36
1431 19
1432 30
1433 22
1434 38
1435 25
1436 31
1437 22
1438 42
1439 34
1440 20
1441 32
1442 38
1443 29
1444 34
1445 38
1446 24
1447 36
1448 30
1449 40
1450 35
1451 27
1452 35
1453 28
1454 38
1455 31
1456 23
1457 27
1458 32
1459 42
1460 42
1461 41
1462 36
1463 32
1464 25
1465 22
1466 36
1467 31
1468 33
1469 37
1470 23
1471 34
1472 27
1473 30
1474 37
1475 27
1476 23
1477 22
1478 27
1479 26
1480 31
1481 27
1482 25
1483 35
1484 33
1485 30
1486 23
1487 34
1488 24
1489 32
1490 28
1491 21
1492 21
1493 31
1494 23
1495 23
1496 27
1497 25
1498 18
1499 26
1500 18
1501 15
1502 22
1503 24
1504 20
1505 22
1506 20
1507 23
1508 18
1509 10
1510 22
1511 7
1512 14
1513 24
1514 17
1515 20
1516 16
1517 16
1518 19
1519 12
1520 12
1521 13
1522 10
1523 17
1524 16
1525 6
1526 8
1527 14
1528 17
1529 13
1530 12
1531 7
1532 11
1533 9
1534 11
1535 13
1536 5
1537 11
1538 13
1539 12
1540 7
1541 6
1542 5
1543 3
1544 6
1545 4
1546 2
1547 8
1548 8
1549 7
1550 5
1551 6
1552 14
1553 8
1554 7
1555 8
1556 7
1557 8
1558 6
1559 7
1560 5
1561 9
1562 3
1563 4
1564 8
1565 5
1566 11
1567 9
1568 8
1569 8
1570 4
1571 2
1572 7
1573 5
1574 9
1575 7
1576 9
1577 8
1578 5
1579 6
1580 7
1581 5
1582 8
1583 7
1584 7
1585 9
1586 2
1587 5
1588 9
1589 6
1590 10
1591 7
1592 6
1593 5
1594 9
1595 8
1596 5
1597 11
1598 5
1599 12
1600 5
1601 11
1602 14
1603 8
1604 10
1605 6
1606 8
1607 10
1608 4
1609 12
1610 3
1611 7
1612 15
1613 7
1614 8
1615 7
1616 11
1617 12
1618 7
1619 12
1620 6
1621 8
1622 12
1623 16
1624 9
1625 12
1626 9
1627 10
1628 8
1629 10
1630 10
1631 5
1632 4
1633 12
1634 8
1635 10
1636 9
1637 11
1638 8
1639 5
1640 6
1641 6
1642 6
1643 6
1644 6
1645 7
1646 8
1647 7
1648 4
1649 7
1650 4
1651 3
1652 9
1653 3
1654 7
1655 6
1656 5
1657 3
1658 1
1659 7
1660 3
1661 2
1662 3
1663 5
1664 3
1665 2
1666 1
1667 1
1668 1
1669 2
1670 0
1671 0
1672 3
1673 3
1674 3
1675 3
1676 4
1677 2
1678 2
1679 2
1680 2
1681 5
1682 1
1683 1
1684 4
1685 1
1686 0
1687 4
1688 0
1689 1
1690 1
1691 2
1692 0
1693 0
1694 1
1695 0
1696 5
1697 2
1698 2
1699 2
1700 1
1701 1
1702 2
1703 0
1704 1
1705 2
1706 1
1707 0
1708 0
1709 0
1710 2
1711 1
1712 1
1713 1
1714 0
1715 2
1716 0
1717 2
1718 0
1719 0
1720 0
1721 1
1722 1
1723 0
1724 0
1725 1
1726 1
1727 0
1728 0
1729 1
1730 0
1731 1
1732 0
1733 0
1734 1
1735 0
1736 1
1737 0
1738 0
1739 0
1740 1
1741 0
1742 1
1743 1
1744 2
1745 0
1746 0
1747 1
1748 1
1749 0
1750 0
1751 0
1752 0
1753 1
1754 0
1755 0
1756 0
1757 0
1758 0
1759 0
1760 1
1761 1
1762 0
1763 1
1764 0
1765 0
1766 0
1767 2
1768 0
1769 1
1770 0
1771 0
1772 0
1773 0
1774 0
1775 1
1776 0
1777 1
1778 0
1779 0
1780 0
1781 0
1782 0
1783 0
1784 0
1785 0
1786 1
1787 0
1788 0
1789 0
1790 0
1791 0
1792 2
1793 0
1794 0
1795 0
1796 0
1797 0
1798 0
1799 0
1800 1
1801 0
1802 0
1803 0
1804 0
1805 0
1806 0
1807 0
1808 1
1809 1
1810 2
1811 0
1812 0
1813 2
1814 1
1815 0
1816 0
1817 0
1818 0
1819 0
1820 0
1821 0
1822 0
1823 0
1824 0
1825 1
1826 0
1827 0
1828 0
1829 0
1830 0
1831 1
1832 0
1833 1
1834 0
1835 0
1836 1
1837 0
1838 0
1839 1
1840 0
1841 1
1842 0
1843 0
1844 0
1845 0
1846 0
1847 0
1848 1
1849 0
1850 0
1851 3
1852 2
1853 0
1854 0
1855 0
1856 0
1857 0
1858 0
1859 0
1860 0
1861 0
1862 0
1863 0
1864 0
1865 1
1866 0
1867 0
1868 0
1869 0
1870 0
1871 0
1872 0
1873 2
1874 0
1875 1
1876 0
1877 0
1878 0
1879 0
1880 0
1881 0
1882 2
1883 0
1884 0
1885 0
1886 0
1887 0
1888 0
1889 0
1890 0
1891 0
1892 0
1893 0
1894 0
1895 0
1896 0
1897 1
1898 1
1899 0
1900 1
1901 0
1902 0
1903 0
1904 0
1905 0
1906 0
1907 1
1908 0
1909 0
1910 0
1911 0
1912 0
1913 0
1914 0
1915 0
1916 0
1917 0
1918 1
1919 0
1920 1
1921 0
1922 2
1923 0
1924 0
1925 0
1926 0
1927 0
1928 0
1929 0
1930 0
1931 0
1932 0
1933 0
1934 0
1935 1
1936 0
1937 0
1938 1
1939 0
1940 0
1941 0
1942 0
1943 0
1944 0
1945 0
1946 1
1947 0
1948 0
1949 0
1950 1
1951 0
1952 1
1953 1
1954 1
1955 0
1956 1
1957 0
1958 0
1959 3
1960 0
1961 0
1962 0
1963 0
1964 0
1965 2
1966 0
1967 0
1968 0
1969 0
1970 0
1971 1
1972 1
1973 0
1974 1
1975 0
1976 0
1977 0
1978 2
1979 0
1980 0
1981 1
1982 1
1983 0
1984 0
1985 0
1986 1
1987 0
1988 0
1989 0
1990 1
1991 0
1992 0
1993 1
1994 1
1995 0
1996 0
1997 0
1998 1
1999 0
2000 0
2001 1
2002 1
2003 1
2004 1
2005 1
2006 0
2007 0
2008 0
2009 1
2010 0
2011 0
2012 0
2013 0
2014 1
2015 1
2016 0
2017 1
2018 1
2019 1
2020 0
2021 0
2022 0
2023 0
2024 0
2025 0
2026 2
2027 0
2028 0
2029 0
2030 0
2031 0
2032 0
2033 0
2034 0
2035 0
2036 0
2037 0
2038 0
2039 0
2040 0
2041 0
2042 0
2043 0
2044 0
2045 0
2046 0
2047 0
