# Dead time factor = 1.00000
0 0
1 0
2 0
3 0
4 0
5 0
6 0
7 0
8 0
9 0
10 0
11 0
12 0
13 0
14 0
15 0
16 0
17 0
18 0
19 0
20 0
21 5
22 7
23 14
24 10
25 4
26 11
27 11
28 11
29 16
30 13
31 11
32 23
33 18
34 27
35 12
36 24
37 18
38 11
39 19
40 21
41 28
42 21
43 29
44 24
45 21
46 33
47 37
48 71
49 97
50 133
51 124
52 119
53 99
54 83
55 60
56 56
57 37
58 28
59 25
60 16
61 8
62 6
63 4
64 6
65 3
66 9
67 7
68 7
69 8
70 7
71 3
72 3
73 3
74 3
75 3
76 1
77 4
78 4
79 0
80 3
81 6
82 3
83 5
84 2
85 4
86 3
87 2
88 5
89 3
90 3
91 9
92 7
93 4
94 5
95 0
96 4
97 1
98 4
99 1
100 3
101 1
102 6
103 2
104 5
105 3
106 2
107 2
108 4
109 2
110 2
111 3
112 4
113 2
114 3
115 3
116 1
117 1
118 2
119 2
120 2
121 4
122 1
123 2
124 2
125 1
126 3
127 3
128 1
129 3
130 2
131 1
132 2
133 4
134 0
135 3
136 5
137 2
138 2
139 1
140 1
141 2
142 3
143 0
144 0
145 0
146 3
147 1
148 2
149 3
150 2
151 3
152 3
153 2
154 2
155 1
156 4
157 1
158 1
159 1
160 1
161 1
162 0
163 1
164 2
165 3
166 5
167 3
168 1
169 1
170 0
171 4
172 1
173 2
174 2
175 2
176 1
177 4
178 1
179 1
180 1
181 2
182 0
183 2
184 1
185 3
186 2
187 0
188 2
189 0
190 1
191 5
192 2
193 0
194 0
195 5
196 0
197 4
198 1
199 0
200 0
201 3
202 2
203 1
204 1
205 0
206 1
207 2
208 2
209 1
210 0
211 1
212 1
213 0
214 1
215 3
216 2
217 2
218 0
219 2
220 0
221 1
222 2
223 1
224 1
225 0
226 2
227 1
228 1
229 3
230 0
231 2
232 1
233 0
234 2
235 0
236 1
237 0
238 1
239 1
240 3
241 0
242 0
243 2
244 1
245 3
246 0
247 2
248 0
249 3
250 0
251 0
252 1
253 2
254 0
255 3
256 2
257 0
258 0
259 1
260 1
261 2
262 1
263 0
264 5
265 2
266 0
267 1
268 1
269 2
270 0
271 1
272 5
273 0
274 1
275 0
276 0
277 1
278 0
279 0
280 0
281 1
282 3
283 2
284 1
285 1
286 2
287 1
288 0
289 0
290 0
291 0
292 3
293 0
294 0
295 1
296 2
297 2
298 1
299 2
300 1
301 2
302 1
303 3
304 0
305 0
306 0
307 2
308 0
309 1
310 0
311 2
312 1
313 1
314 2
315 1
316 3
317 1
318 0
319 0
320 0
321 2
322 2
323 3
324 3
325 0
326 1
327 1
328 0
329 0
330 2
331 1
332 1
333 0
334 1
335 1
336 0
337 1
338 1
339 1
340 0
341 0
342 0
343 0
344 0
345 1
346 0
347 1
348 2
349 3
350 1
351 2
352 1
353 2
354 1
355 1
356 1
357 1
358 0
359 1
360 1
361 0
362 0
363 1
364 2
365 2
366 0
367 0
368 1
369 1
370 2
371 0
372 1
373 0
374 0
375 0
376 1
377 2
378 1
379 1
380 1
381 0
382 1
383 0
384 2
385 0
386 0
387 2
388 0
389 1
390 0
391 0
392 0
393 2
394 1
395 0
396 1
397 2
398 0
399 2
400 1
401 0
402 0
403 0
404 0
405 1
406 0
407 1
408 0
409 0
410 2
411 1
412 0
413 0
414 2
415 0
416 2
417 1
418 1
419 0
420 1
421 1
422 0
423 1
424 0
425 1
426 2
427 0
428 2
429 1
430 0
431 1
432 0
433 0
434 2
435 0
436 1
437 0
438 1
439 0
440 0
441 0
442 0
443 0
444 0
445 1
446 0
447 0
448 0
449 0
450 0
451 2
452 0
453 1
454 0
455 0
456 0
457 2
458 1
459 0
460 0
461 0
462 2
463 1
464 2
465 0
466 0
467 0
468 0
469 1
470 0
471 1
472 2
473 0
474 0
475 2
476 2
477 1
478 0
479 1
480 1
481 0
482 0
483 2
484 0
485 0
486 1
487 0
488 0
489 1
490 1
491 1
492 0
493 1
494 1
495 0
496 2
497 0
498 1
499 3
500 2
501 0
502 1
503 0
504 0
505 0
506 0
507 0
508 0
509 0
510 1
511 0
512 1
513 1
514 0
515 0
516 2
517 0
518 0
519 0
520 0
521 0
522 1
523 1
524 0
525 0
526 0
527 0
528 0
529 0
530 1
531 0
532 1
533 2
534 0
535 1
536 1
537 0
538 0
539 1
540 2
541 1
542 0
543 0
544 0
545 0
546 0
547 1
548 1
549 0
550 0
551 1
552 0
553 0
554 0
555 0
556 0
557 0
558 1
559 0
560 0
561 1
562 1
563 1
564 0
565 1
566 0
567 0
568 1
569 1
570 0
571 0
572 1
573 0
574 0
575 0
576 0
577 2
578 0
579 1
580 0
581 0
582 0
583 1
584 0
585 0
586 0
587 0
588 0
589 1
590 4
591 0
592 0
593 0
594 0
595 0
596 0
597 0
598 0
599 0
600 0
601 0
602 1
603 0
604 0
605 0
606 2
607 0
608 0
609 0
610 0
611 0
612 0
613 0
614 0
615 0
616 0
617 1
618 1
619 1
620 0
621 0
622 0
623 0
624 1
625 0
626 0
627 1
628 1
629 0
630 0
631 0
632 0
633 0
634 1
635 0
636 0
637 0
638 0
639 0
640 0
641 1
642 0
643 0
644 0
645 0
646 1
647 1
648 0
649 0
650 1
651 2
652 0
653 0
654 1
655 0
656 0
657 0
658 0
659 0
660 0
661 0
662 1
663 0
664 1
665 0
666 0
667 0
668 0
669 0
670 0
671 0
672 0
673 1
674 0
675 0
676 0
677 1
678 0
679 0
680 0
681 0
682 0
683 0
684 0
685 1
686 1
687 0
688 1
689 0
690 2
691 3
692 0
693 0
694 0
695 2
696 0
697 0
698 1
699 1
700 0
701 0
702 1
703 3
704 0
705 2
706 0
707 0
708 0
709 0
710 0
711 0
712 0
713 0
714 0
715 0
716 1
717 0
718 0
719 0
720 0
721 1
722 0
723 1
724 0
725 0
726 0
727 1
728 1
729 0
730 1
731 0
732 0
733 1
734 0
735 1
736 0
737 1
738 2
739 0
740 0
741 1
742 1
743 0
744 0
745 0
746 0
747 0
748 1
749 0
750 1
751 0
752 0
753 2
754 0
755 0
756 0
757 0
758 0
759 2
760 1
761 0
762 1
763 0
764 0
765 0
766 1
767 0
768 1
769 0
770 0
771 0
772 1
773 1
774 0
775 0
776 2
777 0
778 0
779 0
780 0
781 0
782 1
783 1
784 1
785 1
786 0
787 0
788 1
789 0
790 0
791 1
792 2
793 0
794 1
795 0
796 0
797 2
798 0
799 0
800 1
801 0
802 0
803 0
804 1
805 1
806 0
807 0
808 1
809 1
810 0
811 2
812 0
813 0
814 0
815 0
816 1
817 0
818 0
819 0
820 1
821 1
822 1
823 1
824 0
825 0
826 1
827 0
828 0
829 1
830 0
831 1
832 0
833 0
834 0
835 1
836 0
837 0
838 1
839 1
840 0
841 0
842 0
843 1
844 0
845 0
846 0
847 1
848 0
849 0
850 0
851 0
852 1
853 0
854 0
855 0
856 0
857 0
858 0
859 0
860 0
861 0
862 0
863 0
864 0
865 1
866 0
867 0
868 1
869 1
870 0
871 0
872 0
873 0
874 0
875 0
876 0
877 0
878 0
879 0
880 1
881 0
882 0
883 0
884 0
885 0
886 0
887 2
888 0
889 0
890 0
891 1
892 0
893 0
894 0
895 2
896 0
897 0
898 0
899 1
900 2
901 0
902 0
903 1
904 0
905 0
906 0
907 2
908 1
909 0
910 0
911 0
912 0
913 2
914 0
915 0
916 0
917 0
918 0
919 0
920 0
921 0
922 0
923 1
924 0
925 0
926 0
927 0
928 0
929 1
930 0
931 0
932 0
933 0
934 0
935 0
936 0
937 0
938 0
939 1
940 1
941 0
942 1
943 0
944 0
945 1
946 0
947 0
948 0
949 0
950 0
951 0
952 0
953 0
954 0
955 0
956 0
957 0
958 1
959 0
960 0
961 0
962 1
963 0
964 1
965 0
966 0
967 1
968 0
969 0
970 0
971 0
972 0
973 0
974 1
975 0
976 0
977 1
978 0
979 0
980 0
981 0
982 0
983 0
984 0
985 2
986 0
987 0
988 0
989 0
990 1
991 0
992 0
993 0
994 1
995 0
996 1
997 0
998 1
999 0
1000 0
1001 1
1002 0
1003 0
1004 0
1005 0
1006 0
1007 0
1008 0
1009 0
1010 0
1011 1
1012 0
1013 0
1014 0
1015 0
1016 2
1017 0
1018 0
1019 0
1020 0
1021 0
1022 0
1023 0
1024 0
1025 1
1026 0
1027 0
1028 0
1029 2
1030 0
1031 1
1032 0
1033 0
1034 0
1035 0
1036 0
1037 1
1038 0
1039 0
1040 0
1041 0
1042 0
1043 0
1044 0
1045 0
1046 0
1047 0
1048 0
1049 1
1050 1
1051 0
1052 0
1053 0
1054 0
1055 1
1056 0
1057 1
1058 2
1059 1
1060 0
1061 0
1062 0
1063 0
1064 1
1065 0
1066 0
1067 1
1068 0
1069 1
1070 1
1071 0
1072 0
1073 0
1074 1
1075 1
1076 0
1077 1
1078 1
1079 1
1080 0
1081 0
1082 0
1083 1
1084 0
1085 0
1086 0
1087 0
1088 0
1089 1
1090 0
1091 0
1092 0
1093 3
1094 1
1095 0
1096 0
1097 1
1098 0
1099 0
1100 1
1101 1
1102 0
1103 0
1104 0
1105 1
1106 1
1107 0
1108 0
1109 1
1110 1
1111 0
1112 0
1113 3
1114 0
1115 0
1116 1
1117 0
1118 3
1119 0
1120 1
1121 1
1122 0
1123 0
1124 0
1125 1
1126 1
1127 0
1128 0
1129 0
1130 0
1131 0
1132 1
1133 1
1134 1
1135 0
1136 0
1137 1
1138 1
1139 0
1140 0
1141 0
1142 0
1143 0
1144 0
1145 0
1146 1
1147 1
1148 0
1149 1
1150 0
1151 1
1152 0
1153 0
1154 2
1155 1
1156 1
1157 0
1158 0
1159 0
1160 0
1161 1
1162 2
1163 1
1164 0
1165 0
1166 1
1167 0
1168 2
1169 0
1170 0
1171 0
1172 0
1173 1
1174 0
1175 1
1176 0
1177 0
1178 0
1179 0
1180 1
1181 1
1182 0
1183 2
1184 1
1185 0
1186 1
1187 0
1188 0
1189 0
1190 0
1191 0
1192 1
1193 0
1194 1
1195 1
1196 0
1197 0
1198 1
1199 2
1200 1
1201 0
1202 1
1203 0
1204 0
1205 0
1206 0
1207 0
1208 0
1209 0
1210 1
1211 1
1212 1
1213 0
1214 0
1215 0
1216 1
1217 0
1218 2
1219 0
1220 0
1221 0
1222 0
1223 0
1224 1
1225 0
1226 0
1227 2
1228 1
1229 0
1230 0
1231 0
1232 1
1233 1
1234 0
1235 1
1236 1
1237 1
1238 1
1239 0
1240 1
1241 0
1242 1
1243 0
1244 0
1245 0
1246 0
1247 0
1248 0
1249 2
1250 2
1251 0
1252 0
1253 1
1254 0
1255 2
1256 1
1257 0
1258 0
1259 1
1260 1
1261 2
1262 1
1263 0
1264 0
1265 1
1266 0
1267 0
1268 2
1269 0
1270 0
1271 3
1272 0
1273 0
1274 1
1275 0
1276 0
1277 0
1278 2
1279 1
1280 1
1281 1
1282 0
1283 2
1284 2
1285 0
1286 0
1287 1
1288 3
1289 0
1290 3
1291 3
1292 2
1293 0
1294 1
1295 0
1296 0
1297 1
1298 0
1299 1
1300 2
1301 2
1302 1
1303 0
1304 2
1305 0
1306 0
1307 1
1308 0
1309 0
1310 0
1311 1
1312 4
1313 3
1314 1
1315 0
1316 0
1317 0
1318 0
1319 1
1320 0
1321 2
1322 0
1323 1
1324 0
1325 1
1326 0
1327 2
1328 1
1329 0
1330 1
1331 0
1332 2
1333 1
1334 2
1335 0
1336 0
1337 1
1338 0
1339 1
1340 0
1341 3
1342 1
1343 1
1344 0
1345 0
1346 2
1347 0
1348 2
1349 3
1350 0
1351 0
1352 1
1353 1
1354 0
1355 1
1356 0
1357 0
1358 2
1359 0
1360 0
1361 1
1362 3
1363 0
1364 0
1365 1
1366 1
1367 0
1368 0
1369 1
1370 3
1371 0
1372 3
1373 1
1374 1
1375 0
1376 1
1377 1
1378 0
1379 2
1380 0
1381 0
1382 0
1383 0
1384 1
1385 1
1386 1
1387 1
1388 0
1389 1
1390 1
1391 0
1392 1
1393 2
1394 0
1395 0
1396 1
1397 0
1398 0
1399 0
1400 1
1401 0
1402 2
1403 0
1404 0
1405 1
1406 0
1407 0
1408 2
1409 0
1410 1
1411 1
1412 0
1413 1
1414 0
1415 1
1416 1
1417 1
1418 0
1419 1
1420 1
1421 0
1422 1
1423 0
1424 1
1425 0
1426 2
1427 0
1428 0
1429 0
1430 0
1431 1
1432 0
1433 1
1434 1
1435 0
1436 1
1437 3
1438 0
1439 2
1440 0
1441 1
1442 1
1443 0
1444 2
1445 1
1446 0
1447 0
1448 1
1449 0
1450 0
1451 0
1452 1
1453 0
1454 0
1455 0
1456 1
1457 3
1458 1
1459 0
1460 1
1461 1
1462 1
1463 0
1464 0
1465 2
1466 2
1467 3
1468 0
1469 0
1470 0
1471 0
1472 0
1473 2
1474 1
1475 2
1476 0
1477 0
1478 1
1479 0
1480 0
1481 2
1482 1
1483 1
1484 0
1485 0
1486 3
1487 0
1488 1
1489 1
1490 1
1491 1
1492 1
1493 1
1494 1
1495 0
1496 0
1497 0
1498 0
1499 0
1500 1
1501 2
1502 0
1503 1
1504 0
1505 2
1506 1
1507 0
1508 0
1509 1
1510 0
1511 1
1512 1
1513 1
1514 2
1515 0
1516 0
1517 0
1518 0
1519 0
1520 0
1521 2
1522 0
1523 0
1524 0
1525 0
1526 0
1527 0
1528 0
1529 0
1530 0
1531 0
1532 2
1533 0
1534 0
1535 0
1536 0
1537 0
1538 0
1539 1
1540 0
1541 0
1542 3
1543 0
1544 0
1545 1
1546 0
1547 0
1548 0
1549 2
1550 0
1551 0
1552 0
1553 0
1554 0
1555 0
1556 0
1557 0
1558 1
1559 0
1560 0
1561 0
1562 0
1563 2
1564 0
1565 0
1566 0
1567 0
1568 0
1569 0
1570 0
1571 1
1572 0
1573 0
1574 0
1575 1
1576 0
1577 0
1578 0
1579 0
1580 1
1581 0
1582 1
1583 0
1584 0
1585 0
1586 0
1587 0
1588 0
1589 1
1590 0
1591 0
1592 0
1593 0
1594 0
1595 1
1596 0
1597 0
1598 0
1599 0
1600 0
1601 0
1602 0
1603 0
1604 0
1605 0
1606 0
1607 1
1608 0
1609 0
1610 0
1611 1
1612 0
1613 1
1614 0
1615 0
1616 0
1617 0
1618 0
1619 0
1620 0
1621 0
1622 1
1623 0
1624 0
1625 0
1626 1
1627 1
1628 1
1629 0
1630 0
1631 0
1632 0
1633 0
1634 0
1635 0
1636 0
1637 0
1638 1
1639 0
1640 0
1641 0
1642 0
1643 0
1644 0
1645 0
1646 0
1647 0
1648 0
1649 1
1650 0
1651 0
1652 0
1653 0
1654 0
1655 0
1656 0
1657 1
1658 0
1659 0
1660 0
1661 0
1662 0
1663 0
1664 0
1665 0
1666 0
1667 0
1668 0
1669 0
1670 0
1671 1
1672 0
1673 0
1674 0
1675 0
1676 0
1677 0
1678 0
1679 0
1680 0
1681 0
1682 1
1683 1
1684 0
1685 0
1686 0
1687 0
1688 0
1689 0
1690 1
1691 0
1692 0
1693 0
1694 0
1695 0
1696 0
1697 0
1698 0
1699 0
1700 0
1701 0
1702 0
1703 0
1704 0
1705 1
1706 0
1707 0
1708 0
1709 1
1710 0
1711 0
1712 0
1713 0
1714 0
1715 0
1716 0
1717 0
1718 0
1719 0
1720 0
1721 0
1722 0
1723 0
1724 0
1725 0
1726 0
1727 0
1728 0
1729 0
1730 0
1731 1
1732 0
1733 0
1734 0
1735 0
1736 0
1737 0
1738 0
1739 0
1740 0
1741 0
1742 0
1743 0
1744 0
1745 0
1746 1
1747 0
1748 1
1749 0
1750 0
1751 0
1752 0
1753 0
1754 0
1755 1
1756 0
1757 0
1758 1
1759 1
1760 1
1761 0
1762 1
1763 1
1764 0
1765 0
1766 0
1767 2
1768 0
1769 0
1770 0
1771 0
1772 0
1773 0
1774 0
1775 0
1776 0
1777 0
1778 0
1779 0
1780 0
1781 0
1782 0
1783 0
1784 0
1785 0
1786 0
1787 0
1788 0
1789 0
1790 0
1791 0
1792 0
1793 0
1794 0
1795 0
1796 0
1797 0
1798 0
1799 0
1800 0
1801 0
1802 0
1803 0
1804 0
1805 0
1806 1
1807 0
1808 0
1809 0
1810 0
1811 0
1812 0
1813 0
1814 0
1815 0
1816 1
1817 1
1818 0
1819 0
1820 0
1821 0
1822 1
1823 0
1824 0
1825 0
1826 0
1827 0
1828 0
1829 0
1830 0
1831 0
1832 0
1833 0
1834 0
1835 0
1836 1
1837 0
1838 0
1839 1
1840 1
1841 1
1842 0
1843 0
1844 1
1845 0
1846 1
1847 0
1848 0
1849 0
1850 1
1851 0
1852 0
1853 0
1854 0
1855 0
1856 0
1857 0
1858 0
1859 0
1860 0
1861 0
1862 1
1863 0
1864 1
1865 0
1866 0
1867 0
1868 0
1869 0
1870 0
1871 2
1872 0
1873 1
1874 0
1875 0
1876 0
1877 0
1878 0
1879 0
1880 0
1881 0
1882 0
1883 0
1884 0
1885 0
1886 0
1887 0
1888 0
1889 0
1890 0
1891 1
1892 0
1893 0
1894 1
1895 1
1896 0
1897 0
1898 0
1899 1
1900 2
1901 1
1902 0
1903 0
1904 0
1905 0
1906 0
1907 0
1908 0
1909 0
1910 0
1911 0
1912 0
1913 0
1914 0
1915 0
1916 0
1917 0
1918 0
1919 0
1920 0
1921 1
1922 0
1923 0
1924 0
1925 0
1926 0
1927 0
1928 0
1929 0
1930 0
1931 0
1932 0
1933 0
1934 0
1935 0
1936 0
1937 0
1938 0
1939 0
1940 0
1941 1
1942 0
1943 0
1944 0
1945 0
1946 0
1947 0
1948 0
1949 0
1950 0
1951 0
1952 0
1953 0
1954 0
1955 1
1956 0
1957 0
1958 0
1959 0
1960 0
1961 0
1962 0
1963 0
1964 0
1965 0
1966 0
1967 0
1968 0
1969 0
1970 0
1971 0
1972 0
1973 0
1974 0
1975 0
1976 0
1977 0
1978 0
1979 1
1980 0
1981 1
1982 0
1983 0
1984 0
1985 0
1986 0
1987 0
1988 0
1989 1
1990 0
1991 0
1992 0
1993 0
1994 0
1995 0
1996 0
1997 0
1998 0
1999 0
2000 0
2001 0
2002 0
2003 0
2004 0
2005 0
2006 1
2007 0
2008 1
2009 0
2010 0
2011 1
2012 0
2013 0
2014 0
2015 0
2016 1
2017 0
2018 0
2019 0
2020 0
2021 1
2022 0
2023 1
2024 0
2025 1
2026 1
2027 0
2028 0
2029 0
2030 0
2031 0
2032 0
2033 0
2034 0
2035 0
2036 0
2037 0
2038 0
2039 0
2040 0
2041 0
2042 0
2043 0
2044 0
2045 0
2046 0
2047 0
