# Dead time factor = 1.00000
0 0
1 0
2 0
3 0
4 0
5 0
6 0
7 0
8 0
9 0
10 0
11 0
12 0
13 0
14 0
15 0
16 0
17 0
18 0
19 0
20 1
21 13
22 13
23 18
24 24
25 26
26 23
27 22
28 34
29 23
30 30
31 35
32 21
33 26
34 25
35 36
36 40
37 37
38 28
39 35
40 31
41 42
42 40
43 18
44 38
45 45
46 43
47 68
48 81
49 119
50 157
51 155
52 132
53 131
54 95
55 72
56 65
57 61
58 53
59 34
60 26
61 25
62 29
63 17
64 15
65 29
66 13
67 13
68 25
69 20
70 17
71 24
72 16
73 25
74 20
75 15
76 24
77 19
78 22
79 16
80 18
81 18
82 19
83 19
84 22
85 20
86 17
87 22
88 19
89 18
90 36
91 31
92 12
93 23
94 22
95 19
96 18
97 16
98 15
99 16
100 13
101 22
102 14
103 24
104 26
105 12
106 18
107 17
108 7
109 14
110 11
111 17
112 25
113 16
114 21
115 11
116 11
117 8
118 20
119 18
120 17
121 11
122 12
123 11
124 13
125 15
126 8
127 18
128 12
129 9
130 17
131 15
132 10
133 14
134 14
135 12
136 13
137 11
138 9
139 9
140 6
141 14
142 18
143 8
144 8
145 10
146 13
147 10
148 4
149 3
150 5
151 10
152 7
153 15
154 7
155 4
156 9
157 12
158 16
159 5
160 14
161 10
162 15
163 17
164 22
165 18
166 21
167 21
168 29
169 26
170 15
171 22
172 15
173 31
174 16
175 17
176 16
177 17
178 18
179 12
180 14
181 14
182 20
183 15
184 12
185 9
186 12
187 11
188 9
189 12
190 6
191 11
192 6
193 8
194 12
195 8
196 10
197 14
198 10
199 9
200 9
201 5
202 6
203 6
204 8
205 5
206 8
207 7
208 8
209 4
210 12
211 6
212 5
213 15
214 9
215 10
216 3
217 3
218 7
219 13
220 7
221 8
222 11
223 4
224 14
225 6
226 10
227 15
228 10
229 6
230 7
231 8
232 5
233 6
234 17
235 13
236 5
237 11
238 11
239 7
240 11
241 7
242 1
243 6
244 12
245 4
246 7
247 9
248 4
249 5
250 9
251 8
252 4
253 12
254 7
255 7
256 7
257 9
258 6
259 14
260 7
261 6
262 7
263 8
264 13
265 5
266 10
267 3
268 9
269 10
270 10
271 14
272 12
273 11
274 7
275 5
276 8
277 9
278 7
279 5
280 7
281 6
282 3
283 7
284 11
285 4
286 7
287 5
288 9
289 3
290 9
291 6
292 6
293 4
294 5
295 9
296 7
297 3
298 9
299 6
300 9
301 5
302 5
303 5
304 10
305 11
306 6
307 10
308 5
309 1
310 13
311 10
312 8
313 7
314 11
315 4
316 7
317 3
318 8
319 5
320 5
321 4
322 6
323 8
324 4
325 7
326 8
327 8
328 6
329 0
330 6
331 3
332 7
333 7
334 7
335 5
336 4
337 7
338 4
339 7
340 8
341 6
342 9
343 5
344 12
345 7
346 4
347 5
348 7
349 2
350 9
351 4
352 5
353 13
354 5
355 9
356 7
357 9
358 6
359 3
360 5
361 4
362 7
363 3
364 6
365 4
366 6
367 13
368 10
369 2
370 5
371 12
372 4
373 3
374 8
375 7
376 7
377 9
378 6
379 5
380 4
381 11
382 4
383 6
384 6
385 3
386 5
387 4
388 7
389 6
390 11
391 2
392 7
393 6
394 6
395 4
396 8
397 11
398 7
399 3
400 3
401 9
402 10
403 7
404 12
405 10
406 7
407 3
408 5
409 4
410 7
411 4
412 1
413 6
414 3
415 6
416 4
417 8
418 6
419 3
420 6
421 5
422 1
423 7
424 6
425 3
426 5
427 3
428 8
429 3
430 5
431 9
432 6
433 8
434 2
435 7
436 4
437 7
438 5
439 6
440 8
441 9
442 6
443 5
444 4
445 8
446 7
447 5
448 5
449 4
450 6
451 8
452 6
453 9
454 7
455 5
456 2
457 7
458 4
459 7
460 7
461 8
462 12
463 1
464 2
465 6
466 7
467 10
468 8
469 6
470 9
471 14
472 4
473 5
474 8
475 6
476 10
477 3
478 6
479 7
480 6
481 7
482 3
483 8
484 5
485 3
486 2
487 6
488 6
489 6
490 4
491 3
492 5
493 3
494 5
495 3
496 9
497 6
498 7
499 2
500 5
501 6
502 7
503 5
504 6
505 6
506 2
507 2
508 7
509 5
510 7
511 5
512 4
513 11
514 8
515 2
516 5
517 5
518 3
519 6
520 6
521 3
522 6
523 4
524 6
525 6
526 5
527 5
528 11
529 5
530 4
531 7
532 4
533 6
534 8
535 3
536 8
537 6
538 1
539 3
540 4
541 6
542 10
543 6
544 4
545 9
546 8
547 7
548 3
549 5
550 6
551 7
552 5
553 5
554 9
555 6
556 8
557 4
558 5
559 9
560 5
561 8
562 3
563 4
564 9
565 8
566 5
567 3
568 7
569 2
570 4
571 8
572 4
573 6
574 3
575 4
576 4
577 8
578 4
579 4
580 6
581 5
582 2
583 8
584 7
585 6
586 6
587 5
588 5
589 5
590 4
591 9
592 6
593 3
594 3
595 4
596 9
597 7
598 3
599 7
600 7
601 3
602 9
603 4
604 5
605 8
606 2
607 5
608 6
609 10
610 4
611 7
612 5
613 3
614 11
615 3
616 3
617 5
618 5
619 5
620 5
621 5
622 9
623 4
624 5
625 6
626 8
627 7
628 8
629 8
630 6
631 5
632 7
633 5
634 5
635 6
636 4
637 8
638 6
639 3
640 10
641 5
642 5
643 8
644 4
645 9
646 7
647 5
648 6
649 6
650 4
651 4
652 3
653 5
654 8
655 6
656 5
657 13
658 7
659 6
660 5
661 10
662 6
663 7
664 3
665 4
666 3
667 5
668 3
669 10
670 4
671 11
672 10
673 3
674 6
675 5
676 4
677 1
678 8
679 3
680 5
681 4
682 5
683 3
684 2
685 11
686 5
687 9
688 3
689 5
690 4
691 4
692 9
693 7
694 5
695 8
696 7
697 2
698 8
699 4
700 12
701 9
702 4
703 6
704 10
705 5
706 10
707 5
708 8
709 8
710 5
711 6
712 6
713 3
714 6
715 2
716 8
717 7
718 5
719 4
720 9
721 8
722 2
723 9
724 6
725 10
726 5
727 3
728 5
729 3
730 4
731 6
732 5
733 14
734 1
735 5
736 5
737 5
738 7
739 5
740 7
741 5
742 5
743 4
744 3
745 8
746 6
747 7
748 4
749 9
750 4
751 5
752 2
753 8
754 2
755 5
756 9
757 11
758 10
759 8
760 5
761 5
762 3
763 7
764 4
765 10
766 4
767 6
768 5
769 11
770 9
771 5
772 3
773 7
774 11
775 9
776 5
777 5
778 8
779 4
780 5
781 6
782 9
783 5
784 6
785 3
786 4
787 5
788 8
789 1
790 12
791 7
792 8
793 8
794 6
795 8
796 7
797 8
798 10
799 5
800 5
801 5
802 9
803 4
804 6
805 7
806 2
807 4
808 10
809 5
810 10
811 4
812 14
813 4
814 3
815 3
816 7
817 5
818 8
819 9
820 6
821 4
822 13
823 7
824 7
825 3
826 11
827 5
828 7
829 4
830 4
831 4
832 4
833 8
834 8
835 5
836 6
837 3
838 6
839 5
840 4
841 5
842 8
843 9
844 4
845 8
846 7
847 2
848 5
849 5
850 4
851 5
852 6
853 4
854 10
855 7
856 8
857 7
858 4
859 8
860 5
861 6
862 7
863 2
864 6
865 6
866 7
867 8
868 9
869 6
870 8
871 7
872 6
873 4
874 8
875 6
876 4
877 3
878 7
879 7
880 10
881 7
882 9
883 3
884 11
885 12
886 5
887 6
888 6
889 5
890 10
891 5
892 7
893 11
894 7
895 11
896 7
897 12
898 6
899 5
900 8
901 4
902 8
903 8
904 7
905 3
906 13
907 8
908 2
909 7
910 9
911 3
912 9
913 5
914 9
915 6
916 8
917 3
918 6
919 8
920 7
921 12
922 5
923 5
924 5
925 7
926 4
927 4
928 4
929 7
930 4
931 1
932 8
933 8
934 1
935 7
936 5
937 5
938 7
939 7
940 12
941 9
942 7
943 8
944 6
945 1
946 7
947 5
948 8
949 9
950 10
951 6
952 9
953 6
954 5
955 7
956 3
957 9
958 9
959 8
960 6
961 6
962 9
963 12
964 7
965 9
966 3
967 10
968 8
969 8
970 7
971 5
972 5
973 5
974 9
975 5
976 5
977 5
978 7
979 4
980 9
981 5
982 7
983 8
984 4
985 9
986 5
987 5
988 4
989 4
990 7
991 6
992 7
993 9
994 4
995 9
996 2
997 6
998 6
999 8
1000 7
1001 7
1002 13
1003 8
1004 6
1005 9
1006 7
1007 10
1008 7
1009 7
1010 9
1011 8
1012 6
1013 3
1014 5
1015 6
1016 2
1017 5
1018 13
1019 15
1020 10
1021 9
1022 4
1023 13
1024 9
1025 9
1026 7
1027 7
1028 6
1029 11
1030 7
1031 5
1032 12
1033 12
1034 6
1035 8
1036 10
1037 6
1038 6
1039 5
1040 7
1041 8
1042 3
1043 9
1044 13
1045 12
1046 8
1047 9
1048 9
1049 7
1050 9
1051 2
1052 7
1053 6
1054 10
1055 10
1056 12
1057 7
1058 8
1059 9
1060 12
1061 11
1062 10
1063 11
1064 11
1065 7
1066 14
1067 13
1068 11
1069 10
1070 14
1071 8
1072 11
1073 12
1074 7
1075 12
1076 13
1077 17
1078 8
1079 8
1080 13
1081 16
1082 8
1083 12
1084 7
1085 9
1086 18
1087 9
1088 12
1089 10
1090 6
1091 8
1092 8
1093 11
1094 10
1095 10
1096 17
1097 11
1098 10
1099 8
1100 16
1101 5
1102 9
1103 12
1104 7
1105 11
1106 11
1107 14
1108 13
1109 13
1110 7
1111 13
1112 12
1113 12
1114 11
1115 8
1116 12
1117 9
1118 7
1119 8
1120 12
1121 10
1122 18
1123 15
1124 15
1125 15
1126 8
1127 9
1128 7
1129 13
1130 9
1131 13
1132 17
1133 9
1134 10
1135 13
1136 14
1137 8
1138 21
1139 10
1140 13
1141 13
1142 11
1143 13
1144 9
1145 21
1146 7
1147 22
1148 7
1149 14
1150 14
1151 14
1152 20
1153 10
1154 12
1155 17
1156 12
1157 14
1158 14
1159 17
1160 12
1161 13
1162 13
1163 11
1164 16
1165 10
1166 10
1167 12
1168 19
1169 13
1170 18
1171 22
1172 9
1173 14
1174 7
1175 17
1176 14
1177 8
1178 10
1179 7
1180 15
1181 8
1182 6
1183 12
1184 15
1185 12
1186 19
1187 11
1188 13
1189 10
1190 10
1191 8
1192 7
1193 20
1194 9
1195 13
1196 20
1197 13
1198 11
1199 14
1200 13
1201 13
1202 7
1203 13
1204 13
1205 16
1206 14
1207 12
1208 16
1209 8
1210 9
1211 13
1212 5
1213 9
1214 15
1215 12
1216 12
1217 7
1218 12
1219 17
1220 8
1221 15
1222 13
1223 6
1224 26
1225 17
1226 3
1227 14
1228 14
1229 9
1230 18
1231 17
1232 13
1233 11
1234 18
1235 14
1236 19
1237 14
1238 15
1239 14
1240 13
1241 17
1242 16
1243 16
1244 18
1245 14
1246 12
1247 14
1248 18
1249 15
1250 14
1251 17
1252 20
1253 13
1254 24
1255 9
1256 18
1257 14
1258 17
1259 14
1260 16
1261 18
1262 9
1263 22
1264 15
1265 13
1266 26
1267 18
1268 14
1269 17
1270 16
1271 20
1272 17
1273 17
1274 22
1275 28
1276 26
1277 24
1278 21
1279 17
1280 11
1281 22
1282 19
1283 22
1284 27
1285 14
1286 11
1287 21
1288 16
1289 12
1290 22
1291 21
1292 12
1293 25
1294 21
1295 24
1296 19
1297 11
1298 16
1299 20
1300 21
1301 23
1302 17
1303 22
1304 19
1305 24
1306 23
1307 23
1308 19
1309 17
1310 13
1311 20
1312 19
1313 20
1314 28
1315 16
1316 19
1317 28
1318 15
1319 23
1320 17
1321 19
1322 27
1323 19
1324 21
1325 20
1326 18
1327 22
1328 20
1329 21
1330 21
1331 19
1332 17
1333 13
1334 19
1335 14
1336 15
1337 18
1338 22
1339 17
1340 15
1341 18
1342 17
1343 21
1344 17
1345 14
1346 20
1347 12
1348 16
1349 16
1350 16
1351 22
1352 15
1353 9
1354 13
1355 20
1356 10
1357 24
1358 15
1359 11
1360 15
1361 14
1362 11
1363 15
1364 14
1365 7
1366 10
1367 14
1368 13
1369 15
1370 16
1371 12
1372 15
1373 15
1374 11
1375 8
1376 11
1377 9
1378 12
1379 8
1380 15
1381 15
1382 10
1383 5
1384 17
1385 12
1386 20
1387 13
1388 15
1389 24
1390 14
1391 20
1392 12
1393 11
1394 10
1395 11
1396 15
1397 8
1398 13
1399 15
1400 20
1401 11
1402 15
1403 14
1404 18
1405 17
1406 21
1407 15
1408 15
1409 8
1410 15
1411 15
1412 30
1413 19
1414 16
1415 18
1416 17
1417 10
1418 20
1419 14
1420 22
1421 10
1422 25
1423 15
1424 18
1425 20
1426 16
1427 15
1428 23
1429 18
1430 19
1431 28
1432 25
1433 14
1434 19
1435 24
1436 20
1437 23
1438 24
1439 15
1440 16
1441 16
1442 20
1443 20
1444 24
1445 22
1446 23
1447 20
1448 22
1449 22
1450 31
1451 15
1452 22
1453 24
1454 20
1455 18
1456 22
1457 17
1458 15
1459 22
1460 26
1461 19
1462 17
1463 24
1464 20
1465 21
1466 24
1467 17
1468 18
1469 30
1470 25
1471 24
1472 20
1473 29
1474 20
1475 26
1476 29
1477 17
1478 19
1479 23
1480 27
1481 16
1482 22
1483 15
1484 19
1485 21
1486 12
1487 26
1488 18
1489 20
1490 12
1491 12
1492 14
1493 23
1494 16
1495 8
1496 11
1497 12
1498 11
1499 20
1500 7
1501 21
1502 18
1503 11
1504 11
1505 13
1506 11
1507 14
1508 10
1509 11
1510 9
1511 10
1512 14
1513 11
1514 9
1515 3
1516 11
1517 9
1518 11
1519 9
1520 14
1521 10
1522 8
1523 6
1524 6
1525 9
1526 5
1527 11
1528 7
1529 11
1530 5
1531 11
1532 7
1533 3
1534 7
1535 5
1536 7
1537 6
1538 3
1539 6
1540 5
1541 3
1542 5
1543 3
1544 9
1545 8
1546 4
1547 7
1548 8
1549 3
1550 0
1551 4
1552 7
1553 2
1554 2
1555 5
1556 2
1557 6
1558 7
1559 5
1560 5
1561 5
1562 1
1563 3
1564 3
1565 3
1566 4
1567 5
1568 4
1569 3
1570 4
1571 4
1572 5
1573 3
1574 8
1575 7
1576 4
1577 1
1578 4
1579 2
1580 4
1581 6
1582 4
1583 3
1584 4
1585 4
1586 2
1587 6
1588 3
1589 5
1590 3
1591 3
1592 8
1593 4
1594 5
1595 5
1596 2
1597 2
1598 5
1599 7
1600 5
1601 7
1602 10
1603 3
1604 9
1605 6
1606 3
1607 5
1608 4
1609 4
1610 6
1611 2
1612 3
1613 8
1614 6
1615 9
1616 7
1617 7
1618 8
1619 4
1620 12
1621 8
1622 8
1623 3
1624 10
1625 8
1626 2
1627 4
1628 7
1629 8
1630 6
1631 7
1632 4
1633 5
1634 5
1635 3
1636 4
1637 6
1638 1
1639 7
1640 7
1641 8
1642 3
1643 7
1644 6
1645 1
1646 3
1647 6
1648 6
1649 4
1650 4
1651 1
1652 2
1653 2
1654 3
1655 5
1656 0
1657 6
1658 5
1659 1
1660 2
1661 2
1662 2
1663 4
1664 3
1665 1
1666 4
1667 1
1668 3
1669 1
1670 0
1671 0
1672 3
1673 1
1674 2
1675 5
1676 3
1677 2
1678 1
1679 0
1680 1
1681 1
1682 1
1683 1
1684 1
1685 1
1686 2
1687 0
1688 2
1689 2
1690 1
1691 4
1692 0
1693 0
1694 1
1695 0
1696 1
1697 1
1698 0
1699 2
1700 2
1701 0
1702 0
1703 1
1704 0
1705 0
1706 1
1707 1
1708 0
1709 0
1710 0
1711 0
1712 0
1713 2
1714 0
1715 0
1716 0
1717 1
1718 0
1719 1
1720 0
1721 0
1722 0
1723 0
1724 0
1725 0
1726 0
1727 0
1728 1
1729 1
1730 0
1731 0
1732 0
1733 0
1734 0
1735 1
1736 0
1737 0
1738 0
1739 0
1740 0
1741 0
1742 0
1743 1
1744 0
1745 0
1746 0
1747 1
1748 0
1749 0
1750 0
1751 0
1752 1
1753 0
1754 0
1755 0
1756 0
1757 0
1758 0
1759 0
1760 0
1761 0
1762 0
1763 0
1764 0
1765 0
1766 1
1767 0
1768 0
1769 0
1770 0
1771 0
1772 0
1773 1
1774 0
1775 0
1776 0
1777 0
1778 2
1779 0
1780 0
1781 1
1782 0
1783 0
1784 0
1785 0
1786 0
1787 1
1788 1
1789 1
1790 0
1791 0
1792 0
1793 2
1794 0
1795 0
1796 0
1797 0
1798 0
1799 0
1800 0
1801 0
1802 0
1803 0
1804 0
1805 0
1806 0
1807 0
1808 0
1809 0
1810 0
1811 1
1812 0
1813 0
1814 0
1815 0
1816 0
1817 0
1818 0
1819 0
1820 0
1821 0
1822 0
1823 0
1824 0
1825 1
1826 0
1827 0
1828 0
1829 0
1830 0
1831 2
1832 0
1833 0
1834 0
1835 0
1836 0
1837 0
1838 0
1839 1
1840 0
1841 0
1842 0
1843 0
1844 1
1845 0
1846 0
1847 0
1848 0
1849 1
1850 1
1851 0
1852 0
1853 0
1854 1
1855 0
1856 0
1857 0
1858 0
1859 0
1860 0
1861 0
1862 0
1863 0
1864 0
1865 0
1866 0
1867 1
1868 0
1869 0
1870 0
1871 0
1872 0
1873 0
1874 0
1875 0
1876 0
1877 0
1878 0
1879 0
1880 0
1881 0
1882 0
1883 0
1884 1
1885 0
1886 1
1887 0
1888 0
1889 0
1890 1
1891 0
1892 0
1893 0
1894 0
1895 0
1896 0
1897 0
1898 0
1899 0
1900 0
1901 0
1902 0
1903 0
1904 0
1905 0
1906 1
1907 0
1908 0
1909 0
1910 0
1911 0
1912 0
1913 0
1914 0
1915 0
1916 0
1917 1
1918 0
1919 0
1920 0
1921 0
1922 0
1923 0
1924 0
1925 0
1926 0
1927 0
1928 0
1929 0
1930 0
1931 0
1932 0
1933 1
1934 0
1935 0
1936 0
1937 0
1938 0
1939 0
1940 0
1941 0
1942 0
1943 0
1944 0
1945 0
1946 0
1947 1
1948 0
1949 0
1950 0
1951 0
1952 0
1953 0
1954 0
1955 0
1956 1
1957 1
1958 0
1959 1
1960 0
1961 1
1962 1
1963 0
1964 1
1965 0
1966 0
1967 1
1968 0
1969 0
1970 0
1971 0
1972 1
1973 0
1974 0
1975 0
1976 0
1977 1
1978 0
1979 1
1980 0
1981 0
1982 2
1983 0
1984 0
1985 0
1986 0
1987 0
1988 1
1989 0
1990 0
1991 1
1992 0
1993 0
1994 1
1995 0
1996 0
1997 0
1998 0
1999 1
2000 1
2001 1
2002 0
2003 0
2004 0
2005 1
2006 0
2007 0
2008 0
2009 0
2010 0
2011 0
2012 1
2013 0
2014 0
2015 0
2016 1
2017 1
2018 0
2019 0
2020 1
2021 1
2022 0
2023 0
2024 0
2025 0
2026 0
2027 1
2028 0
2029 0
2030 0
2031 0
2032 0
2033 0
2034 0
2035 0
2036 0
2037 0
2038 0
2039 0
2040 0
2041 0
2042 0
2043 0
2044 0
2045 0
2046 0
2047 0
