# Dead time factor = 1.00000
0 0
1 0
2 0
3 0
4 0
5 0
6 0
7 0
8 0
9 0
10 0
11 0
12 0
13 0
14 0
15 0
16 0
17 0
18 0
19 0
20 0
21 9
22 9
23 10
24 18
25 9
26 10
27 20
28 13
29 14
30 22
31 23
32 16
33 18
34 29
35 23
36 22
37 28
38 31
39 29
40 23
41 25
42 36
43 21
44 27
45 33
46 49
47 57
48 68
49 90
50 120
51 129
52 125
53 107
54 84
55 63
56 54
57 52
58 25
59 26
60 21
61 15
62 10
63 19
64 10
65 14
66 7
67 9
68 14
69 3
70 8
71 10
72 6
73 3
74 7
75 6
76 8
77 8
78 6
79 8
80 4
81 3
82 4
83 3
84 10
85 8
86 10
87 6
88 9
89 8
90 10
91 8
92 9
93 3
94 7
95 3
96 13
97 11
98 11
99 6
100 3
101 4
102 5
103 7
104 4
105 10
106 6
107 6
108 6
109 4
110 6
111 2
112 4
113 11
114 2
115 3
116 6
117 3
118 3
119 1
120 4
121 3
122 5
123 6
124 3
125 3
126 4
127 2
128 7
129 5
130 5
131 6
132 3
133 3
134 4
135 4
136 1
137 3
138 4
139 3
140 4
141 5
142 5
143 4
144 2
145 3
146 1
147 6
148 3
149 3
150 2
151 4
152 2
153 1
154 3
155 3
156 4
157 2
158 3
159 1
160 4
161 3
162 9
163 11
164 4
165 2
166 6
167 3
168 5
169 10
170 8
171 10
172 4
173 7
174 5
175 10
176 4
177 7
178 6
179 4
180 1
181 7
182 1
183 4
184 3
185 6
186 5
187 1
188 3
189 1
190 8
191 2
192 2
193 2
194 2
195 6
196 2
197 4
198 2
199 4
200 4
201 2
202 2
203 0
204 1
205 1
206 4
207 1
208 3
209 5
210 3
211 4
212 2
213 3
214 1
215 4
216 1
217 4
218 3
219 2
220 4
221 3
222 3
223 0
224 3
225 4
226 3
227 2
228 0
229 3
230 3
231 2
232 2
233 4
234 2
235 2
236 4
237 2
238 1
239 2
240 2
241 5
242 1
243 2
244 2
245 1
246 3
247 1
248 4
249 2
250 4
251 2
252 2
253 2
254 5
255 2
256 5
257 2
258 1
259 3
260 0
261 2
262 2
263 3
264 3
265 4
266 1
267 3
268 3
269 3
270 2
271 3
272 1
273 2
274 0
275 1
276 2
277 3
278 1
279 2
280 5
281 2
282 3
283 2
284 1
285 2
286 2
287 1
288 4
289 1
290 3
291 3
292 0
293 3
294 4
295 4
296 2
297 0
298 0
299 0
300 3
301 2
302 1
303 3
304 4
305 3
306 1
307 2
308 2
309 1
310 0
311 4
312 0
313 4
314 2
315 1
316 2
317 3
318 3
319 2
320 1
321 2
322 4
323 3
324 2
325 1
326 0
327 2
328 5
329 4
330 3
331 4
332 3
333 3
334 4
335 1
336 3
337 2
338 2
339 2
340 3
341 2
342 4
343 3
344 5
345 2
346 6
347 2
348 4
349 1
350 7
351 1
352 6
353 3
354 4
355 1
356 4
357 2
358 2
359 3
360 3
361 1
362 0
363 1
364 4
365 0
366 1
367 4
368 2
369 1
370 2
371 0
372 2
373 4
374 0
375 1
376 2
377 0
378 2
379 1
380 2
381 1
382 3
383 1
384 0
385 2
386 3
387 3
388 2
389 3
390 3
391 5
392 0
393 0
394 3
395 1
396 2
397 2
398 2
399 2
400 2
401 4
402 2
403 1
404 0
405 1
406 1
407 1
408 2
409 0
410 2
411 2
412 1
413 3
414 2
415 1
416 1
417 2
418 1
419 3
420 1
421 2
422 3
423 2
424 5
425 4
426 3
427 0
428 5
429 3
430 1
431 2
432 2
433 3
434 3
435 1
436 2
437 2
438 3
439 2
440 1
441 1
442 2
443 3
444 1
445 0
446 0
447 2
448 0
449 1
450 1
451 0
452 3
453 1
454 2
455 0
456 4
457 1
458 2
459 0
460 2
461 2
462 2
463 2
464 2
465 3
466 1
467 2
468 3
469 2
470 0
471 2
472 4
473 3
474 2
475 0
476 0
477 2
478 3
479 1
480 0
481 1
482 3
483 1
484 1
485 2
486 3
487 1
488 1
489 3
490 2
491 1
492 2
493 1
494 1
495 2
496 1
497 0
498 3
499 3
500 1
501 3
502 3
503 4
504 0
505 2
506 2
507 2
508 1
509 4
510 0
511 0
512 3
513 2
514 1
515 1
516 1
517 0
518 1
519 5
520 3
521 4
522 0
523 1
524 3
525 2
526 1
527 1
528 1
529 4
530 2
531 0
532 1
533 0
534 3
535 4
536 2
537 0
538 2
539 2
540 1
541 1
542 2
543 1
544 4
545 1
546 1
547 1
548 2
549 1
550 1
551 5
552 1
553 2
554 2
555 1
556 0
557 2
558 1
559 0
560 4
561 1
562 1
563 3
564 3
565 2
566 1
567 1
568 1
569 2
570 1
571 4
572 2
573 1
574 2
575 0
576 0
577 2
578 2
579 2
580 0
581 1
582 0
583 1
584 2
585 1
586 1
587 4
588 1
589 2
590 0
591 1
592 0
593 2
594 3
595 1
596 2
597 0
598 2
599 0
600 1
601 1
602 2
603 1
604 1
605 3
606 2
607 2
608 3
609 1
610 1
611 4
612 0
613 2
614 2
615 2
616 0
617 1
618 5
619 2
620 0
621 0
622 1
623 5
624 1
625 1
626 1
627 3
628 3
629 0
630 1
631 1
632 3
633 0
634 0
635 2
636 1
637 1
638 0
639 0
640 3
641 3
642 1
643 0
644 2
645 2
646 3
647 1
648 1
649 1
650 0
651 3
652 2
653 4
654 1
655 2
656 5
657 2
658 2
659 1
660 0
661 2
662 1
663 1
664 1
665 1
666 1
667 0
668 0
669 1
670 3
671 2
672 0
673 0
674 0
675 3
676 1
677 0
678 0
679 2
680 0
681 1
682 0
683 2
684 3
685 0
686 0
687 3
688 1
689 1
690 0
691 0
692 3
693 1
694 2
695 0
696 2
697 2
698 0
699 4
700 5
701 3
702 1
703 1
704 3
705 3
706 1
707 0
708 2
709 2
710 2
711 0
712 1
713 3
714 0
715 4
716 1
717 0
718 2
719 1
720 1
721 5
722 0
723 3
724 3
725 2
726 1
727 5
728 1
729 1
730 1
731 1
732 1
733 2
734 1
735 0
736 0
737 3
738 4
739 4
740 1
741 2
742 0
743 4
744 2
745 2
746 0
747 2
748 1
749 1
750 2
751 3
752 2
753 3
754 1
755 1
756 3
757 0
758 1
759 1
760 3
761 0
762 1
763 3
764 2
765 1
766 2
767 1
768 3
769 1
770 1
771 1
772 3
773 0
774 1
775 0
776 3
777 1
778 2
779 1
780 0
781 4
782 1
783 0
784 2
785 0
786 2
787 0
788 0
789 2
790 1
791 0
792 0
793 2
794 3
795 1
796 1
797 1
798 0
799 1
800 3
801 1
802 1
803 1
804 4
805 1
806 0
807 4
808 2
809 0
810 3
811 0
812 1
813 1
814 0
815 1
816 0
817 0
818 0
819 6
820 1
821 1
822 2
823 2
824 1
825 0
826 1
827 3
828 2
829 2
830 0
831 1
832 4
833 0
834 1
835 1
836 2
837 1
838 1
839 3
840 2
841 1
842 0
843 0
844 3
845 2
846 0
847 1
848 0
849 1
850 2
851 1
852 1
853 1
854 2
855 1
856 2
857 0
858 2
859 2
860 5
861 1
862 0
863 0
864 3
865 2
866 1
867 4
868 2
869 0
870 1
871 4
872 2
873 4
874 2
875 0
876 2
877 0
878 1
879 1
880 2
881 2
882 2
883 2
884 2
885 1
886 1
887 2
888 3
889 3
890 1
891 1
892 5
893 2
894 1
895 1
896 1
897 0
898 2
899 0
900 3
901 1
902 3
903 3
904 0
905 3
906 2
907 1
908 2
909 1
910 2
911 2
912 2
913 3
914 1
915 2
916 1
917 1
918 0
919 3
920 0
921 2
922 3
923 5
924 2
925 1
926 0
927 2
928 2
929 0
930 4
931 3
932 4
933 2
934 1
935 1
936 1
937 2
938 2
939 2
940 1
941 1
942 3
943 1
944 1
945 1
946 3
947 2
948 2
949 1
950 1
951 1
952 2
953 2
954 2
955 5
956 3
957 0
958 1
959 2
960 0
961 2
962 1
963 1
964 2
965 3
966 1
967 2
968 2
969 0
970 5
971 3
972 0
973 2
974 0
975 3
976 3
977 2
978 1
979 1
980 1
981 4
982 1
983 1
984 1
985 2
986 3
987 1
988 1
989 2
990 4
991 4
992 2
993 1
994 1
995 4
996 1
997 5
998 2
999 1
1000 0
1001 3
1002 0
1003 3
1004 3
1005 2
1006 2
1007 1
1008 5
1009 2
1010 0
1011 3
1012 3
1013 4
1014 1
1015 3
1016 3
1017 3
1018 0
1019 2
1020 1
1021 3
1022 1
1023 0
1024 0
1025 3
1026 2
1027 2
1028 1
1029 1
1030 1
1031 2
1032 1
1033 0
1034 0
1035 1
1036 2
1037 2
1038 1
1039 6
1040 1
1041 0
1042 2
1043 0
1044 2
1045 2
1046 3
1047 3
1048 0
1049 3
1050 2
1051 2
1052 4
1053 5
1054 3
1055 4
1056 1
1057 2
1058 4
1059 2
1060 1
1061 5
1062 2
1063 1
1064 4
1065 2
1066 2
1067 4
1068 2
1069 5
1070 0
1071 0
1072 3
1073 3
1074 0
1075 0
1076 0
1077 1
1078 2
1079 1
1080 2
1081 4
1082 1
1083 3
1084 2
1085 4
1086 3
1087 6
1088 1
1089 2
1090 1
1091 2
1092 3
1093 5
1094 7
1095 2
1096 2
1097 2
1098 4
1099 0
1100 2
1101 4
1102 4
1103 1
1104 1
1105 3
1106 6
1107 4
1108 2
1109 5
1110 0
1111 0
1112 2
1113 5
1114 2
1115 2
1116 6
1117 5
1118 2
1119 2
1120 4
1121 3
1122 1
1123 3
1124 1
1125 1
1126 4
1127 4
1128 3
1129 4
1130 4
1131 0
1132 7
1133 6
1134 1
1135 2
1136 2
1137 2
1138 1
1139 2
1140 2
1141 4
1142 6
1143 5
1144 5
1145 2
1146 3
1147 0
1148 2
1149 6
1150 5
1151 2
1152 2
1153 4
1154 3
1155 1
1156 1
1157 5
1158 3
1159 2
1160 4
1161 4
1162 7
1163 2
1164 2
1165 5
1166 4
1167 4
1168 5
1169 2
1170 1
1171 1
1172 2
1173 1
1174 2
1175 4
1176 4
1177 7
1178 4
1179 1
1180 3
1181 1
1182 2
1183 7
1184 2
1185 2
1186 3
1187 2
1188 6
1189 3
1190 2
1191 4
1192 3
1193 2
1194 4
1195 4
1196 1
1197 3
1198 3
1199 3
1200 2
1201 3
1202 2
1203 5
1204 3
1205 2
1206 3
1207 1
1208 1
1209 3
1210 0
1211 0
1212 4
1213 1
1214 2
1215 2
1216 3
1217 4
1218 0
1219 1
1220 5
1221 3
1222 0
1223 5
1224 6
1225 5
1226 4
1227 3
1228 0
1229 4
1230 3
1231 1
1232 3
1233 8
1234 6
1235 2
1236 1
1237 0
1238 6
1239 4
1240 1
1241 2
1242 2
1243 2
1244 5
1245 2
1246 1
1247 5
1248 3
1249 8
1250 5
1251 1
1252 5
1253 3
1254 7
1255 1
1256 6
1257 3
1258 3
1259 3
1260 3
1261 4
1262 2
1263 6
1264 8
1265 5
1266 3
1267 4
1268 6
1269 4
1270 7
1271 6
1272 3
1273 3
1274 2
1275 3
1276 1
1277 8
1278 5
1279 4
1280 2
1281 7
1282 8
1283 4
1284 4
1285 5
1286 0
1287 7
1288 7
1289 1
1290 4
1291 5
1292 5
1293 3
1294 5
1295 13
1296 6
1297 3
1298 6
1299 6
1300 5
1301 5
1302 4
1303 3
1304 10
1305 3
1306 8
1307 3
1308 5
1309 4
1310 4
1311 4
1312 4
1313 3
1314 1
1315 1
1316 3
1317 4
1318 2
1319 2
1320 4
1321 4
1322 2
1323 3
1324 8
1325 4
1326 9
1327 2
1328 3
1329 2
1330 5
1331 5
1332 2
1333 2
1334 6
1335 5
1336 3
1337 2
1338 1
1339 3
1340 6
1341 2
1342 6
1343 0
1344 5
1345 1
1346 3
1347 5
1348 3
1349 5
1350 6
1351 5
1352 2
1353 4
1354 4
1355 4
1356 4
1357 3
1358 5
1359 6
1360 2
1361 4
1362 4
1363 1
1364 6
1365 4
1366 4
1367 2
1368 6
1369 1
1370 2
1371 5
1372 3
1373 4
1374 8
1375 4
1376 3
1377 1
1378 3
1379 3
1380 1
1381 4
1382 3
1383 3
1384 1
1385 3
1386 6
1387 2
1388 2
1389 1
1390 1
1391 3
1392 5
1393 5
1394 5
1395 2
1396 4
1397 5
1398 3
1399 3
1400 1
1401 5
1402 3
1403 0
1404 1
1405 3
1406 7
1407 2
1408 3
1409 4
1410 5
1411 4
1412 2
1413 5
1414 3
1415 4
1416 10
1417 3
1418 3
1419 3
1420 5
1421 5
1422 6
1423 4
1424 6
1425 4
1426 3
1427 3
1428 4
1429 1
1430 1
1431 5
1432 2
1433 3
1434 6
1435 4
1436 4
1437 8
1438 2
1439 4
1440 5
1441 6
1442 1
1443 4
1444 6
1445 4
1446 4
1447 9
1448 6
1449 5
1450 3
1451 5
1452 8
1453 7
1454 7
1455 7
1456 4
1457 5
1458 3
1459 8
1460 4
1461 8
1462 6
1463 2
1464 5
1465 7
1466 4
1467 5
1468 2
1469 6
1470 7
1471 4
1472 5
1473 5
1474 4
1475 6
1476 3
1477 6
1478 7
1479 5
1480 3
1481 1
1482 2
1483 5
1484 7
1485 4
1486 4
1487 3
1488 1
1489 4
1490 1
1491 3
1492 4
1493 4
1494 4
1495 4
1496 6
1497 2
1498 3
1499 6
1500 2
1501 3
1502 2
1503 4
1504 4
1505 4
1506 3
1507 5
1508 4
1509 3
1510 3
1511 2
1512 2
1513 1
1514 0
1515 0
1516 3
1517 3
1518 1
1519 0
1520 1
1521 2
1522 1
1523 1
1524 1
1525 2
1526 3
1527 3
1528 1
1529 3
1530 0
1531 1
1532 0
1533 3
1534 2
1535 2
1536 0
1537 1
1538 1
1539 0
1540 1
1541 3
1542 1
1543 0
1544 0
1545 2
1546 0
1547 4
1548 2
1549 3
1550 1
1551 3
1552 0
1553 0
1554 1
1555 1
1556 0
1557 0
1558 0
1559 2
1560 3
1561 0
1562 0
1563 2
1564 2
1565 1
1566 0
1567 1
1568 3
1569 0
1570 1
1571 1
1572 0
1573 1
1574 0
1575 1
1576 0
1577 1
1578 2
1579 5
1580 1
1581 1
1582 1
1583 0
1584 0
1585 0
1586 1
1587 2
1588 1
1589 0
1590 0
1591 1
1592 2
1593 1
1594 2
1595 0
1596 0
1597 0
1598 3
1599 3
1600 2
1601 3
1602 2
1603 3
1604 1
1605 2
1606 0
1607 2
1608 1
1609 0
1610 1
1611 2
1612 2
1613 1
1614 2
1615 3
1616 1
1617 1
1618 0
1619 1
1620 1
1621 2
1622 0
1623 1
1624 1
1625 0
1626 3
1627 3
1628 4
1629 0
1630 3
1631 1
1632 1
1633 0
1634 1
1635 3
1636 0
1637 0
1638 1
1639 1
1640 1
1641 0
1642 1
1643 2
1644 1
1645 1
1646 2
1647 0
1648 0
1649 1
1650 0
1651 0
1652 1
1653 2
1654 2
1655 0
1656 1
1657 0
1658 2
1659 0
1660 1
1661 0
1662 2
1663 0
1664 0
1665 1
1666 1
1667 0
1668 0
1669 0
1670 1
1671 0
1672 1
1673 0
1674 0
1675 1
1676 0
1677 1
1678 1
1679 1
1680 1
1681 0
1682 0
1683 1
1684 1
1685 0
1686 0
1687 0
1688 0
1689 0
1690 0
1691 0
1692 0
1693 0
1694 1
1695 0
1696 1
1697 1
1698 0
1699 0
1700 1
1701 0
1702 0
1703 0
1704 0
1705 1
1706 0
1707 0
1708 0
1709 0
1710 0
1711 0
1712 0
1713 0
1714 0
1715 0
1716 0
1717 0
1718 0
1719 0
1720 1
1721 0
1722 0
1723 0
1724 0
1725 0
1726 0
1727 0
1728 0
1729 0
1730 0
1731 0
1732 0
1733 0
1734 0
1735 0
1736 0
1737 0
1738 0
1739 0
1740 0
1741 0
1742 0
1743 0
1744 0
1745 0
1746 1
1747 0
1748 0
1749 0
1750 0
1751 1
1752 1
1753 0
1754 1
1755 0
1756 0
1757 0
1758 0
1759 1
1760 0
1761 0
1762 0
1763 0
1764 0
1765 0
1766 0
1767 0
1768 0
1769 0
1770 0
1771 0
1772 0
1773 0
1774 0
1775 1
1776 0
1777 0
1778 0
1779 0
1780 0
1781 0
1782 0
1783 1
1784 0
1785 0
1786 0
1787 0
1788 0
1789 0
1790 0
1791 0
1792 0
1793 0
1794 0
1795 0
1796 0
1797 0
1798 0
1799 0
1800 0
1801 0
1802 1
1803 0
1804 1
1805 0
1806 0
1807 0
1808 0
1809 1
1810 1
1811 0
1812 0
1813 0
1814 0
1815 0
1816 0
1817 1
1818 0
1819 1
1820 0
1821 0
1822 0
1823 0
1824 0
1825 1
1826 0
1827 0
1828 1
1829 0
1830 0
1831 0
1832 0
1833 0
1834 0
1835 0
1836 0
1837 0
1838 0
1839 1
1840 0
1841 1
1842 0
1843 0
1844 0
1845 0
1846 1
1847 2
1848 0
1849 0
1850 0
1851 0
1852 1
1853 0
1854 0
1855 0
1856 2
1857 0
1858 0
1859 0
1860 1
1861 0
1862 0
1863 0
1864 0
1865 0
1866 0
1867 0
1868 0
1869 0
1870 0
1871 0
1872 0
1873 0
1874 0
1875 0
1876 0
1877 1
1878 0
1879 0
1880 0
1881 1
1882 0
1883 0
1884 0
1885 0
1886 0
1887 0
1888 0
1889 0
1890 0
1891 1
1892 0
1893 0
1894 0
1895 0
1896 0
1897 0
1898 0
1899 0
1900 0
1901 1
1902 0
1903 0
1904 0
1905 0
1906 1
1907 0
1908 0
1909 0
1910 0
1911 0
1912 1
1913 0
1914 0
1915 0
1916 0
1917 0
1918 0
1919 0
1920 0
1921 0
1922 0
1923 0
1924 0
1925 0
1926 1
1927 0
1928 0
1929 0
1930 0
1931 0
1932 0
1933 0
1934 0
1935 0
1936 0
1937 1
1938 0
1939 0
1940 1
1941 0
1942 0
1943 0
1944 0
1945 0
1946 0
1947 0
1948 0
1949 0
1950 0
1951 0
1952 0
1953 1
1954 0
1955 1
1956 0
1957 0
1958 0
1959 0
1960 0
1961 0
1962 0
1963 0
1964 0
1965 0
1966 1
1967 1
1968 0
1969 0
1970 0
1971 1
1972 0
1973 0
1974 0
1975 0
1976 0
1977 0
1978 0
1979 0
1980 0
1981 0
1982 0
1983 0
1984 0
1985 0
1986 0
1987 0
1988 0
1989 0
1990 1
1991 0
1992 0
1993 0
1994 0
1995 1
1996 0
1997 0
1998 0
1999 0
2000 0
2001 0
2002 0
2003 0
2004 0
2005 0
2006 1
2007 0
2008 0
2009 0
2010 1
2011 0
2012 0
2013 0
2014 1
2015 1
2016 0
2017 0
2018 1
2019 0
2020 0
2021 0
2022 0
2023 0
2024 0
2025 0
2026 0
2027 0
2028 1
2029 0
2030 0
2031 0
2032 0
2033 0
2034 0
2035 0
2036 0
2037 0
2038 0
2039 0
2040 0
2041 0
2042 0
2043 0
2044 0
2045 0
2046 0
2047 0
