# Dead time factor = 1.00000
0 0
1 0
2 0
3 0
4 0
5 0
6 0
7 0
8 0
9 0
10 0
11 0
12 0
13 0
14 0
15 0
16 0
17 0
18 0
19 0
20 1
21 21
22 31
23 40
24 27
25 41
26 39
27 33
28 35
29 38
30 48
31 40
32 39
33 43
34 48
35 34
36 52
37 47
38 44
39 49
40 36
41 47
42 52
43 46
44 54
45 64
46 74
47 97
48 110
49 137
50 165
51 184
52 173
53 145
54 130
55 97
56 77
57 58
58 73
59 48
60 45
61 54
62 45
63 35
64 35
65 33
66 45
67 24
68 32
69 37
70 24
71 40
72 24
73 19
74 28
75 31
76 35
77 35
78 28
79 36
80 29
81 37
82 43
83 42
84 38
85 33
86 45
87 44
88 35
89 43
90 31
91 40
92 43
93 34
94 36
95 32
96 36
97 29
98 27
99 31
100 25
101 30
102 28
103 25
104 26
105 21
106 25
107 29
108 32
109 25
110 30
111 30
112 25
113 32
114 22
115 28
116 19
117 23
118 25
119 23
120 21
121 27
122 29
123 21
124 22
125 28
126 25
127 29
128 22
129 30
130 24
131 18
132 19
133 33
134 15
135 22
136 21
137 19
138 20
139 11
140 24
141 21
142 23
143 25
144 18
145 15
146 18
147 22
148 22
149 19
150 17
151 24
152 19
153 10
154 21
155 22
156 22
157 20
158 29
159 16
160 26
161 37
162 37
163 37
164 47
165 38
166 39
167 39
168 46
169 36
170 56
171 32
172 38
173 45
174 45
175 47
176 32
177 33
178 21
179 36
180 22
181 24
182 20
183 24
184 25
185 18
186 23
187 17
188 16
189 18
190 13
191 16
192 20
193 18
194 12
195 17
196 21
197 19
198 20
199 17
200 13
201 18
202 12
203 12
204 21
205 14
206 23
207 14
208 22
209 10
210 16
211 14
212 14
213 15
214 16
215 20
216 24
217 13
218 19
219 7
220 19
221 18
222 21
223 20
224 12
225 19
226 16
227 8
228 19
229 17
230 19
231 10
232 10
233 15
234 19
235 15
236 16
237 16
238 16
239 19
240 15
241 15
242 19
243 16
244 17
245 18
246 8
247 10
248 17
249 14
250 11
251 19
252 12
253 18
254 14
255 13
256 17
257 9
258 15
259 15
260 16
261 16
262 16
263 16
264 15
265 16
266 12
267 12
268 16
269 14
270 17
271 12
272 16
273 8
274 13
275 12
276 15
277 24
278 13
279 23
280 13
281 13
282 12
283 18
284 8
285 11
286 10
287 17
288 10
289 14
290 8
291 17
292 10
293 10
294 19
295 16
296 13
297 11
298 13
299 14
300 11
301 14
302 17
303 16
304 12
305 14
306 15
307 20
308 14
309 15
310 9
311 18
312 14
313 13
314 14
315 10
316 16
317 14
318 14
319 15
320 21
321 16
322 16
323 14
324 7
325 17
326 15
327 14
328 13
329 14
330 15
331 11
332 13
333 13
334 11
335 19
336 11
337 6
338 10
339 11
340 14
341 11
342 14
343 14
344 11
345 14
346 19
347 7
348 13
349 20
350 14
351 23
352 15
353 15
354 14
355 15
356 15
357 9
358 10
359 12
360 14
361 10
362 14
363 16
364 16
365 5
366 15
367 15
368 14
369 13
370 12
371 8
372 7
373 9
374 12
375 10
376 14
377 14
378 13
379 5
380 12
381 6
382 13
383 19
384 9
385 12
386 10
387 15
388 13
389 11
390 11
391 16
392 8
393 12
394 6
395 5
396 12
397 12
398 8
399 7
400 13
401 9
402 13
403 15
404 10
405 7
406 9
407 9
408 12
409 8
410 8
411 8
412 9
413 14
414 8
415 9
416 9
417 12
418 15
419 11
420 8
421 9
422 15
423 8
424 12
425 11
426 7
427 13
428 11
429 10
430 5
431 16
432 11
433 8
434 13
435 10
436 5
437 9
438 6
439 12
440 8
441 12
442 12
443 7
444 15
445 13
446 12
447 5
448 6
449 8
450 13
451 15
452 9
453 12
454 11
455 9
456 11
457 9
458 15
459 6
460 10
461 7
462 7
463 11
464 10
465 11
466 4
467 10
468 9
469 14
470 9
471 15
472 12
473 7
474 14
475 15
476 6
477 14
478 9
479 8
480 6
481 9
482 12
483 7
484 10
485 13
486 10
487 9
488 13
489 4
490 12
491 6
492 8
493 14
494 10
495 6
496 9
497 15
498 9
499 10
500 6
501 7
502 6
503 9
504 17
505 11
506 10
507 8
508 5
509 12
510 5
511 15
512 9
513 8
514 11
515 9
516 7
517 6
518 8
519 12
520 21
521 10
522 9
523 11
524 8
525 10
526 6
527 6
528 10
529 13
530 6
531 8
532 13
533 13
534 13
535 12
536 19
537 8
538 5
539 8
540 11
541 13
542 7
543 11
544 6
545 11
546 12
547 11
548 10
549 11
550 10
551 12
552 13
553 7
554 13
555 5
556 9
557 10
558 9
559 10
560 12
561 8
562 9
563 13
564 14
565 10
566 13
567 8
568 13
569 10
570 14
571 16
572 13
573 10
574 13
575 7
576 9
577 6
578 14
579 8
580 5
581 10
582 10
583 10
584 10
585 13
586 11
587 14
588 17
589 13
590 8
591 12
592 10
593 6
594 4
595 6
596 7
597 14
598 8
599 4
600 14
601 6
602 8
603 13
604 8
605 8
606 8
607 11
608 11
609 11
610 9
611 14
612 6
613 12
614 5
615 4
616 22
617 12
618 9
619 16
620 11
621 9
622 8
623 7
624 6
625 10
626 11
627 14
628 15
629 10
630 16
631 10
632 10
633 16
634 11
635 6
636 9
637 13
638 14
639 12
640 11
641 8
642 12
643 12
644 8
645 10
646 12
647 11
648 6
649 6
650 7
651 13
652 9
653 11
654 12
655 16
656 10
657 14
658 10
659 5
660 10
661 15
662 12
663 8
664 9
665 3
666 8
667 8
668 4
669 12
670 14
671 11
672 15
673 7
674 10
675 11
676 12
677 8
678 13
679 9
680 9
681 14
682 7
683 6
684 10
685 13
686 5
687 12
688 8
689 10
690 14
691 12
692 12
693 6
694 15
695 8
696 11
697 13
698 9
699 11
700 15
701 8
702 10
703 12
704 14
705 6
706 8
707 16
708 8
709 12
710 9
711 9
712 11
713 11
714 8
715 7
716 10
717 7
718 16
719 7
720 6
721 5
722 12
723 17
724 9
725 12
726 16
727 14
728 9
729 16
730 9
731 5
732 12
733 8
734 11
735 9
736 7
737 13
738 4
739 17
740 15
741 13
742 9
743 12
744 9
745 12
746 11
747 23
748 11
749 7
750 9
751 13
752 14
753 16
754 10
755 9
756 16
757 12
758 15
759 6
760 13
761 16
762 14
763 12
764 8
765 7
766 9
767 9
768 11
769 10
770 16
771 13
772 13
773 6
774 12
775 10
776 8
777 11
778 11
779 9
780 12
781 15
782 9
783 10
784 7
785 19
786 6
787 10
788 9
789 10
790 12
791 14
792 10
793 15
794 11
795 13
796 10
797 7
798 6
799 10
800 19
801 11
802 16
803 12
804 15
805 10
806 14
807 15
808 18
809 10
810 5
811 11
812 9
813 11
814 12
815 10
816 11
817 13
818 8
819 15
820 14
821 16
822 13
823 10
824 13
825 6
826 15
827 8
828 11
829 9
830 19
831 8
832 19
833 10
834 12
835 15
836 11
837 9
838 12
839 14
840 12
841 13
842 13
843 10
844 8
845 10
846 20
847 12
848 12
849 9
850 10
851 17
852 15
853 20
854 15
855 18
856 12
857 18
858 8
859 13
860 10
861 14
862 13
863 12
864 10
865 17
866 14
867 15
868 12
869 13
870 11
871 10
872 8
873 11
874 14
875 10
876 16
877 7
878 12
879 14
880 5
881 10
882 13
883 18
884 9
885 15
886 8
887 6
888 11
889 14
890 14
891 14
892 11
893 13
894 12
895 12
896 8
897 14
898 13
899 10
900 13
901 11
902 11
903 9
904 10
905 10
906 10
907 9
908 16
909 12
910 12
911 12
912 6
913 12
914 13
915 11
916 12
917 9
918 13
919 9
920 7
921 6
922 17
923 18
924 18
925 14
926 11
927 12
928 16
929 15
930 18
931 11
932 13
933 18
934 15
935 11
936 14
937 10
938 18
939 17
940 15
941 16
942 11
943 14
944 11
945 14
946 12
947 19
948 19
949 17
950 11
951 10
952 18
953 15
954 6
955 11
956 15
957 7
958 11
959 18
960 6
961 14
962 9
963 5
964 13
965 12
966 16
967 9
968 17
969 19
970 21
971 18
972 16
973 15
974 12
975 13
976 15
977 13
978 12
979 11
980 11
981 14
982 12
983 11
984 10
985 18
986 17
987 8
988 9
989 23
990 14
991 12
992 12
993 16
994 22
995 14
996 13
997 10
998 9
999 14
1000 18
1001 10
1002 18
1003 14
1004 13
1005 14
1006 14
1007 12
1008 16
1009 13
1010 10
1011 20
1012 12
1013 15
1014 10
1015 12
1016 12
1017 13
1018 11
1019 12
1020 5
1021 12
1022 16
1023 16
1024 14
1025 17
1026 14
1027 9
1028 18
1029 16
1030 9
1031 9
1032 17
1033 14
1034 10
1035 14
1036 13
1037 12
1038 15
1039 16
1040 12
1041 11
1042 13
1043 16
1044 16
1045 14
1046 15
1047 17
1048 16
1049 17
1050 17
1051 10
1052 22
1053 14
1054 13
1055 21
1056 23
1057 17
1058 9
1059 11
1060 19
1061 15
1062 11
1063 17
1064 22
1065 19
1066 21
1067 16
1068 13
1069 12
1070 20
1071 12
1072 11
1073 20
1074 31
1075 19
1076 13
1077 26
1078 14
1079 16
1080 21
1081 20
1082 27
1083 22
1084 14
1085 25
1086 30
1087 15
1088 18
1089 17
1090 21
1091 17
1092 19
1093 12
1094 14
1095 21
1096 33
1097 24
1098 19
1099 23
1100 27
1101 14
1102 30
1103 21
1104 25
1105 23
1106 26
1107 20
1108 18
1109 22
1110 28
1111 28
1112 20
1113 20
1114 24
1115 16
1116 29
1117 19
1118 18
1119 22
1120 23
1121 26
1122 16
1123 28
1124 30
1125 18
1126 34
1127 15
1128 20
1129 20
1130 13
1131 27
1132 29
1133 27
1134 20
1135 15
1136 22
1137 28
1138 23
1139 27
1140 26
1141 21
1142 25
1143 33
1144 11
1145 19
1146 25
1147 22
1148 26
1149 30
1150 19
1151 22
1152 25
1153 24
1154 26
1155 25
1156 25
1157 27
1158 37
1159 22
1160 27
1161 28
1162 23
1163 23
1164 25
1165 16
1166 19
1167 28
1168 21
1169 25
1170 21
1171 23
1172 25
1173 23
1174 24
1175 20
1176 29
1177 29
1178 23
1179 15
1180 16
1181 24
1182 21
1183 29
1184 21
1185 23
1186 21
1187 18
1188 30
1189 23
1190 28
1191 21
1192 21
1193 19
1194 23
1195 26
1196 29
1197 26
1198 20
1199 24
1200 22
1201 29
1202 25
1203 25
1204 22
1205 22
1206 15
1207 12
1208 25
1209 17
1210 26
1211 23
1212 18
1213 19
1214 28
1215 27
1216 33
1217 32
1218 18
1219 24
1220 28
1221 22
1222 19
1223 31
1224 25
1225 31
1226 27
1227 32
1228 27
1229 25
1230 34
1231 34
1232 22
1233 24
1234 27
1235 32
1236 23
1237 22
1238 31
1239 30
1240 28
1241 22
1242 28
1243 33
1244 40
1245 20
1246 41
1247 23
1248 29
1249 18
1250 41
1251 31
1252 36
1253 35
1254 30
1255 40
1256 35
1257 42
1258 33
1259 28
1260 30
1261 35
1262 30
1263 44
1264 34
1265 39
1266 39
1267 33
1268 39
1269 41
1270 37
1271 33
1272 46
1273 36
1274 45
1275 54
1276 37
1277 35
1278 43
1279 36
1280 38
1281 27
1282 45
1283 28
1284 35
1285 34
1286 39
1287 40
1288 44
1289 37
1290 45
1291 47
1292 40
1293 37
1294 31
1295 40
1296 36
1297 34
1298 41
1299 44
1300 42
1301 49
1302 37
1303 39
1304 37
1305 33
1306 38
1307 40
1308 42
1309 38
1310 46
1311 60
1312 34
1313 35
1314 41
1315 46
1316 41
1317 42
1318 36
1319 43
1320 45
1321 28
1322 51
1323 41
1324 43
1325 38
1326 40
1327 35
1328 37
1329 33
1330 53
1331 25
1332 26
1333 31
1334 38
1335 26
1336 31
1337 42
1338 32
1339 29
1340 27
1341 28
1342 32
1343 30
1344 28
1345 33
1346 21
1347 29
1348 24
1349 36
1350 29
1351 29
1352 32
1353 36
1354 33
1355 40
1356 35
1357 29
1358 23
1359 29
1360 20
1361 27
1362 25
1363 25
1364 18
1365 20
1366 25
1367 27
1368 23
1369 22
1370 21
1371 20
1372 33
1373 22
1374 24
1375 22
1376 27
1377 23
1378 31
1379 21
1380 18
1381 24
1382 25
1383 23
1384 31
1385 28
1386 16
1387 20
1388 24
1389 21
1390 31
1391 26
1392 27
1393 31
1394 23
1395 32
1396 35
1397 21
1398 22
1399 24
1400 28
1401 26
1402 22
1403 24
1404 31
1405 38
1406 30
1407 35
1408 34
1409 33
1410 31
1411 27
1412 29
1413 26
1414 41
1415 34
1416 31
1417 39
1418 24
1419 29
1420 43
1421 33
1422 36
1423 28
1424 25
1425 40
1426 39
1427 39
1428 37
1429 53
1430 37
1431 39
1432 35
1433 40
1434 43
1435 55
1436 33
1437 32
1438 45
1439 42
1440 48
1441 50
1442 33
1443 44
1444 45
1445 47
1446 37
1447 46
1448 44
1449 29
1450 47
1451 38
1452 39
1453 38
1454 40
1455 39
1456 48
1457 37
1458 41
1459 33
1460 42
1461 40
1462 44
1463 60
1464 37
1465 39
1466 51
1467 38
1468 39
1469 48
1470 42
1471 42
1472 47
1473 42
1474 32
1475 39
1476 45
1477 34
1478 31
1479 28
1480 25
1481 27
1482 22
1483 32
1484 42
1485 28
1486 29
1487 35
1488 28
1489 28
1490 37
1491 30
1492 34
1493 33
1494 34
1495 24
1496 36
1497 35
1498 25
1499 27
1500 24
1501 22
1502 25
1503 21
1504 20
1505 20
1506 22
1507 25
1508 23
1509 20
1510 19
1511 24
1512 25
1513 19
1514 16
1515 14
1516 21
1517 18
1518 19
1519 21
1520 11
1521 15
1522 11
1523 12
1524 18
1525 17
1526 21
1527 9
1528 19
1529 9
1530 10
1531 13
1532 16
1533 11
1534 13
1535 10
1536 6
1537 16
1538 13
1539 15
1540 9
1541 10
1542 11
1543 9
1544 8
1545 12
1546 9
1547 8
1548 11
1549 10
1550 11
1551 6
1552 13
1553 10
1554 4
1555 7
1556 15
1557 10
1558 8
1559 9
1560 5
1561 12
1562 7
1563 3
1564 6
1565 6
1566 5
1567 13
1568 14
1569 7
1570 7
1571 9
1572 9
1573 5
1574 7
1575 12
1576 10
1577 12
1578 10
1579 9
1580 12
1581 11
1582 7
1583 8
1584 11
1585 6
1586 3
1587 11
1588 9
1589 7
1590 13
1591 16
1592 12
1593 13
1594 9
1595 7
1596 7
1597 12
1598 12
1599 12
1600 10
1601 8
1602 10
1603 11
1604 7
1605 7
1606 9
1607 7
1608 13
1609 8
1610 5
1611 9
1612 9
1613 10
1614 8
1615 13
1616 9
1617 8
1618 9
1619 13
1620 10
1621 10
1622 12
1623 15
1624 10
1625 8
1626 9
1627 10
1628 13
1629 11
1630 8
1631 8
1632 11
1633 12
1634 7
1635 12
1636 9
1637 7
1638 7
1639 6
1640 8
1641 7
1642 7
1643 5
1644 12
1645 6
1646 7
1647 11
1648 6
1649 4
1650 4
1651 9
1652 6
1653 7
1654 7
1655 5
1656 4
1657 10
1658 5
1659 5
1660 6
1661 2
1662 9
1663 8
1664 6
1665 4
1666 4
1667 4
1668 3
1669 5
1670 4
1671 3
1672 1
1673 4
1674 3
1675 7
1676 4
1677 2
1678 3
1679 4
1680 1
1681 4
1682 2
1683 1
1684 2
1685 4
1686 1
1687 4
1688 0
1689 2
1690 0
1691 5
1692 1
1693 0
1694 0
1695 5
1696 4
1697 1
1698 1
1699 0
1700 1
1701 0
1702 1
1703 0
1704 3
1705 1
1706 1
1707 1
1708 0
1709 2
1710 2
1711 1
1712 1
1713 1
1714 2
1715 1
1716 2
1717 1
1718 1
1719 1
1720 0
1721 2
1722 1
1723 0
1724 1
1725 0
1726 1
1727 0
1728 1
1729 0
1730 1
1731 1
1732 0
1733 0
1734 0
1735 0
1736 1
1737 0
1738 0
1739 0
1740 0
1741 0
1742 1
1743 0
1744 0
1745 0
1746 0
1747 0
1748 0
1749 0
1750 0
1751 1
1752 0
1753 0
1754 0
1755 0
1756 1
1757 0
1758 0
1759 0
1760 0
1761 0
1762 0
1763 0
1764 1
1765 2
1766 0
1767 0
1768 0
1769 0
1770 0
1771 0
1772 0
1773 0
1774 0
1775 0
1776 0
1777 0
1778 1
1779 1
1780 0
1781 1
1782 0
1783 0
1784 0
1785 0
1786 0
1787 0
1788 0
1789 2
1790 0
1791 1
1792 0
1793 0
1794 1
1795 0
1796 0
1797 0
1798 0
1799 0
1800 0
1801 1
1802 0
1803 1
1804 0
1805 0
1806 0
1807 1
1808 0
1809 2
1810 0
1811 1
1812 0
1813 1
1814 2
1815 1
1816 0
1817 0
1818 0
1819 2
1820 1
1821 1
1822 0
1823 0
1824 1
1825 0
1826 0
1827 0
1828 1
1829 0
1830 0
1831 1
1832 0
1833 0
1834 1
1835 1
1836 0
1837 0
1838 0
1839 0
1840 0
1841 0
1842 0
1843 2
1844 0
1845 0
1846 0
1847 2
1848 0
1849 0
1850 1
1851 0
1852 0
1853 0
1854 0
1855 1
1856 1
1857 1
1858 0
1859 0
1860 1
1861 0
1862 1
1863 0
1864 0
1865 2
1866 0
1867 0
1868 2
1869 0
1870 1
1871 1
1872 0
1873 1
1874 0
1875 0
1876 1
1877 1
1878 0
1879 0
1880 0
1881 0
1882 1
1883 2
1884 0
1885 0
1886 0
1887 1
1888 0
1889 0
1890 0
1891 1
1892 0
1893 0
1894 0
1895 0
1896 0
1897 0
1898 0
1899 0
1900 1
1901 0
1902 0
1903 0
1904 0
1905 0
1906 0
1907 0
1908 0
1909 1
1910 0
1911 0
1912 0
1913 0
1914 1
1915 0
1916 1
1917 0
1918 1
1919 0
1920 0
1921 0
1922 0
1923 0
1924 1
1925 0
1926 0
1927 0
1928 0
1929 0
1930 1
1931 0
1932 0
1933 2
1934 0
1935 0
1936 0
1937 1
1938 0
1939 0
1940 2
1941 0
1942 1
1943 0
1944 0
1945 0
1946 0
1947 0
1948 1
1949 0
1950 1
1951 0
1952 0
1953 1
1954 0
1955 1
1956 0
1957 0
1958 0
1959 0
1960 0
1961 0
1962 0
1963 0
1964 0
1965 0
1966 0
1967 1
1968 0
1969 0
1970 0
1971 0
1972 0
1973 1
1974 0
1975 0
1976 2
1977 0
1978 0
1979 0
1980 0
1981 0
1982 0
1983 0
1984 0
1985 1
1986 0
1987 0
1988 0
1989 0
1990 0
1991 0
1992 1
1993 0
1994 0
1995 0
1996 1
1997 0
1998 2
1999 1
2000 0
2001 0
2002 1
2003 0
2004 1
2005 0
2006 0
2007 1
2008 0
2009 1
2010 1
2011 0
2012 0
2013 1
2014 1
2015 0
2016 0
2017 0
2018 0
2019 1
2020 0
2021 1
2022 0
2023 0
2024 1
2025 0
2026 1
2027 0
2028 0
2029 0
2030 0
2031 0
2032 0
2033 0
2034 0
2035 0
2036 0
2037 0
2038 0
2039 0
2040 0
2041 0
2042 0
2043 0
2044 0
2045 0
2046 0
2047 0
