# Dead time factor = 1.00000
0 0
1 0
2 0
3 0
4 0
5 0
6 0
7 0
8 0
9 0
10 0
11 0
12 0
13 0
14 0
15 0
16 0
17 0
18 0
19 0
20 0
21 9
22 10
23 18
24 13
25 12
26 15
27 16
28 16
29 22
30 17
31 14
32 15
33 27
34 25
35 35
36 30
37 29
38 25
39 29
40 28
41 19
42 15
43 18
44 23
45 27
46 38
47 54
48 86
49 94
50 124
51 124
52 149
53 122
54 82
55 81
56 53
57 43
58 31
59 21
60 16
61 9
62 14
63 13
64 8
65 10
66 8
67 15
68 15
69 11
70 12
71 6
72 7
73 6
74 8
75 8
76 10
77 7
78 6
79 7
80 6
81 5
82 9
83 6
84 8
85 11
86 8
87 11
88 11
89 11
90 6
91 8
92 6
93 11
94 4
95 11
96 16
97 9
98 5
99 5
100 5
101 6
102 5
103 7
104 4
105 6
106 12
107 6
108 6
109 7
110 4
111 11
112 3
113 8
114 3
115 3
116 6
117 6
118 8
119 7
120 1
121 4
122 5
123 4
124 2
125 5
126 4
127 7
128 1
129 3
130 4
131 5
132 5
133 9
134 6
135 4
136 7
137 4
138 6
139 5
140 7
141 6
142 5
143 6
144 2
145 5
146 4
147 4
148 0
149 4
150 2
151 4
152 5
153 4
154 5
155 7
156 7
157 5
158 7
159 3
160 2
161 5
162 8
163 6
164 12
165 6
166 7
167 15
168 11
169 10
170 8
171 6
172 8
173 19
174 12
175 11
176 7
177 7
178 7
179 2
180 8
181 3
182 7
183 4
184 7
185 4
186 5
187 3
188 9
189 3
190 6
191 4
192 4
193 6
194 4
195 4
196 4
197 5
198 4
199 5
200 1
201 4
202 1
203 3
204 5
205 6
206 2
207 6
208 4
209 4
210 1
211 1
212 2
213 3
214 3
215 7
216 8
217 7
218 4
219 3
220 9
221 5
222 4
223 6
224 2
225 1
226 4
227 1
228 2
229 3
230 4
231 3
232 4
233 5
234 4
235 7
236 4
237 2
238 1
239 0
240 5
241 2
242 1
243 3
244 0
245 5
246 4
247 3
248 6
249 1
250 3
251 1
252 3
253 5
254 3
255 2
256 3
257 2
258 2
259 2
260 3
261 3
262 2
263 8
264 5
265 1
266 1
267 2
268 3
269 1
270 4
271 2
272 6
273 3
274 2
275 1
276 5
277 2
278 3
279 1
280 3
281 2
282 9
283 4
284 3
285 3
286 0
287 2
288 2
289 1
290 6
291 3
292 3
293 1
294 4
295 1
296 3
297 2
298 3
299 5
300 4
301 1
302 3
303 0
304 0
305 5
306 5
307 4
308 4
309 5
310 1
311 1
312 4
313 5
314 5
315 5
316 4
317 2
318 2
319 5
320 3
321 1
322 2
323 3
324 1
325 2
326 0
327 1
328 1
329 1
330 5
331 2
332 0
333 1
334 2
335 1
336 5
337 2
338 5
339 3
340 4
341 1
342 3
343 2
344 9
345 2
346 6
347 1
348 2
349 3
350 1
351 3
352 1
353 5
354 2
355 3
356 1
357 6
358 5
359 2
360 4
361 5
362 3
363 4
364 3
365 2
366 1
367 1
368 2
369 2
370 3
371 2
372 4
373 3
374 6
375 2
376 4
377 2
378 1
379 3
380 5
381 1
382 0
383 2
384 1
385 1
386 1
387 1
388 2
389 2
390 4
391 4
392 1
393 2
394 3
395 3
396 5
397 3
398 2
399 4
400 1
401 4
402 1
403 1
404 0
405 5
406 1
407 0
408 1
409 4
410 2
411 0
412 2
413 3
414 3
415 4
416 1
417 2
418 5
419 0
420 4
421 0
422 3
423 2
424 1
425 2
426 6
427 2
428 1
429 3
430 2
431 2
432 2
433 3
434 3
435 2
436 1
437 4
438 5
439 4
440 5
441 1
442 2
443 1
444 2
445 2
446 1
447 2
448 3
449 2
450 5
451 3
452 1
453 1
454 3
455 1
456 3
457 1
458 3
459 2
460 2
461 3
462 1
463 0
464 2
465 2
466 2
467 2
468 1
469 1
470 5
471 1
472 4
473 3
474 3
475 1
476 4
477 2
478 1
479 0
480 2
481 3
482 3
483 6
484 2
485 3
486 7
487 1
488 0
489 4
490 1
491 1
492 1
493 0
494 4
495 3
496 0
497 3
498 3
499 4
500 0
501 1
502 2
503 5
504 1
505 6
506 5
507 1
508 0
509 4
510 0
511 4
512 1
513 2
514 0
515 4
516 0
517 2
518 2
519 4
520 3
521 1
522 2
523 3
524 0
525 1
526 1
527 4
528 3
529 1
530 2
531 2
532 4
533 2
534 0
535 3
536 3
537 0
538 6
539 3
540 3
541 2
542 2
543 4
544 3
545 2
546 4
547 1
548 3
549 4
550 1
551 5
552 0
553 2
554 1
555 2
556 4
557 1
558 1
559 0
560 2
561 5
562 0
563 5
564 1
565 3
566 2
567 1
568 1
569 0
570 3
571 3
572 2
573 1
574 5
575 4
576 4
577 0
578 0
579 3
580 0
581 3
582 2
583 3
584 2
585 3
586 1
587 1
588 1
589 2
590 3
591 1
592 1
593 1
594 3
595 1
596 3
597 5
598 3
599 3
600 2
601 2
602 3
603 3
604 2
605 3
606 3
607 2
608 0
609 2
610 4
611 1
612 2
613 3
614 6
615 5
616 2
617 1
618 3
619 3
620 2
621 2
622 2
623 3
624 2
625 3
626 1
627 2
628 5
629 3
630 5
631 1
632 1
633 2
634 2
635 2
636 5
637 2
638 7
639 1
640 1
641 1
642 2
643 3
644 0
645 1
646 2
647 2
648 3
649 2
650 1
651 2
652 0
653 2
654 2
655 2
656 3
657 6
658 0
659 2
660 2
661 2
662 2
663 0
664 0
665 1
666 4
667 2
668 3
669 2
670 0
671 1
672 2
673 1
674 2
675 1
676 2
677 1
678 0
679 2
680 1
681 4
682 1
683 4
684 1
685 0
686 3
687 3
688 1
689 2
690 3
691 3
692 4
693 0
694 3
695 2
696 4
697 3
698 3
699 1
700 2
701 2
702 0
703 1
704 2
705 2
706 0
707 4
708 2
709 1
710 3
711 4
712 1
713 4
714 3
715 4
716 0
717 3
718 0
719 1
720 2
721 2
722 3
723 2
724 4
725 4
726 2
727 1
728 2
729 2
730 2
731 2
732 1
733 3
734 2
735 4
736 2
737 3
738 4
739 2
740 3
741 1
742 3
743 4
744 1
745 2
746 0
747 3
748 3
749 2
750 3
751 4
752 6
753 2
754 4
755 3
756 5
757 2
758 3
759 4
760 2
761 3
762 3
763 2
764 1
765 2
766 2
767 1
768 2
769 2
770 2
771 2
772 3
773 7
774 3
775 1
776 2
777 0
778 1
779 5
780 2
781 3
782 1
783 3
784 2
785 2
786 4
787 2
788 0
789 3
790 1
791 0
792 2
793 3
794 2
795 2
796 5
797 5
798 2
799 0
800 2
801 4
802 0
803 2
804 3
805 1
806 4
807 1
808 4
809 1
810 6
811 2
812 2
813 0
814 1
815 0
816 3
817 1
818 1
819 0
820 4
821 2
822 3
823 3
824 0
825 2
826 5
827 2
828 3
829 2
830 1
831 7
832 3
833 2
834 4
835 1
836 3
837 3
838 3
839 2
840 4
841 2
842 2
843 4
844 1
845 0
846 2
847 2
848 4
849 2
850 3
851 5
852 1
853 2
854 4
855 3
856 1
857 2
858 2
859 2
860 2
861 3
862 3
863 5
864 3
865 1
866 4
867 6
868 8
869 3
870 1
871 1
872 6
873 4
874 4
875 1
876 2
877 3
878 1
879 2
880 2
881 3
882 3
883 2
884 0
885 2
886 4
887 2
888 5
889 0
890 2
891 5
892 1
893 2
894 3
895 1
896 5
897 3
898 3
899 2
900 4
901 1
902 2
903 5
904 2
905 4
906 0
907 2
908 2
909 2
910 2
911 3
912 4
913 3
914 5
915 7
916 2
917 6
918 1
919 2
920 5
921 1
922 2
923 1
924 3
925 2
926 5
927 2
928 2
929 4
930 1
931 2
932 5
933 3
934 2
935 0
936 2
937 4
938 2
939 0
940 1
941 4
942 5
943 3
944 1
945 2
946 2
947 1
948 2
949 3
950 5
951 3
952 3
953 3
954 2
955 4
956 4
957 3
958 3
959 3
960 2
961 5
962 7
963 3
964 3
965 5
966 3
967 2
968 4
969 2
970 2
971 5
972 3
973 7
974 3
975 2
976 1
977 1
978 3
979 2
980 5
981 2
982 4
983 3
984 10
985 1
986 2
987 5
988 5
989 2
990 3
991 2
992 1
993 1
994 0
995 3
996 3
997 3
998 2
999 3
1000 4
1001 4
1002 2
1003 3
1004 5
1005 5
1006 5
1007 0
1008 2
1009 0
1010 3
1011 4
1012 1
1013 3
1014 3
1015 1
1016 3
1017 3
1018 4
1019 6
1020 3
1021 7
1022 2
1023 3
1024 2
1025 3
1026 2
1027 3
1028 6
1029 5
1030 4
1031 3
1032 1
1033 2
1034 6
1035 2
1036 0
1037 3
1038 1
1039 0
1040 5
1041 2
1042 2
1043 2
1044 3
1045 2
1046 3
1047 4
1048 4
1049 5
1050 5
1051 1
1052 4
1053 6
1054 3
1055 5
1056 3
1057 3
1058 2
1059 5
1060 2
1061 4
1062 4
1063 3
1064 3
1065 4
1066 1
1067 3
1068 2
1069 4
1070 0
1071 6
1072 3
1073 5
1074 4
1075 2
1076 6
1077 4
1078 4
1079 1
1080 1
1081 4
1082 5
1083 6
1084 5
1085 6
1086 2
1087 4
1088 5
1089 8
1090 5
1091 1
1092 4
1093 5
1094 6
1095 4
1096 7
1097 7
1098 3
1099 10
1100 3
1101 4
1102 3
1103 3
1104 4
1105 2
1106 1
1107 7
1108 8
1109 7
1110 3
1111 3
1112 7
1113 2
1114 2
1115 7
1116 8
1117 4
1118 4
1119 5
1120 6
1121 5
1122 1
1123 7
1124 4
1125 10
1126 5
1127 7
1128 2
1129 3
1130 6
1131 3
1132 1
1133 4
1134 4
1135 6
1136 7
1137 4
1138 9
1139 3
1140 3
1141 8
1142 8
1143 7
1144 7
1145 7
1146 3
1147 3
1148 6
1149 3
1150 5
1151 7
1152 7
1153 5
1154 10
1155 5
1156 6
1157 9
1158 6
1159 8
1160 4
1161 7
1162 3
1163 8
1164 8
1165 5
1166 5
1167 6
1168 3
1169 2
1170 1
1171 8
1172 3
1173 3
1174 4
1175 6
1176 2
1177 7
1178 4
1179 9
1180 7
1181 8
1182 7
1183 5
1184 5
1185 6
1186 6
1187 3
1188 5
1189 5
1190 6
1191 10
1192 9
1193 2
1194 7
1195 3
1196 2
1197 2
1198 5
1199 2
1200 8
1201 7
1202 4
1203 4
1204 2
1205 6
1206 2
1207 5
1208 5
1209 5
1210 9
1211 8
1212 5
1213 4
1214 7
1215 6
1216 4
1217 4
1218 6
1219 4
1220 5
1221 7
1222 6
1223 6
1224 6
1225 6
1226 7
1227 8
1228 6
1229 8
1230 6
1231 6
1232 11
1233 6
1234 6
1235 4
1236 8
1237 11
1238 3
1239 7
1240 5
1241 5
1242 5
1243 6
1244 5
1245 7
1246 9
1247 3
1248 11
1249 11
1250 4
1251 12
1252 4
1253 5
1254 5
1255 0
1256 7
1257 10
1258 3
1259 5
1260 6
1261 10
1262 6
1263 10
1264 6
1265 6
1266 5
1267 5
1268 9
1269 8
1270 8
1271 6
1272 9
1273 4
1274 5
1275 11
1276 14
1277 5
1278 1
1279 5
1280 12
1281 4
1282 9
1283 7
1284 5
1285 5
1286 14
1287 6
1288 6
1289 10
1290 6
1291 9
1292 3
1293 8
1294 9
1295 10
1296 5
1297 8
1298 7
1299 7
1300 9
1301 5
1302 8
1303 4
1304 10
1305 10
1306 9
1307 9
1308 11
1309 7
1310 8
1311 19
1312 14
1313 10
1314 9
1315 15
1316 6
1317 7
1318 10
1319 4
1320 3
1321 6
1322 8
1323 10
1324 6
1325 9
1326 5
1327 7
1328 6
1329 9
1330 6
1331 5
1332 4
1333 10
1334 11
1335 6
1336 8
1337 6
1338 3
1339 10
1340 5
1341 3
1342 10
1343 5
1344 2
1345 6
1346 7
1347 7
1348 2
1349 9
1350 2
1351 7
1352 8
1353 10
1354 8
1355 9
1356 9
1357 10
1358 5
1359 2
1360 4
1361 6
1362 12
1363 6
1364 9
1365 2
1366 4
1367 5
1368 6
1369 4
1370 6
1371 8
1372 2
1373 6
1374 4
1375 3
1376 3
1377 7
1378 0
1379 5
1380 4
1381 3
1382 3
1383 4
1384 5
1385 3
1386 3
1387 2
1388 3
1389 7
1390 6
1391 6
1392 8
1393 6
1394 6
1395 2
1396 7
1397 7
1398 3
1399 5
1400 6
1401 6
1402 9
1403 6
1404 4
1405 6
1406 4
1407 8
1408 0
1409 7
1410 5
1411 10
1412 5
1413 5
1414 5
1415 6
1416 10
1417 8
1418 8
1419 5
1420 4
1421 11
1422 14
1423 7
1424 13
1425 6
1426 4
1427 7
1428 6
1429 11
1430 6
1431 3
1432 10
1433 12
1434 10
1435 9
1436 8
1437 5
1438 10
1439 4
1440 11
1441 13
1442 10
1443 8
1444 9
1445 7
1446 14
1447 5
1448 8
1449 1
1450 10
1451 6
1452 7
1453 12
1454 11
1455 11
1456 11
1457 12
1458 13
1459 10
1460 9
1461 8
1462 16
1463 5
1464 11
1465 10
1466 6
1467 6
1468 4
1469 5
1470 6
1471 5
1472 10
1473 8
1474 12
1475 5
1476 2
1477 5
1478 8
1479 10
1480 6
1481 11
1482 7
1483 7
1484 2
1485 4
1486 8
1487 8
1488 3
1489 7
1490 0
1491 4
1492 11
1493 4
1494 9
1495 5
1496 3
1497 8
1498 8
1499 4
1500 8
1501 7
1502 5
1503 8
1504 7
1505 6
1506 3
1507 5
1508 5
1509 8
1510 4
1511 9
1512 7
1513 3
1514 5
1515 3
1516 5
1517 2
1518 4
1519 4
1520 3
1521 4
1522 3
1523 1
1524 3
1525 3
1526 3
1527 5
1528 4
1529 2
1530 2
1531 4
1532 4
1533 6
1534 4
1535 5
1536 3
1537 1
1538 1
1539 5
1540 1
1541 0
1542 1
1543 2
1544 3
1545 1
1546 1
1547 1
1548 2
1549 1
1550 5
1551 2
1552 2
1553 1
1554 4
1555 1
1556 4
1557 2
1558 2
1559 1
1560 2
1561 1
1562 0
1563 0
1564 1
1565 0
1566 2
1567 1
1568 4
1569 0
1570 0
1571 0
1572 2
1573 1
1574 0
1575 1
1576 3
1577 2
1578 0
1579 3
1580 0
1581 1
1582 2
1583 0
1584 4
1585 3
1586 2
1587 3
1588 2
1589 2
1590 1
1591 1
1592 2
1593 0
1594 1
1595 3
1596 0
1597 2
1598 4
1599 1
1600 5
1601 0
1602 0
1603 1
1604 2
1605 3
1606 4
1607 2
1608 1
1609 2
1610 3
1611 1
1612 1
1613 2
1614 2
1615 2
1616 2
1617 4
1618 5
1619 3
1620 1
1621 3
1622 1
1623 1
1624 1
1625 2
1626 4
1627 2
1628 0
1629 1
1630 2
1631 2
1632 2
1633 3
1634 2
1635 1
1636 5
1637 3
1638 3
1639 3
1640 3
1641 2
1642 3
1643 0
1644 1
1645 0
1646 1
1647 5
1648 1
1649 1
1650 0
1651 3
1652 2
1653 1
1654 3
1655 2
1656 2
1657 3
1658 1
1659 2
1660 1
1661 1
1662 1
1663 3
1664 2
1665 2
1666 1
1667 1
1668 2
1669 0
1670 1
1671 3
1672 0
1673 0
1674 0
1675 1
1676 1
1677 3
1678 1
1679 1
1680 0
1681 0
1682 2
1683 1
1684 1
1685 0
1686 0
1687 0
1688 0
1689 0
1690 0
1691 0
1692 1
1693 0
1694 0
1695 1
1696 0
1697 1
1698 0
1699 0
1700 1
1701 0
1702 0
1703 1
1704 0
1705 1
1706 0
1707 0
1708 0
1709 0
1710 0
1711 0
1712 0
1713 4
1714 0
1715 1
1716 0
1717 0
1718 0
1719 0
1720 0
1721 0
1722 0
1723 0
1724 0
1725 0
1726 0
1727 0
1728 0
1729 1
1730 0
1731 0
1732 0
1733 0
1734 0
1735 0
1736 0
1737 0
1738 0
1739 0
1740 0
1741 0
1742 0
1743 0
1744 0
1745 0
1746 0
1747 1
1748 1
1749 1
1750 0
1751 0
1752 0
1753 0
1754 0
1755 0
1756 0
1757 0
1758 0
1759 0
1760 0
1761 0
1762 1
1763 0
1764 0
1765 1
1766 1
1767 0
1768 0
1769 0
1770 0
1771 0
1772 0
1773 0
1774 0
1775 0
1776 0
1777 0
1778 0
1779 0
1780 0
1781 0
1782 0
1783 0
1784 0
1785 0
1786 0
1787 0
1788 0
1789 0
1790 0
1791 0
1792 1
1793 0
1794 0
1795 1
1796 0
1797 0
1798 0
1799 0
1800 0
1801 0
1802 0
1803 0
1804 0
1805 0
1806 0
1807 0
1808 0
1809 0
1810 0
1811 1
1812 0
1813 0
1814 0
1815 0
1816 0
1817 0
1818 0
1819 1
1820 1
1821 0
1822 1
1823 0
1824 0
1825 1
1826 0
1827 0
1828 0
1829 0
1830 0
1831 0
1832 0
1833 0
1834 0
1835 0
1836 0
1837 1
1838 0
1839 1
1840 1
1841 0
1842 0
1843 0
1844 0
1845 1
1846 0
1847 0
1848 0
1849 0
1850 0
1851 0
1852 0
1853 0
1854 0
1855 0
1856 1
1857 1
1858 0
1859 0
1860 0
1861 0
1862 0
1863 0
1864 0
1865 0
1866 0
1867 1
1868 0
1869 0
1870 1
1871 0
1872 0
1873 0
1874 1
1875 1
1876 0
1877 0
1878 0
1879 0
1880 0
1881 0
1882 1
1883 0
1884 0
1885 0
1886 1
1887 1
1888 0
1889 0
1890 0
1891 0
1892 0
1893 0
1894 1
1895 0
1896 0
1897 0
1898 0
1899 1
1900 0
1901 0
1902 0
1903 0
1904 0
1905 0
1906 0
1907 0
1908 0
1909 0
1910 0
1911 0
1912 0
1913 0
1914 0
1915 0
1916 0
1917 0
1918 0
1919 0
1920 0
1921 0
1922 1
1923 0
1924 0
1925 0
1926 0
1927 0
1928 1
1929 0
1930 0
1931 0
1932 0
1933 0
1934 0
1935 0
1936 0
1937 0
1938 0
1939 0
1940 0
1941 0
1942 0
1943 1
1944 0
1945 0
1946 0
1947 0
1948 0
1949 0
1950 0
1951 0
1952 0
1953 0
1954 0
1955 0
1956 0
1957 0
1958 0
1959 1
1960 0
1961 0
1962 0
1963 0
1964 0
1965 0
1966 0
1967 0
1968 0
1969 0
1970 0
1971 0
1972 0
1973 0
1974 0
1975 0
1976 0
1977 0
1978 0
1979 0
1980 1
1981 0
1982 0
1983 0
1984 1
1985 0
1986 0
1987 2
1988 0
1989 0
1990 0
1991 0
1992 0
1993 0
1994 0
1995 0
1996 0
1997 1
1998 0
1999 0
2000 0
2001 0
2002 0
2003 1
2004 0
2005 0
2006 0
2007 0
2008 0
2009 1
2010 0
2011 0
2012 2
2013 0
2014 1
2015 0
2016 0
2017 0
2018 0
2019 0
2020 1
2021 0
2022 0
2023 1
2024 0
2025 0
2026 0
2027 0
2028 0
2029 0
2030 0
2031 0
2032 0
2033 0
2034 0
2035 0
2036 0
2037 0
2038 0
2039 0
2040 0
2041 0
2042 0
2043 0
2044 0
2045 0
2046 0
2047 0
