# Dead time factor = 1.00000
0 0
1 0
2 0
3 0
4 0
5 0
6 0
7 0
8 0
9 0
10 0
11 0
12 0
13 0
14 0
15 0
16 0
17 0
18 0
19 0
20 0
21 29
22 24
23 37
24 38
25 28
26 29
27 30
28 29
29 38
30 29
31 44
32 46
33 42
34 35
35 39
36 51
37 43
38 46
39 50
40 42
41 52
42 42
43 60
44 53
45 68
46 54
47 74
48 115
49 143
50 165
51 178
52 171
53 146
54 113
55 109
56 63
57 57
58 41
59 47
60 50
61 35
62 55
63 36
64 38
65 34
66 32
67 33
68 33
69 28
70 33
71 32
72 26
73 35
74 20
75 30
76 30
77 39
78 34
79 45
80 43
81 31
82 35
83 52
84 46
85 40
86 36
87 35
88 40
89 37
90 47
91 31
92 34
93 38
94 33
95 31
96 36
97 29
98 34
99 30
100 29
101 29
102 32
103 27
104 21
105 19
106 30
107 32
108 25
109 17
110 16
111 21
112 23
113 22
114 28
115 30
116 31
117 33
118 32
119 18
120 17
121 24
122 27
123 19
124 22
125 24
126 31
127 23
128 21
129 21
130 18
131 26
132 22
133 15
134 24
135 21
136 19
137 19
138 24
139 23
140 28
141 21
142 25
143 20
144 18
145 21
146 23
147 23
148 16
149 17
150 20
151 11
152 18
153 21
154 26
155 19
156 14
157 25
158 13
159 25
160 28
161 21
162 27
163 33
164 29
165 28
166 28
167 52
168 25
169 50
170 34
171 43
172 48
173 53
174 44
175 38
176 38
177 35
178 31
179 31
180 26
181 22
182 36
183 23
184 28
185 32
186 17
187 22
188 26
189 13
190 17
191 18
192 20
193 18
194 22
195 21
196 18
197 17
198 18
199 17
200 15
201 14
202 12
203 24
204 9
205 18
206 20
207 19
208 17
209 11
210 21
211 20
212 18
213 19
214 16
215 15
216 10
217 17
218 18
219 13
220 17
221 19
222 14
223 13
224 20
225 18
226 16
227 17
228 17
229 14
230 9
231 12
232 10
233 16
234 20
235 13
236 24
237 27
238 14
239 16
240 16
241 16
242 9
243 16
244 14
245 18
246 16
247 10
248 9
249 18
250 11
251 16
252 9
253 14
254 12
255 12
256 18
257 12
258 17
259 7
260 16
261 12
262 15
263 17
264 10
265 15
266 9
267 8
268 11
269 16
270 14
271 11
272 19
273 19
274 15
275 11
276 15
277 8
278 9
279 11
280 14
281 6
282 9
283 6
284 9
285 12
286 11
287 12
288 14
289 12
290 15
291 19
292 10
293 19
294 15
295 11
296 11
297 18
298 13
299 15
300 13
301 9
302 16
303 7
304 14
305 11
306 19
307 17
308 19
309 20
310 15
311 12
312 11
313 16
314 11
315 11
316 8
317 12
318 12
319 13
320 10
321 8
322 11
323 7
324 14
325 5
326 9
327 9
328 13
329 16
330 18
331 10
332 16
333 20
334 13
335 14
336 14
337 12
338 13
339 17
340 14
341 13
342 15
343 17
344 18
345 15
346 14
347 14
348 17
349 15
350 16
351 11
352 12
353 19
354 17
355 9
356 14
357 15
358 17
359 20
360 14
361 15
362 12
363 14
364 11
365 5
366 6
367 13
368 9
369 8
370 12
371 12
372 8
373 9
374 8
375 10
376 8
377 7
378 14
379 9
380 10
381 11
382 11
383 17
384 11
385 17
386 14
387 10
388 19
389 14
390 19
391 15
392 11
393 10
394 10
395 11
396 9
397 8
398 15
399 10
400 16
401 8
402 15
403 7
404 12
405 11
406 9
407 10
408 11
409 13
410 12
411 10
412 7
413 9
414 10
415 9
416 9
417 13
418 9
419 9
420 9
421 15
422 16
423 7
424 11
425 14
426 12
427 10
428 13
429 15
430 13
431 11
432 7
433 16
434 16
435 11
436 12
437 12
438 8
439 8
440 8
441 10
442 15
443 4
444 8
445 8
446 14
447 10
448 5
449 7
450 9
451 10
452 13
453 7
454 10
455 10
456 17
457 9
458 10
459 7
460 11
461 10
462 12
463 9
464 12
465 10
466 10
467 11
468 10
469 7
470 7
471 10
472 12
473 10
474 11
475 11
476 14
477 11
478 4
479 11
480 16
481 6
482 12
483 11
484 12
485 10
486 8
487 5
488 6
489 11
490 13
491 6
492 10
493 7
494 18
495 10
496 12
497 7
498 10
499 10
500 11
501 11
502 7
503 11
504 12
505 7
506 9
507 10
508 10
509 10
510 6
511 12
512 8
513 13
514 8
515 8
516 4
517 6
518 8
519 5
520 12
521 2
522 10
523 9
524 11
525 7
526 11
527 8
528 13
529 6
530 9
531 11
532 11
533 13
534 16
535 11
536 15
537 9
538 9
539 5
540 10
541 13
542 15
543 11
544 14
545 16
546 11
547 15
548 13
549 6
550 9
551 8
552 10
553 11
554 8
555 7
556 13
557 7
558 12
559 10
560 10
561 8
562 9
563 14
564 8
565 5
566 13
567 7
568 13
569 10
570 7
571 8
572 12
573 7
574 12
575 8
576 11
577 7
578 8
579 12
580 13
581 4
582 7
583 7
584 14
585 14
586 10
587 7
588 6
589 10
590 6
591 4
592 12
593 14
594 11
595 13
596 10
597 9
598 13
599 12
600 13
601 15
602 12
603 10
604 16
605 12
606 13
607 10
608 14
609 11
610 10
611 6
612 16
613 16
614 7
615 7
616 13
617 10
618 7
619 9
620 5
621 15
622 11
623 10
624 9
625 14
626 7
627 6
628 9
629 14
630 11
631 7
632 8
633 6
634 8
635 9
636 14
637 13
638 10
639 8
640 6
641 12
642 7
643 11
644 13
645 12
646 11
647 9
648 13
649 10
650 14
651 7
652 13
653 14
654 14
655 6
656 14
657 6
658 9
659 14
660 11
661 11
662 7
663 6
664 14
665 16
666 11
667 9
668 10
669 13
670 13
671 7
672 11
673 8
674 10
675 10
676 9
677 13
678 12
679 10
680 9
681 8
682 8
683 13
684 5
685 4
686 10
687 14
688 12
689 9
690 13
691 7
692 9
693 10
694 7
695 10
696 11
697 16
698 15
699 8
700 6
701 13
702 4
703 14
704 15
705 8
706 12
707 9
708 9
709 10
710 12
711 12
712 13
713 15
714 10
715 13
716 12
717 8
718 12
719 12
720 6
721 15
722 10
723 11
724 16
725 9
726 9
727 14
728 8
729 8
730 13
731 9
732 7
733 7
734 9
735 11
736 10
737 18
738 9
739 12
740 11
741 8
742 4
743 17
744 7
745 8
746 5
747 16
748 6
749 7
750 7
751 8
752 9
753 10
754 19
755 9
756 19
757 9
758 10
759 11
760 15
761 7
762 9
763 11
764 9
765 7
766 14
767 11
768 6
769 12
770 11
771 7
772 12
773 14
774 6
775 14
776 12
777 6
778 9
779 9
780 11
781 12
782 10
783 12
784 15
785 9
786 11
787 14
788 11
789 8
790 13
791 15
792 11
793 3
794 12
795 16
796 10
797 9
798 11
799 8
800 8
801 13
802 12
803 11
804 10
805 13
806 14
807 11
808 12
809 9
810 15
811 6
812 19
813 7
814 8
815 9
816 6
817 10
818 7
819 10
820 9
821 10
822 9
823 6
824 16
825 5
826 11
827 10
828 7
829 13
830 11
831 14
832 7
833 9
834 6
835 7
836 11
837 11
838 10
839 10
840 14
841 10
842 12
843 4
844 14
845 11
846 10
847 7
848 10
849 6
850 7
851 14
852 14
853 10
854 15
855 13
856 11
857 5
858 12
859 13
860 14
861 7
862 11
863 15
864 4
865 8
866 9
867 12
868 4
869 11
870 5
871 10
872 11
873 14
874 16
875 18
876 13
877 10
878 8
879 15
880 11
881 13
882 13
883 11
884 15
885 13
886 13
887 12
888 7
889 4
890 11
891 13
892 16
893 15
894 12
895 11
896 9
897 16
898 7
899 17
900 14
901 15
902 15
903 9
904 13
905 13
906 13
907 11
908 14
909 11
910 10
911 8
912 9
913 16
914 14
915 11
916 11
917 15
918 13
919 11
920 8
921 12
922 15
923 12
924 7
925 6
926 14
927 11
928 10
929 8
930 14
931 10
932 8
933 10
934 10
935 12
936 9
937 14
938 17
939 21
940 3
941 16
942 6
943 17
944 17
945 18
946 12
947 7
948 10
949 20
950 13
951 5
952 22
953 14
954 13
955 16
956 19
957 15
958 14
959 11
960 11
961 10
962 9
963 12
964 12
965 10
966 12
967 18
968 14
969 11
970 10
971 16
972 17
973 15
974 11
975 13
976 17
977 12
978 11
979 14
980 14
981 15
982 12
983 15
984 17
985 10
986 13
987 17
988 12
989 12
990 15
991 12
992 12
993 17
994 12
995 12
996 6
997 8
998 10
999 16
1000 17
1001 11
1002 20
1003 13
1004 13
1005 11
1006 15
1007 23
1008 13
1009 6
1010 14
1011 14
1012 12
1013 13
1014 9
1015 12
1016 12
1017 12
1018 10
1019 7
1020 11
1021 9
1022 10
1023 12
1024 13
1025 19
1026 10
1027 19
1028 16
1029 9
1030 16
1031 11
1032 15
1033 13
1034 12
1035 12
1036 13
1037 7
1038 15
1039 13
1040 18
1041 11
1042 25
1043 18
1044 15
1045 18
1046 12
1047 20
1048 16
1049 16
1050 15
1051 14
1052 15
1053 16
1054 13
1055 8
1056 23
1057 11
1058 22
1059 12
1060 14
1061 23
1062 30
1063 20
1064 16
1065 19
1066 21
1067 13
1068 18
1069 31
1070 9
1071 13
1072 28
1073 16
1074 12
1075 19
1076 21
1077 27
1078 16
1079 24
1080 21
1081 8
1082 14
1083 24
1084 24
1085 18
1086 20
1087 19
1088 13
1089 24
1090 24
1091 19
1092 20
1093 18
1094 30
1095 20
1096 24
1097 26
1098 21
1099 21
1100 16
1101 15
1102 26
1103 23
1104 22
1105 22
1106 17
1107 25
1108 23
1109 21
1110 26
1111 27
1112 15
1113 28
1114 24
1115 20
1116 22
1117 21
1118 26
1119 24
1120 26
1121 25
1122 24
1123 29
1124 31
1125 18
1126 24
1127 23
1128 23
1129 22
1130 22
1131 21
1132 24
1133 27
1134 30
1135 25
1136 22
1137 22
1138 21
1139 21
1140 35
1141 24
1142 19
1143 29
1144 31
1145 29
1146 20
1147 31
1148 27
1149 16
1150 25
1151 18
1152 23
1153 25
1154 23
1155 25
1156 29
1157 23
1158 25
1159 23
1160 25
1161 17
1162 22
1163 30
1164 20
1165 28
1166 32
1167 16
1168 22
1169 26
1170 15
1171 16
1172 22
1173 23
1174 14
1175 28
1176 25
1177 30
1178 24
1179 17
1180 17
1181 27
1182 23
1183 17
1184 24
1185 23
1186 24
1187 29
1188 22
1189 13
1190 23
1191 24
1192 22
1193 27
1194 25
1195 23
1196 20
1197 22
1198 21
1199 31
1200 31
1201 20
1202 27
1203 28
1204 18
1205 13
1206 23
1207 18
1208 24
1209 20
1210 23
1211 36
1212 19
1213 27
1214 27
1215 26
1216 21
1217 22
1218 23
1219 32
1220 20
1221 38
1222 25
1223 26
1224 27
1225 28
1226 36
1227 43
1228 36
1229 25
1230 21
1231 28
1232 35
1233 26
1234 30
1235 18
1236 22
1237 27
1238 27
1239 25
1240 37
1241 28
1242 28
1243 21
1244 35
1245 31
1246 29
1247 28
1248 40
1249 31
1250 43
1251 36
1252 29
1253 30
1254 35
1255 34
1256 32
1257 37
1258 42
1259 30
1260 34
1261 40
1262 37
1263 28
1264 43
1265 42
1266 38
1267 36
1268 35
1269 35
1270 29
1271 31
1272 42
1273 53
1274 39
1275 38
1276 32
1277 33
1278 35
1279 40
1280 37
1281 35
1282 37
1283 31
1284 42
1285 35
1286 41
1287 41
1288 50
1289 36
1290 49
1291 38
1292 43
1293 29
1294 45
1295 36
1296 29
1297 40
1298 44
1299 51
1300 34
1301 37
1302 40
1303 40
1304 42
1305 43
1306 44
1307 38
1308 31
1309 31
1310 32
1311 54
1312 41
1313 26
1314 50
1315 45
1316 38
1317 41
1318 47
1319 32
1320 24
1321 35
1322 35
1323 37
1324 48
1325 36
1326 42
1327 42
1328 34
1329 28
1330 39
1331 34
1332 34
1333 38
1334 40
1335 38
1336 39
1337 32
1338 34
1339 19
1340 37
1341 27
1342 31
1343 36
1344 43
1345 29
1346 30
1347 28
1348 24
1349 34
1350 30
1351 41
1352 27
1353 42
1354 26
1355 43
1356 23
1357 31
1358 36
1359 25
1360 23
1361 31
1362 30
1363 25
1364 33
1365 22
1366 24
1367 29
1368 17
1369 15
1370 22
1371 25
1372 19
1373 31
1374 16
1375 15
1376 24
1377 22
1378 25
1379 24
1380 24
1381 23
1382 25
1383 26
1384 22
1385 20
1386 21
1387 18
1388 30
1389 20
1390 23
1391 18
1392 20
1393 37
1394 34
1395 28
1396 24
1397 18
1398 36
1399 27
1400 30
1401 21
1402 30
1403 32
1404 23
1405 31
1406 38
1407 17
1408 43
1409 36
1410 36
1411 27
1412 33
1413 38
1414 34
1415 34
1416 31
1417 35
1418 46
1419 27
1420 26
1421 38
1422 41
1423 39
1424 37
1425 30
1426 40
1427 37
1428 45
1429 27
1430 23
1431 32
1432 24
1433 42
1434 37
1435 32
1436 31
1437 41
1438 55
1439 40
1440 36
1441 36
1442 48
1443 40
1444 46
1445 43
1446 37
1447 35
1448 50
1449 35
1450 37
1451 45
1452 40
1453 34
1454 43
1455 41
1456 37
1457 44
1458 36
1459 45
1460 42
1461 40
1462 39
1463 30
1464 43
1465 39
1466 38
1467 32
1468 37
1469 41
1470 47
1471 49
1472 38
1473 40
1474 45
1475 43
1476 35
1477 37
1478 44
1479 18
1480 37
1481 42
1482 37
1483 29
1484 34
1485 39
1486 29
1487 38
1488 36
1489 22
1490 31
1491 38
1492 35
1493 29
1494 31
1495 25
1496 21
1497 19
1498 22
1499 25
1500 27
1501 17
1502 21
1503 28
1504 22
1505 16
1506 26
1507 25
1508 21
1509 24
1510 13
1511 24
1512 18
1513 15
1514 27
1515 12
1516 20
1517 16
1518 15
1519 12
1520 9
1521 12
1522 13
1523 12
1524 15
1525 16
1526 14
1527 12
1528 16
1529 20
1530 15
1531 7
1532 12
1533 15
1534 10
1535 12
1536 14
1537 11
1538 8
1539 6
1540 7
1541 4
1542 8
1543 10
1544 10
1545 11
1546 2
1547 12
1548 8
1549 6
1550 9
1551 4
1552 6
1553 11
1554 6
1555 11
1556 8
1557 5
1558 7
1559 3
1560 9
1561 15
1562 6
1563 8
1564 11
1565 3
1566 6
1567 6
1568 4
1569 8
1570 5
1571 8
1572 8
1573 5
1574 8
1575 10
1576 8
1577 10
1578 4
1579 8
1580 11
1581 7
1582 6
1583 8
1584 8
1585 7
1586 5
1587 8
1588 1
1589 3
1590 5
1591 14
1592 12
1593 10
1594 9
1595 13
1596 6
1597 10
1598 10
1599 6
1600 11
1601 11
1602 6
1603 9
1604 17
1605 7
1606 5
1607 8
1608 12
1609 6
1610 9
1611 10
1612 15
1613 9
1614 10
1615 17
1616 6
1617 10
1618 9
1619 8
1620 6
1621 8
1622 4
1623 10
1624 9
1625 5
1626 17
1627 10
1628 12
1629 8
1630 15
1631 4
1632 6
1633 7
1634 16
1635 8
1636 10
1637 8
1638 8
1639 7
1640 7
1641 7
1642 8
1643 7
1644 6
1645 6
1646 4
1647 12
1648 5
1649 5
1650 6
1651 4
1652 10
1653 7
1654 5
1655 3
1656 5
1657 8
1658 4
1659 4
1660 13
1661 5
1662 5
1663 6
1664 3
1665 2
1666 5
1667 3
1668 3
1669 4
1670 7
1671 3
1672 0
1673 3
1674 4
1675 3
1676 2
1677 7
1678 1
1679 5
1680 0
1681 4
1682 0
1683 0
1684 4
1685 2
1686 1
1687 5
1688 2
1689 0
1690 1
1691 1
1692 0
1693 2
1694 2
1695 2
1696 1
1697 0
1698 1
1699 0
1700 1
1701 2
1702 0
1703 1
1704 2
1705 1
1706 0
1707 0
1708 1
1709 0
1710 1
1711 1
1712 0
1713 2
1714 1
1715 0
1716 1
1717 1
1718 1
1719 2
1720 0
1721 0
1722 1
1723 0
1724 1
1725 1
1726 1
1727 1
1728 0
1729 1
1730 0
1731 0
1732 1
1733 0
1734 0
1735 0
1736 0
1737 0
1738 1
1739 0
1740 0
1741 0
1742 0
1743 0
1744 0
1745 1
1746 0
1747 0
1748 0
1749 0
1750 1
1751 0
1752 1
1753 1
1754 0
1755 0
1756 0
1757 0
1758 0
1759 2
1760 0
1761 0
1762 0
1763 0
1764 0
1765 0
1766 0
1767 0
1768 0
1769 1
1770 1
1771 1
1772 0
1773 2
1774 0
1775 0
1776 0
1777 1
1778 0
1779 1
1780 0
1781 2
1782 0
1783 1
1784 1
1785 0
1786 0
1787 0
1788 0
1789 0
1790 0
1791 0
1792 0
1793 0
1794 0
1795 0
1796 0
1797 0
1798 0
1799 0
1800 0
1801 0
1802 0
1803 0
1804 0
1805 0
1806 0
1807 2
1808 1
1809 0
1810 0
1811 0
1812 0
1813 0
1814 1
1815 0
1816 0
1817 0
1818 0
1819 0
1820 1
1821 0
1822 0
1823 1
1824 0
1825 0
1826 0
1827 0
1828 0
1829 1
1830 0
1831 0
1832 0
1833 0
1834 0
1835 0
1836 1
1837 0
1838 0
1839 0
1840 1
1841 0
1842 0
1843 0
1844 0
1845 1
1846 1
1847 1
1848 0
1849 0
1850 0
1851 0
1852 0
1853 0
1854 1
1855 1
1856 0
1857 0
1858 0
1859 0
1860 0
1861 0
1862 0
1863 1
1864 0
1865 0
1866 0
1867 1
1868 0
1869 2
1870 0
1871 0
1872 0
1873 0
1874 0
1875 0
1876 0
1877 0
1878 0
1879 0
1880 2
1881 0
1882 0
1883 0
1884 1
1885 0
1886 0
1887 0
1888 1
1889 0
1890 0
1891 1
1892 0
1893 0
1894 0
1895 0
1896 0
1897 0
1898 0
1899 3
1900 0
1901 0
1902 0
1903 2
1904 0
1905 1
1906 0
1907 0
1908 0
1909 1
1910 1
1911 0
1912 0
1913 1
1914 0
1915 0
1916 0
1917 0
1918 1
1919 0
1920 0
1921 0
1922 0
1923 0
1924 1
1925 2
1926 0
1927 1
1928 0
1929 0
1930 0
1931 0
1932 0
1933 0
1934 0
1935 0
1936 0
1937 0
1938 0
1939 1
1940 0
1941 0
1942 0
1943 1
1944 0
1945 0
1946 1
1947 0
1948 0
1949 0
1950 0
1951 0
1952 0
1953 0
1954 0
1955 1
1956 0
1957 0
1958 0
1959 0
1960 0
1961 0
1962 0
1963 0
1964 0
1965 0
1966 0
1967 0
1968 0
1969 0
1970 0
1971 0
1972 0
1973 1
1974 0
1975 0
1976 2
1977 0
1978 0
1979 0
1980 1
1981 0
1982 0
1983 0
1984 2
1985 1
1986 0
1987 0
1988 0
1989 0
1990 0
1991 2
1992 0
1993 0
1994 0
1995 0
1996 0
1997 0
1998 0
1999 1
2000 0
2001 0
2002 0
2003 0
2004 0
2005 0
2006 0
2007 0
2008 0
2009 0
2010 0
2011 0
2012 1
2013 1
2014 1
2015 0
2016 0
2017 1
2018 0
2019 3
2020 0
2021 0
2022 0
2023 1
2024 0
2025 0
2026 1
2027 0
2028 2
2029 0
2030 0
2031 0
2032 0
2033 0
2034 0
2035 0
2036 0
2037 0
2038 0
2039 0
2040 0
2041 0
2042 0
2043 0
2044 0
2045 0
2046 0
2047 0
