# Dead time factor = 1.00000
0 0
1 0
2 0
3 0
4 0
5 0
6 0
7 0
8 0
9 0
10 0
11 0
12 0
13 0
14 0
15 0
16 0
17 0
18 0
19 0
20 1
21 15
22 31
23 24
24 31
25 28
26 28
27 44
28 51
29 44
30 35
31 37
32 37
33 46
34 40
35 41
36 32
37 56
38 62
39 49
40 41
41 45
42 41
43 37
44 51
45 55
46 64
47 72
48 106
49 135
50 163
51 183
52 153
53 141
54 137
55 99
56 81
57 54
58 65
59 62
60 44
61 40
62 30
63 44
64 33
65 32
66 28
67 35
68 28
69 36
70 37
71 35
72 39
73 39
74 35
75 30
76 36
77 40
78 40
79 39
80 38
81 42
82 52
83 35
84 45
85 45
86 43
87 46
88 38
89 39
90 36
91 27
92 32
93 40
94 30
95 29
96 37
97 33
98 27
99 33
100 34
101 21
102 23
103 22
104 41
105 13
106 26
107 28
108 25
109 33
110 21
111 24
112 25
113 22
114 35
115 20
116 26
117 23
118 26
119 19
120 25
121 26
122 22
123 29
124 23
125 23
126 23
127 20
128 17
129 17
130 27
131 13
132 25
133 18
134 28
135 23
136 23
137 18
138 22
139 21
140 21
141 24
142 19
143 29
144 17
145 19
146 17
147 11
148 15
149 17
150 22
151 21
152 23
153 19
154 19
155 20
156 16
157 30
158 24
159 24
160 30
161 22
162 40
163 32
164 29
165 42
166 41
167 36
168 44
169 44
170 39
171 49
172 51
173 45
174 45
175 39
176 36
177 39
178 28
179 37
180 24
181 22
182 33
183 20
184 19
185 29
186 23
187 20
188 27
189 18
190 25
191 11
192 22
193 18
194 15
195 16
196 15
197 20
198 13
199 13
200 17
201 12
202 22
203 15
204 17
205 15
206 17
207 23
208 16
209 11
210 17
211 15
212 18
213 19
214 14
215 12
216 13
217 7
218 18
219 16
220 18
221 15
222 19
223 11
224 12
225 15
226 17
227 16
228 16
229 12
230 15
231 21
232 10
233 12
234 13
235 23
236 26
237 20
238 23
239 26
240 19
241 14
242 23
243 22
244 20
245 20
246 17
247 17
248 14
249 22
250 10
251 11
252 24
253 9
254 13
255 13
256 13
257 18
258 16
259 14
260 12
261 10
262 21
263 15
264 15
265 12
266 12
267 11
268 14
269 5
270 9
271 15
272 13
273 10
274 16
275 15
276 8
277 8
278 14
279 14
280 8
281 14
282 9
283 13
284 16
285 16
286 13
287 8
288 11
289 16
290 13
291 10
292 13
293 11
294 16
295 15
296 18
297 11
298 8
299 15
300 14
301 15
302 10
303 16
304 9
305 7
306 17
307 21
308 12
309 10
310 11
311 10
312 10
313 11
314 7
315 15
316 9
317 9
318 8
319 11
320 18
321 20
322 8
323 9
324 17
325 16
326 8
327 15
328 6
329 14
330 9
331 11
332 13
333 13
334 15
335 14
336 11
337 14
338 16
339 18
340 15
341 15
342 18
343 12
344 16
345 18
346 12
347 6
348 23
349 11
350 15
351 14
352 16
353 14
354 8
355 14
356 9
357 11
358 12
359 11
360 9
361 11
362 18
363 7
364 9
365 11
366 8
367 15
368 11
369 14
370 15
371 7
372 14
373 8
374 8
375 6
376 16
377 13
378 14
379 10
380 11
381 10
382 12
383 14
384 11
385 13
386 11
387 7
388 14
389 10
390 12
391 8
392 11
393 7
394 13
395 14
396 12
397 13
398 8
399 10
400 7
401 10
402 22
403 7
404 10
405 8
406 13
407 12
408 10
409 7
410 15
411 9
412 13
413 9
414 12
415 16
416 16
417 10
418 8
419 13
420 4
421 8
422 13
423 14
424 11
425 12
426 9
427 4
428 13
429 12
430 7
431 11
432 5
433 5
434 15
435 7
436 6
437 13
438 16
439 5
440 9
441 11
442 14
443 5
444 14
445 8
446 11
447 7
448 10
449 10
450 13
451 10
452 18
453 14
454 20
455 13
456 6
457 10
458 4
459 6
460 10
461 12
462 11
463 9
464 14
465 17
466 4
467 5
468 10
469 7
470 10
471 14
472 7
473 14
474 11
475 9
476 13
477 13
478 9
479 6
480 13
481 11
482 7
483 8
484 14
485 11
486 9
487 10
488 14
489 8
490 10
491 7
492 10
493 15
494 11
495 12
496 8
497 12
498 10
499 9
500 6
501 15
502 10
503 14
504 9
505 11
506 13
507 9
508 7
509 13
510 12
511 10
512 11
513 12
514 7
515 10
516 13
517 5
518 13
519 10
520 7
521 7
522 10
523 10
524 3
525 14
526 7
527 11
528 11
529 8
530 7
531 9
532 13
533 15
534 18
535 11
536 6
537 9
538 6
539 9
540 7
541 7
542 15
543 10
544 7
545 11
546 18
547 11
548 13
549 14
550 8
551 10
552 13
553 13
554 11
555 8
556 12
557 12
558 16
559 8
560 8
561 10
562 9
563 13
564 14
565 9
566 6
567 9
568 11
569 13
570 10
571 15
572 12
573 16
574 12
575 8
576 8
577 10
578 8
579 14
580 15
581 10
582 13
583 11
584 5
585 12
586 8
587 16
588 9
589 13
590 9
591 13
592 10
593 7
594 8
595 6
596 9
597 11
598 11
599 11
600 13
601 11
602 14
603 10
604 7
605 9
606 12
607 12
608 10
609 10
610 11
611 7
612 13
613 12
614 10
615 3
616 15
617 12
618 12
619 6
620 8
621 12
622 14
623 13
624 12
625 11
626 17
627 7
628 9
629 8
630 4
631 8
632 11
633 13
634 10
635 9
636 6
637 12
638 15
639 5
640 9
641 6
642 10
643 10
644 10
645 9
646 10
647 12
648 9
649 11
650 10
651 10
652 10
653 12
654 13
655 11
656 10
657 12
658 13
659 12
660 12
661 17
662 12
663 12
664 11
665 12
666 11
667 9
668 10
669 9
670 7
671 9
672 8
673 15
674 11
675 11
676 7
677 12
678 8
679 11
680 10
681 8
682 14
683 12
684 11
685 14
686 14
687 12
688 12
689 11
690 10
691 14
692 8
693 13
694 9
695 8
696 5
697 17
698 6
699 10
700 15
701 13
702 3
703 8
704 11
705 17
706 9
707 9
708 14
709 14
710 6
711 9
712 15
713 13
714 11
715 16
716 9
717 15
718 10
719 8
720 8
721 17
722 8
723 11
724 11
725 9
726 8
727 10
728 10
729 13
730 10
731 15
732 7
733 7
734 12
735 10
736 13
737 9
738 15
739 3
740 9
741 7
742 10
743 6
744 12
745 9
746 12
747 13
748 8
749 9
750 6
751 8
752 13
753 6
754 8
755 14
756 8
757 10
758 13
759 15
760 9
761 11
762 9
763 19
764 9
765 11
766 11
767 9
768 9
769 13
770 14
771 8
772 3
773 5
774 6
775 4
776 8
777 11
778 5
779 15
780 11
781 13
782 8
783 9
784 7
785 8
786 11
787 12
788 12
789 13
790 8
791 11
792 11
793 15
794 14
795 8
796 8
797 9
798 6
799 8
800 10
801 6
802 9
803 9
804 8
805 15
806 14
807 18
808 17
809 9
810 12
811 22
812 15
813 5
814 18
815 9
816 13
817 14
818 6
819 10
820 9
821 10
822 13
823 10
824 15
825 12
826 10
827 7
828 3
829 8
830 10
831 13
832 12
833 12
834 12
835 10
836 11
837 10
838 11
839 8
840 15
841 9
842 14
843 10
844 11
845 12
846 16
847 10
848 6
849 16
850 15
851 6
852 10
853 8
854 18
855 13
856 12
857 11
858 8
859 15
860 9
861 13
862 12
863 11
864 12
865 17
866 13
867 12
868 8
869 14
870 8
871 17
872 7
873 11
874 13
875 15
876 5
877 11
878 12
879 13
880 11
881 15
882 13
883 10
884 11
885 10
886 16
887 10
888 10
889 7
890 14
891 13
892 7
893 13
894 19
895 20
896 19
897 15
898 8
899 11
900 12
901 11
902 19
903 9
904 9
905 8
906 10
907 14
908 9
909 11
910 17
911 18
912 12
913 14
914 15
915 10
916 12
917 11
918 11
919 8
920 9
921 10
922 19
923 9
924 15
925 14
926 13
927 7
928 14
929 13
930 15
931 10
932 17
933 11
934 11
935 11
936 16
937 13
938 12
939 11
940 17
941 9
942 14
943 9
944 16
945 12
946 11
947 19
948 6
949 11
950 13
951 12
952 14
953 10
954 12
955 5
956 11
957 9
958 13
959 10
960 11
961 16
962 15
963 13
964 15
965 10
966 8
967 12
968 8
969 14
970 17
971 17
972 17
973 8
974 9
975 18
976 8
977 15
978 13
979 14
980 13
981 17
982 10
983 16
984 16
985 10
986 13
987 13
988 13
989 13
990 14
991 15
992 13
993 6
994 10
995 14
996 16
997 10
998 16
999 13
1000 13
1001 14
1002 11
1003 15
1004 13
1005 16
1006 10
1007 19
1008 20
1009 15
1010 17
1011 8
1012 13
1013 7
1014 13
1015 22
1016 17
1017 16
1018 13
1019 15
1020 13
1021 12
1022 20
1023 10
1024 15
1025 8
1026 17
1027 15
1028 14
1029 9
1030 17
1031 18
1032 11
1033 15
1034 15
1035 17
1036 18
1037 9
1038 21
1039 16
1040 7
1041 12
1042 18
1043 15
1044 9
1045 15
1046 12
1047 17
1048 14
1049 21
1050 25
1051 20
1052 18
1053 14
1054 15
1055 28
1056 15
1057 18
1058 13
1059 13
1060 12
1061 25
1062 15
1063 14
1064 17
1065 7
1066 20
1067 20
1068 12
1069 21
1070 17
1071 22
1072 23
1073 15
1074 17
1075 18
1076 22
1077 13
1078 13
1079 18
1080 13
1081 8
1082 18
1083 26
1084 16
1085 20
1086 19
1087 16
1088 21
1089 27
1090 18
1091 17
1092 28
1093 19
1094 24
1095 19
1096 19
1097 12
1098 15
1099 20
1100 17
1101 21
1102 23
1103 17
1104 23
1105 22
1106 19
1107 16
1108 17
1109 15
1110 22
1111 32
1112 12
1113 17
1114 23
1115 17
1116 26
1117 22
1118 19
1119 19
1120 20
1121 16
1122 20
1123 25
1124 16
1125 25
1126 23
1127 24
1128 27
1129 23
1130 20
1131 19
1132 26
1133 31
1134 21
1135 19
1136 34
1137 31
1138 20
1139 24
1140 26
1141 27
1142 25
1143 27
1144 29
1145 26
1146 25
1147 21
1148 37
1149 22
1150 23
1151 29
1152 29
1153 26
1154 24
1155 30
1156 29
1157 30
1158 20
1159 36
1160 19
1161 30
1162 25
1163 27
1164 22
1165 33
1166 29
1167 24
1168 25
1169 18
1170 22
1171 23
1172 22
1173 24
1174 28
1175 21
1176 21
1177 22
1178 19
1179 18
1180 26
1181 21
1182 27
1183 13
1184 26
1185 16
1186 27
1187 18
1188 22
1189 30
1190 20
1191 21
1192 16
1193 28
1194 20
1195 25
1196 23
1197 20
1198 16
1199 25
1200 28
1201 22
1202 26
1203 31
1204 19
1205 16
1206 22
1207 27
1208 19
1209 19
1210 26
1211 22
1212 21
1213 19
1214 25
1215 27
1216 31
1217 24
1218 32
1219 29
1220 29
1221 20
1222 19
1223 25
1224 17
1225 27
1226 24
1227 21
1228 21
1229 26
1230 28
1231 26
1232 21
1233 29
1234 27
1235 27
1236 24
1237 23
1238 30
1239 29
1240 26
1241 27
1242 27
1243 28
1244 26
1245 38
1246 39
1247 34
1248 28
1249 32
1250 31
1251 35
1252 28
1253 41
1254 29
1255 34
1256 26
1257 36
1258 31
1259 31
1260 40
1261 36
1262 37
1263 31
1264 38
1265 37
1266 31
1267 49
1268 46
1269 39
1270 41
1271 41
1272 42
1273 41
1274 44
1275 35
1276 32
1277 33
1278 33
1279 34
1280 47
1281 41
1282 39
1283 40
1284 43
1285 47
1286 40
1287 55
1288 39
1289 37
1290 37
1291 51
1292 52
1293 43
1294 45
1295 42
1296 34
1297 43
1298 37
1299 49
1300 40
1301 42
1302 43
1303 42
1304 35
1305 46
1306 46
1307 29
1308 49
1309 36
1310 38
1311 47
1312 37
1313 41
1314 32
1315 42
1316 45
1317 48
1318 30
1319 41
1320 43
1321 39
1322 53
1323 38
1324 38
1325 33
1326 38
1327 40
1328 28
1329 34
1330 43
1331 30
1332 32
1333 40
1334 39
1335 33
1336 37
1337 26
1338 29
1339 26
1340 21
1341 29
1342 28
1343 41
1344 34
1345 23
1346 30
1347 30
1348 19
1349 33
1350 34
1351 36
1352 26
1353 29
1354 35
1355 17
1356 29
1357 28
1358 35
1359 26
1360 36
1361 28
1362 19
1363 31
1364 24
1365 20
1366 19
1367 31
1368 25
1369 22
1370 18
1371 32
1372 25
1373 22
1374 23
1375 21
1376 19
1377 29
1378 37
1379 19
1380 20
1381 29
1382 21
1383 14
1384 29
1385 22
1386 23
1387 22
1388 13
1389 29
1390 30
1391 18
1392 23
1393 30
1394 25
1395 31
1396 31
1397 25
1398 31
1399 30
1400 28
1401 24
1402 30
1403 30
1404 29
1405 20
1406 32
1407 28
1408 25
1409 24
1410 21
1411 34
1412 30
1413 44
1414 34
1415 33
1416 36
1417 34
1418 23
1419 28
1420 33
1421 22
1422 28
1423 41
1424 41
1425 47
1426 35
1427 44
1428 33
1429 33
1430 27
1431 45
1432 33
1433 41
1434 37
1435 27
1436 32
1437 32
1438 26
1439 39
1440 32
1441 45
1442 52
1443 36
1444 46
1445 44
1446 29
1447 43
1448 38
1449 38
1450 28
1451 35
1452 40
1453 36
1454 52
1455 36
1456 35
1457 36
1458 40
1459 37
1460 41
1461 50
1462 39
1463 55
1464 43
1465 49
1466 42
1467 47
1468 39
1469 54
1470 40
1471 39
1472 40
1473 43
1474 48
1475 51
1476 32
1477 36
1478 38
1479 35
1480 42
1481 42
1482 46
1483 35
1484 40
1485 36
1486 30
1487 38
1488 25
1489 33
1490 39
1491 44
1492 34
1493 30
1494 38
1495 33
1496 41
1497 37
1498 29
1499 23
1500 27
1501 25
1502 20
1503 20
1504 25
1505 26
1506 25
1507 24
1508 23
1509 20
1510 35
1511 27
1512 32
1513 19
1514 15
1515 16
1516 17
1517 18
1518 21
1519 18
1520 15
1521 22
1522 16
1523 21
1524 20
1525 18
1526 14
1527 14
1528 17
1529 12
1530 12
1531 7
1532 19
1533 15
1534 16
1535 11
1536 9
1537 13
1538 9
1539 16
1540 11
1541 13
1542 5
1543 7
1544 10
1545 12
1546 7
1547 8
1548 11
1549 7
1550 5
1551 7
1552 13
1553 8
1554 8
1555 10
1556 6
1557 5
1558 9
1559 8
1560 4
1561 6
1562 9
1563 10
1564 9
1565 9
1566 7
1567 7
1568 9
1569 5
1570 7
1571 7
1572 11
1573 5
1574 11
1575 7
1576 5
1577 8
1578 6
1579 8
1580 9
1581 2
1582 9
1583 7
1584 11
1585 4
1586 5
1587 8
1588 11
1589 9
1590 11
1591 11
1592 7
1593 9
1594 9
1595 8
1596 7
1597 8
1598 14
1599 15
1600 9
1601 7
1602 10
1603 9
1604 6
1605 7
1606 9
1607 6
1608 13
1609 7
1610 9
1611 7
1612 6
1613 4
1614 11
1615 17
1616 7
1617 6
1618 16
1619 15
1620 11
1621 9
1622 8
1623 8
1624 9
1625 9
1626 11
1627 9
1628 17
1629 9
1630 12
1631 10
1632 11
1633 13
1634 10
1635 13
1636 6
1637 10
1638 9
1639 8
1640 5
1641 9
1642 9
1643 6
1644 7
1645 4
1646 8
1647 11
1648 9
1649 9
1650 7
1651 8
1652 12
1653 6
1654 5
1655 6
1656 2
1657 2
1658 10
1659 5
1660 6
1661 9
1662 11
1663 6
1664 1
1665 4
1666 7
1667 4
1668 4
1669 3
1670 2
1671 2
1672 7
1673 4
1674 5
1675 6
1676 3
1677 1
1678 3
1679 2
1680 1
1681 1
1682 3
1683 4
1684 2
1685 2
1686 2
1687 2
1688 0
1689 1
1690 2
1691 3
1692 3
1693 2
1694 1
1695 3
1696 4
1697 3
1698 1
1699 2
1700 1
1701 1
1702 3
1703 2
1704 3
1705 1
1706 1
1707 2
1708 1
1709 0
1710 1
1711 0
1712 3
1713 0
1714 1
1715 1
1716 1
1717 2
1718 0
1719 3
1720 1
1721 0
1722 0
1723 0
1724 0
1725 0
1726 0
1727 1
1728 1
1729 0
1730 0
1731 0
1732 1
1733 1
1734 0
1735 0
1736 0
1737 0
1738 1
1739 0
1740 0
1741 0
1742 0
1743 1
1744 0
1745 1
1746 0
1747 0
1748 0
1749 0
1750 2
1751 0
1752 0
1753 1
1754 2
1755 0
1756 0
1757 0
1758 1
1759 0
1760 0
1761 0
1762 1
1763 1
1764 1
1765 0
1766 1
1767 1
1768 0
1769 0
1770 1
1771 0
1772 0
1773 0
1774 1
1775 0
1776 0
1777 0
1778 0
1779 1
1780 0
1781 0
1782 0
1783 1
1784 1
1785 1
1786 0
1787 0
1788 0
1789 0
1790 1
1791 0
1792 0
1793 1
1794 1
1795 1
1796 0
1797 1
1798 0
1799 0
1800 1
1801 0
1802 3
1803 0
1804 1
1805 1
1806 0
1807 0
1808 0
1809 2
1810 0
1811 0
1812 1
1813 2
1814 1
1815 0
1816 0
1817 2
1818 1
1819 0
1820 0
1821 1
1822 0
1823 0
1824 0
1825 0
1826 0
1827 2
1828 0
1829 0
1830 1
1831 0
1832 1
1833 0
1834 0
1835 0
1836 1
1837 0
1838 0
1839 1
1840 0
1841 1
1842 2
1843 0
1844 1
1845 0
1846 1
1847 0
1848 1
1849 1
1850 0
1851 0
1852 0
1853 0
1854 0
1855 1
1856 0
1857 0
1858 0
1859 1
1860 0
1861 0
1862 0
1863 1
1864 1
1865 2
1866 0
1867 3
1868 0
1869 0
1870 1
1871 0
1872 0
1873 0
1874 0
1875 0
1876 0
1877 0
1878 0
1879 0
1880 0
1881 1
1882 0
1883 0
1884 1
1885 0
1886 0
1887 0
1888 2
1889 0
1890 0
1891 1
1892 0
1893 0
1894 1
1895 0
1896 2
1897 0
1898 0
1899 0
1900 0
1901 1
1902 1
1903 0
1904 1
1905 0
1906 0
1907 0
1908 0
1909 0
1910 0
1911 0
1912 0
1913 1
1914 1
1915 0
1916 0
1917 0
1918 0
1919 0
1920 0
1921 1
1922 0
1923 0
1924 0
1925 1
1926 0
1927 0
1928 1
1929 0
1930 1
1931 1
1932 0
1933 2
1934 0
1935 0
1936 0
1937 0
1938 0
1939 0
1940 0
1941 1
1942 0
1943 1
1944 0
1945 1
1946 0
1947 0
1948 0
1949 0
1950 1
1951 0
1952 0
1953 0
1954 0
1955 0
1956 0
1957 1
1958 0
1959 0
1960 0
1961 0
1962 0
1963 0
1964 0
1965 0
1966 0
1967 0
1968 0
1969 0
1970 0
1971 0
1972 0
1973 1
1974 0
1975 0
1976 0
1977 0
1978 0
1979 0
1980 0
1981 0
1982 0
1983 0
1984 0
1985 0
1986 1
1987 0
1988 0
1989 1
1990 0
1991 0
1992 0
1993 0
1994 2
1995 0
1996 0
1997 0
1998 0
1999 0
2000 1
2001 0
2002 0
2003 1
2004 0
2005 1
2006 1
2007 0
2008 0
2009 0
2010 0
2011 1
2012 0
2013 0
2014 0
2015 0
2016 0
2017 0
2018 0
2019 0
2020 1
2021 2
2022 1
2023 1
2024 0
2025 0
2026 1
2027 0
2028 0
2029 0
2030 0
2031 0
2032 0
2033 0
2034 0
2035 0
2036 0
2037 0
2038 0
2039 0
2040 0
2041 0
2042 0
2043 0
2044 0
2045 0
2046 0
2047 0
