# Dead time factor = 1.00000
0 0
1 0
2 0
3 0
4 0
5 0
6 0
7 0
8 0
9 0
10 0
11 0
12 0
13 0
14 0
15 0
16 0
17 0
18 0
19 0
20 1
21 23
22 18
23 24
24 22
25 28
26 30
27 27
28 34
29 33
30 39
31 33
32 19
33 26
34 37
35 42
36 41
37 38
38 47
39 44
40 35
41 37
42 48
43 50
44 37
45 43
46 67
47 72
48 99
49 120
50 152
51 174
52 137
53 145
54 114
55 80
56 77
57 68
58 46
59 47
60 46
61 30
62 32
63 18
64 31
65 20
66 30
67 27
68 30
69 22
70 25
71 21
72 34
73 27
74 28
75 21
76 26
77 32
78 33
79 32
80 28
81 28
82 37
83 32
84 28
85 22
86 31
87 37
88 28
89 30
90 16
91 46
92 37
93 25
94 37
95 29
96 21
97 24
98 21
99 28
100 16
101 21
102 30
103 15
104 27
105 20
106 28
107 23
108 17
109 24
110 16
111 23
112 32
113 14
114 14
115 28
116 11
117 21
118 24
119 29
120 18
121 17
122 17
123 22
124 26
125 15
126 23
127 18
128 25
129 12
130 19
131 22
132 16
133 25
134 11
135 19
136 16
137 10
138 23
139 19
140 15
141 18
142 18
143 16
144 11
145 19
146 20
147 17
148 22
149 18
150 13
151 11
152 9
153 12
154 17
155 20
156 16
157 17
158 15
159 13
160 18
161 11
162 19
163 32
164 23
165 30
166 30
167 36
168 40
169 34
170 31
171 39
172 29
173 38
174 43
175 26
176 26
177 26
178 33
179 26
180 24
181 23
182 19
183 17
184 22
185 16
186 14
187 20
188 16
189 8
190 17
191 11
192 15
193 12
194 15
195 13
196 18
197 11
198 15
199 11
200 15
201 9
202 11
203 9
204 9
205 13
206 10
207 20
208 13
209 13
210 18
211 13
212 21
213 19
214 14
215 5
216 11
217 10
218 18
219 18
220 21
221 9
222 13
223 12
224 15
225 13
226 15
227 9
228 9
229 10
230 16
231 12
232 18
233 10
234 17
235 12
236 12
237 13
238 15
239 12
240 15
241 15
242 9
243 7
244 6
245 10
246 12
247 11
248 16
249 13
250 15
251 10
252 11
253 9
254 15
255 11
256 10
257 10
258 13
259 6
260 12
261 19
262 10
263 7
264 13
265 10
266 15
267 10
268 9
269 7
270 13
271 10
272 7
273 9
274 4
275 12
276 10
277 10
278 10
279 10
280 21
281 13
282 11
283 8
284 9
285 6
286 13
287 9
288 15
289 8
290 14
291 9
292 3
293 15
294 11
295 11
296 12
297 8
298 12
299 10
300 7
301 8
302 13
303 9
304 10
305 14
306 6
307 5
308 8
309 12
310 11
311 12
312 8
313 9
314 11
315 10
316 11
317 11
318 13
319 6
320 11
321 14
322 8
323 8
324 9
325 10
326 8
327 6
328 13
329 13
330 10
331 12
332 7
333 14
334 9
335 10
336 10
337 9
338 9
339 11
340 9
341 7
342 13
343 16
344 18
345 11
346 12
347 15
348 12
349 11
350 17
351 11
352 15
353 17
354 12
355 9
356 9
357 3
358 6
359 14
360 9
361 13
362 8
363 12
364 5
365 13
366 7
367 8
368 13
369 8
370 6
371 12
372 4
373 13
374 10
375 5
376 10
377 8
378 5
379 8
380 13
381 10
382 6
383 10
384 6
385 7
386 12
387 11
388 10
389 13
390 11
391 10
392 9
393 8
394 10
395 7
396 12
397 8
398 8
399 10
400 6
401 10
402 10
403 11
404 9
405 9
406 5
407 7
408 5
409 12
410 12
411 13
412 9
413 9
414 11
415 9
416 3
417 12
418 7
419 10
420 4
421 9
422 10
423 3
424 9
425 5
426 16
427 5
428 7
429 10
430 5
431 7
432 7
433 8
434 7
435 11
436 5
437 6
438 9
439 7
440 4
441 13
442 8
443 8
444 9
445 8
446 6
447 8
448 14
449 7
450 9
451 6
452 6
453 9
454 5
455 6
456 8
457 9
458 10
459 7
460 8
461 4
462 7
463 7
464 9
465 15
466 5
467 10
468 5
469 7
470 10
471 11
472 9
473 8
474 6
475 7
476 6
477 12
478 14
479 8
480 12
481 6
482 10
483 6
484 10
485 12
486 10
487 9
488 7
489 4
490 5
491 10
492 9
493 4
494 7
495 5
496 16
497 5
498 9
499 8
500 6
501 10
502 7
503 8
504 5
505 8
506 14
507 4
508 8
509 19
510 8
511 9
512 8
513 4
514 6
515 11
516 3
517 5
518 13
519 10
520 8
521 6
522 9
523 6
524 12
525 7
526 12
527 8
528 6
529 9
530 9
531 10
532 9
533 5
534 4
535 7
536 7
537 10
538 14
539 7
540 10
541 8
542 11
543 7
544 7
545 10
546 6
547 8
548 4
549 9
550 4
551 10
552 8
553 6
554 5
555 11
556 11
557 11
558 8
559 6
560 9
561 15
562 9
563 6
564 7
565 11
566 13
567 3
568 10
569 7
570 9
571 7
572 13
573 10
574 8
575 12
576 6
577 8
578 12
579 7
580 6
581 12
582 8
583 8
584 14
585 13
586 10
587 13
588 7
589 5
590 11
591 10
592 11
593 9
594 5
595 8
596 14
597 8
598 13
599 6
600 6
601 7
602 13
603 13
604 5
605 6
606 12
607 6
608 3
609 12
610 10
611 12
612 11
613 12
614 5
615 6
616 11
617 8
618 8
619 5
620 17
621 5
622 12
623 8
624 14
625 17
626 2
627 8
628 3
629 4
630 8
631 10
632 5
633 10
634 7
635 12
636 7
637 12
638 12
639 10
640 8
641 8
642 4
643 8
644 9
645 5
646 8
647 8
648 5
649 8
650 5
651 8
652 7
653 11
654 10
655 8
656 13
657 10
658 6
659 7
660 6
661 9
662 6
663 5
664 5
665 5
666 10
667 11
668 11
669 14
670 9
671 12
672 15
673 8
674 12
675 10
676 9
677 6
678 12
679 4
680 7
681 7
682 9
683 12
684 14
685 5
686 7
687 8
688 9
689 15
690 8
691 15
692 7
693 7
694 5
695 7
696 17
697 9
698 13
699 6
700 8
701 9
702 12
703 7
704 7
705 10
706 5
707 8
708 5
709 12
710 13
711 10
712 9
713 9
714 7
715 11
716 8
717 4
718 10
719 4
720 9
721 7
722 6
723 9
724 12
725 7
726 10
727 7
728 8
729 8
730 13
731 7
732 5
733 6
734 14
735 6
736 10
737 9
738 7
739 10
740 8
741 7
742 7
743 1
744 10
745 13
746 5
747 11
748 9
749 8
750 9
751 4
752 4
753 6
754 5
755 10
756 11
757 7
758 7
759 9
760 9
761 5
762 6
763 9
764 8
765 8
766 12
767 4
768 17
769 7
770 5
771 11
772 9
773 7
774 14
775 6
776 11
777 10
778 7
779 6
780 10
781 6
782 9
783 10
784 2
785 5
786 13
787 6
788 12
789 8
790 14
791 10
792 8
793 15
794 10
795 8
796 7
797 5
798 10
799 8
800 6
801 9
802 7
803 6
804 7
805 4
806 9
807 11
808 9
809 10
810 10
811 8
812 7
813 6
814 14
815 13
816 6
817 7
818 6
819 15
820 10
821 8
822 3
823 10
824 7
825 7
826 11
827 11
828 11
829 10
830 8
831 15
832 8
833 5
834 7
835 8
836 8
837 9
838 8
839 6
840 9
841 5
842 14
843 5
844 12
845 11
846 8
847 8
848 11
849 11
850 15
851 12
852 11
853 14
854 11
855 11
856 6
857 8
858 15
859 8
860 10
861 8
862 12
863 8
864 3
865 11
866 10
867 8
868 10
869 9
870 6
871 12
872 16
873 9
874 10
875 10
876 7
877 7
878 6
879 9
880 9
881 4
882 5
883 10
884 11
885 3
886 9
887 7
888 7
889 6
890 7
891 8
892 7
893 11
894 10
895 11
896 10
897 11
898 10
899 11
900 10
901 9
902 8
903 15
904 7
905 6
906 11
907 9
908 12
909 6
910 13
911 17
912 7
913 8
914 10
915 13
916 11
917 15
918 14
919 7
920 9
921 15
922 14
923 12
924 8
925 11
926 11
927 6
928 12
929 11
930 13
931 13
932 12
933 6
934 7
935 14
936 12
937 14
938 6
939 14
940 9
941 10
942 12
943 8
944 8
945 10
946 13
947 9
948 7
949 16
950 16
951 9
952 10
953 10
954 5
955 7
956 8
957 10
958 11
959 7
960 4
961 14
962 8
963 18
964 12
965 9
966 11
967 5
968 7
969 11
970 7
971 8
972 6
973 7
974 7
975 8
976 16
977 13
978 7
979 11
980 6
981 8
982 5
983 11
984 12
985 12
986 12
987 9
988 9
989 10
990 9
991 12
992 14
993 11
994 11
995 12
996 12
997 12
998 7
999 17
1000 9
1001 11
1002 11
1003 12
1004 13
1005 10
1006 9
1007 12
1008 10
1009 17
1010 15
1011 16
1012 12
1013 11
1014 12
1015 12
1016 10
1017 3
1018 5
1019 13
1020 9
1021 15
1022 8
1023 15
1024 9
1025 14
1026 12
1027 21
1028 8
1029 11
1030 17
1031 11
1032 9
1033 10
1034 15
1035 7
1036 11
1037 12
1038 16
1039 18
1040 10
1041 8
1042 8
1043 11
1044 15
1045 12
1046 11
1047 13
1048 11
1049 8
1050 13
1051 11
1052 10
1053 16
1054 8
1055 14
1056 16
1057 16
1058 10
1059 9
1060 17
1061 19
1062 18
1063 18
1064 13
1065 13
1066 13
1067 15
1068 13
1069 13
1070 20
1071 16
1072 14
1073 9
1074 20
1075 16
1076 21
1077 15
1078 27
1079 17
1080 20
1081 14
1082 12
1083 23
1084 15
1085 17
1086 10
1087 11
1088 13
1089 13
1090 14
1091 17
1092 18
1093 22
1094 17
1095 18
1096 7
1097 17
1098 19
1099 12
1100 16
1101 22
1102 18
1103 11
1104 22
1105 17
1106 18
1107 14
1108 25
1109 22
1110 12
1111 15
1112 19
1113 16
1114 18
1115 14
1116 18
1117 18
1118 21
1119 19
1120 19
1121 11
1122 23
1123 15
1124 21
1125 24
1126 13
1127 36
1128 22
1129 13
1130 15
1131 20
1132 19
1133 20
1134 21
1135 27
1136 27
1137 28
1138 20
1139 20
1140 22
1141 22
1142 19
1143 17
1144 22
1145 15
1146 23
1147 34
1148 17
1149 20
1150 22
1151 17
1152 17
1153 17
1154 16
1155 19
1156 17
1157 18
1158 17
1159 16
1160 9
1161 19
1162 22
1163 18
1164 19
1165 30
1166 23
1167 20
1168 24
1169 19
1170 20
1171 22
1172 21
1173 19
1174 17
1175 22
1176 19
1177 19
1178 24
1179 20
1180 24
1181 18
1182 16
1183 25
1184 19
1185 28
1186 21
1187 17
1188 10
1189 19
1190 11
1191 25
1192 18
1193 15
1194 12
1195 16
1196 19
1197 28
1198 12
1199 16
1200 20
1201 16
1202 16
1203 15
1204 33
1205 17
1206 16
1207 27
1208 16
1209 17
1210 14
1211 19
1212 13
1213 16
1214 18
1215 16
1216 18
1217 21
1218 21
1219 24
1220 19
1221 17
1222 25
1223 22
1224 23
1225 27
1226 21
1227 27
1228 22
1229 27
1230 24
1231 17
1232 21
1233 18
1234 21
1235 21
1236 18
1237 23
1238 21
1239 23
1240 23
1241 22
1242 23
1243 39
1244 14
1245 21
1246 17
1247 18
1248 23
1249 20
1250 20
1251 14
1252 23
1253 39
1254 27
1255 30
1256 32
1257 40
1258 32
1259 33
1260 18
1261 19
1262 19
1263 18
1264 34
1265 25
1266 35
1267 32
1268 32
1269 23
1270 34
1271 23
1272 25
1273 16
1274 38
1275 26
1276 30
1277 24
1278 42
1279 28
1280 35
1281 26
1282 48
1283 33
1284 34
1285 29
1286 22
1287 40
1288 26
1289 30
1290 35
1291 30
1292 36
1293 29
1294 19
1295 32
1296 36
1297 35
1298 44
1299 29
1300 32
1301 40
1302 40
1303 27
1304 30
1305 37
1306 27
1307 31
1308 29
1309 33
1310 25
1311 28
1312 34
1313 33
1314 28
1315 34
1316 28
1317 28
1318 26
1319 31
1320 26
1321 24
1322 34
1323 24
1324 32
1325 31
1326 28
1327 19
1328 24
1329 33
1330 28
1331 17
1332 44
1333 29
1334 27
1335 31
1336 36
1337 24
1338 33
1339 23
1340 29
1341 26
1342 22
1343 27
1344 25
1345 24
1346 30
1347 21
1348 21
1349 23
1350 17
1351 22
1352 22
1353 27
1354 20
1355 19
1356 25
1357 22
1358 21
1359 18
1360 27
1361 18
1362 29
1363 22
1364 21
1365 11
1366 23
1367 17
1368 21
1369 22
1370 14
1371 18
1372 23
1373 22
1374 24
1375 20
1376 19
1377 20
1378 25
1379 10
1380 19
1381 16
1382 14
1383 20
1384 14
1385 18
1386 34
1387 19
1388 24
1389 26
1390 27
1391 14
1392 19
1393 17
1394 19
1395 22
1396 16
1397 24
1398 20
1399 17
1400 19
1401 34
1402 17
1403 28
1404 23
1405 21
1406 21
1407 27
1408 21
1409 29
1410 26
1411 26
1412 21
1413 18
1414 25
1415 26
1416 14
1417 25
1418 27
1419 27
1420 26
1421 32
1422 34
1423 33
1424 28
1425 29
1426 24
1427 39
1428 31
1429 34
1430 22
1431 34
1432 29
1433 26
1434 30
1435 31
1436 27
1437 30
1438 30
1439 40
1440 25
1441 40
1442 33
1443 23
1444 37
1445 34
1446 26
1447 33
1448 21
1449 31
1450 28
1451 34
1452 33
1453 24
1454 27
1455 22
1456 35
1457 21
1458 41
1459 34
1460 36
1461 28
1462 36
1463 34
1464 19
1465 23
1466 26
1467 35
1468 23
1469 28
1470 35
1471 35
1472 35
1473 35
1474 25
1475 30
1476 28
1477 32
1478 35
1479 33
1480 38
1481 25
1482 17
1483 31
1484 30
1485 22
1486 30
1487 27
1488 23
1489 19
1490 24
1491 25
1492 28
1493 23
1494 19
1495 29
1496 30
1497 19
1498 24
1499 19
1500 23
1501 17
1502 17
1503 20
1504 27
1505 18
1506 22
1507 16
1508 13
1509 22
1510 15
1511 16
1512 11
1513 18
1514 12
1515 17
1516 19
1517 14
1518 11
1519 13
1520 8
1521 13
1522 10
1523 16
1524 15
1525 11
1526 10
1527 8
1528 6
1529 11
1530 11
1531 16
1532 9
1533 8
1534 14
1535 7
1536 8
1537 14
1538 7
1539 8
1540 10
1541 1
1542 13
1543 5
1544 4
1545 5
1546 8
1547 1
1548 6
1549 8
1550 5
1551 6
1552 5
1553 7
1554 8
1555 5
1556 6
1557 8
1558 8
1559 10
1560 11
1561 7
1562 4
1563 10
1564 10
1565 9
1566 6
1567 6
1568 4
1569 8
1570 4
1571 5
1572 8
1573 5
1574 6
1575 3
1576 5
1577 4
1578 3
1579 6
1580 6
1581 3
1582 2
1583 9
1584 7
1585 7
1586 1
1587 4
1588 10
1589 4
1590 6
1591 7
1592 6
1593 9
1594 5
1595 6
1596 5
1597 10
1598 6
1599 5
1600 6
1601 11
1602 4
1603 10
1604 4
1605 11
1606 11
1607 12
1608 11
1609 11
1610 6
1611 12
1612 9
1613 7
1614 7
1615 6
1616 10
1617 9
1618 12
1619 6
1620 10
1621 9
1622 15
1623 4
1624 8
1625 9
1626 6
1627 11
1628 8
1629 7
1630 9
1631 10
1632 8
1633 4
1634 7
1635 5
1636 7
1637 7
1638 9
1639 2
1640 9
1641 5
1642 8
1643 5
1644 7
1645 6
1646 5
1647 7
1648 8
1649 3
1650 6
1651 4
1652 2
1653 4
1654 4
1655 8
1656 6
1657 2
1658 1
1659 3
1660 3
1661 4
1662 3
1663 1
1664 1
1665 3
1666 2
1667 2
1668 2
1669 3
1670 4
1671 5
1672 5
1673 1
1674 2
1675 1
1676 1
1677 1
1678 2
1679 2
1680 1
1681 0
1682 3
1683 1
1684 3
1685 2
1686 2
1687 0
1688 0
1689 2
1690 3
1691 0
1692 0
1693 0
1694 1
1695 0
1696 2
1697 3
1698 1
1699 0
1700 2
1701 0
1702 1
1703 2
1704 0
1705 0
1706 0
1707 1
1708 2
1709 1
1710 1
1711 0
1712 0
1713 0
1714 1
1715 3
1716 1
1717 0
1718 2
1719 1
1720 2
1721 1
1722 0
1723 0
1724 1
1725 0
1726 1
1727 2
1728 1
1729 0
1730 2
1731 0
1732 0
1733 2
1734 0
1735 0
1736 0
1737 0
1738 0
1739 0
1740 0
1741 0
1742 0
1743 0
1744 0
1745 0
1746 0
1747 0
1748 0
1749 1
1750 0
1751 0
1752 1
1753 0
1754 0
1755 0
1756 0
1757 0
1758 1
1759 0
1760 1
1761 0
1762 0
1763 1
1764 0
1765 0
1766 2
1767 0
1768 1
1769 0
1770 2
1771 0
1772 0
1773 0
1774 0
1775 1
1776 0
1777 1
1778 0
1779 1
1780 1
1781 0
1782 0
1783 0
1784 0
1785 0
1786 1
1787 1
1788 0
1789 0
1790 0
1791 1
1792 0
1793 0
1794 0
1795 1
1796 0
1797 0
1798 1
1799 0
1800 1
1801 0
1802 0
1803 0
1804 0
1805 0
1806 0
1807 0
1808 0
1809 0
1810 1
1811 0
1812 1
1813 0
1814 0
1815 0
1816 0
1817 0
1818 0
1819 0
1820 0
1821 0
1822 0
1823 0
1824 0
1825 0
1826 0
1827 0
1828 0
1829 0
1830 1
1831 0
1832 0
1833 2
1834 0
1835 1
1836 1
1837 1
1838 0
1839 0
1840 0
1841 0
1842 0
1843 1
1844 0
1845 1
1846 0
1847 1
1848 0
1849 1
1850 0
1851 0
1852 0
1853 0
1854 0
1855 1
1856 1
1857 0
1858 0
1859 0
1860 1
1861 0
1862 1
1863 0
1864 1
1865 0
1866 0
1867 0
1868 0
1869 0
1870 0
1871 0
1872 0
1873 0
1874 0
1875 0
1876 0
1877 1
1878 0
1879 0
1880 1
1881 0
1882 1
1883 0
1884 0
1885 0
1886 1
1887 0
1888 0
1889 0
1890 0
1891 0
1892 0
1893 1
1894 1
1895 1
1896 0
1897 0
1898 1
1899 0
1900 0
1901 1
1902 0
1903 1
1904 0
1905 0
1906 0
1907 0
1908 0
1909 0
1910 1
1911 0
1912 1
1913 0
1914 1
1915 1
1916 0
1917 1
1918 1
1919 0
1920 1
1921 0
1922 1
1923 0
1924 0
1925 0
1926 0
1927 0
1928 1
1929 1
1930 0
1931 0
1932 0
1933 0
1934 0
1935 0
1936 1
1937 0
1938 0
1939 1
1940 1
1941 0
1942 0
1943 0
1944 0
1945 0
1946 0
1947 0
1948 0
1949 0
1950 1
1951 1
1952 0
1953 0
1954 0
1955 0
1956 0
1957 0
1958 0
1959 0
1960 0
1961 0
1962 0
1963 2
1964 0
1965 0
1966 2
1967 0
1968 0
1969 0
1970 0
1971 0
1972 0
1973 0
1974 0
1975 0
1976 0
1977 0
1978 0
1979 0
1980 0
1981 0
1982 0
1983 0
1984 0
1985 0
1986 0
1987 0
1988 0
1989 0
1990 0
1991 0
1992 0
1993 1
1994 0
1995 1
1996 0
1997 0
1998 1
1999 0
2000 0
2001 0
2002 0
2003 1
2004 1
2005 0
2006 0
2007 0
2008 0
2009 0
2010 0
2011 1
2012 0
2013 1
2014 1
2015 1
2016 2
2017 0
2018 0
2019 0
2020 0
2021 0
2022 0
2023 0
2024 0
2025 0
2026 0
2027 0
2028 0
2029 0
2030 0
2031 0
2032 0
2033 0
2034 0
2035 0
2036 0
2037 0
2038 0
2039 0
2040 0
2041 0
2042 0
2043 0
2044 0
2045 0
2046 0
2047 0
