# Dead time factor = 1.00000
0 0
1 0
2 0
3 0
4 0
5 0
6 0
7 0
8 0
9 0
10 0
11 0
12 0
13 0
14 0
15 0
16 0
17 0
18 0
19 0
20 0
21 31
22 25
23 31
24 31
25 42
26 35
27 25
28 32
29 34
30 29
31 37
32 36
33 50
34 43
35 44
36 49
37 52
38 58
39 47
40 59
41 59
42 39
43 41
44 45
45 47
46 66
47 89
48 103
49 137
50 159
51 150
52 173
53 184
54 104
55 113
56 81
57 71
58 66
59 62
60 56
61 50
62 38
63 33
64 37
65 36
66 29
67 34
68 42
69 40
70 29
71 41
72 39
73 35
74 38
75 36
76 38
77 28
78 28
79 25
80 39
81 38
82 41
83 33
84 30
85 32
86 35
87 31
88 39
89 42
90 41
91 26
92 29
93 29
94 43
95 38
96 34
97 28
98 21
99 35
100 27
101 29
102 26
103 40
104 28
105 36
106 37
107 37
108 30
109 20
110 25
111 27
112 20
113 17
114 17
115 23
116 14
117 16
118 26
119 33
120 18
121 21
122 29
123 22
124 20
125 22
126 20
127 24
128 15
129 28
130 22
131 20
132 28
133 19
134 25
135 17
136 26
137 26
138 24
139 19
140 18
141 22
142 15
143 15
144 23
145 15
146 19
147 18
148 22
149 22
150 21
151 25
152 22
153 22
154 15
155 13
156 17
157 19
158 28
159 15
160 20
161 18
162 29
163 39
164 29
165 33
166 20
167 35
168 35
169 43
170 45
171 37
172 47
173 45
174 50
175 43
176 43
177 36
178 38
179 35
180 24
181 41
182 26
183 25
184 21
185 31
186 16
187 21
188 25
189 22
190 16
191 15
192 11
193 14
194 21
195 19
196 19
197 18
198 17
199 11
200 14
201 17
202 14
203 27
204 16
205 14
206 20
207 19
208 18
209 19
210 21
211 14
212 19
213 13
214 15
215 21
216 18
217 18
218 12
219 17
220 9
221 18
222 14
223 12
224 17
225 16
226 11
227 15
228 13
229 26
230 28
231 22
232 16
233 22
234 21
235 14
236 12
237 17
238 21
239 23
240 13
241 9
242 17
243 12
244 17
245 13
246 13
247 18
248 8
249 11
250 13
251 13
252 13
253 20
254 9
255 19
256 12
257 12
258 11
259 11
260 22
261 13
262 9
263 16
264 15
265 15
266 18
267 13
268 13
269 20
270 13
271 17
272 4
273 7
274 14
275 17
276 15
277 18
278 13
279 8
280 16
281 24
282 16
283 15
284 17
285 13
286 13
287 13
288 16
289 16
290 16
291 12
292 17
293 13
294 9
295 19
296 17
297 10
298 15
299 16
300 17
301 16
302 15
303 12
304 9
305 12
306 14
307 9
308 8
309 14
310 11
311 14
312 12
313 19
314 6
315 20
316 17
317 11
318 11
319 8
320 13
321 11
322 14
323 11
324 16
325 9
326 14
327 17
328 9
329 14
330 14
331 17
332 12
333 9
334 18
335 11
336 15
337 9
338 9
339 10
340 11
341 10
342 15
343 17
344 20
345 13
346 22
347 17
348 5
349 16
350 17
351 8
352 15
353 20
354 20
355 9
356 13
357 13
358 16
359 12
360 9
361 13
362 13
363 12
364 16
365 9
366 10
367 10
368 16
369 6
370 8
371 13
372 7
373 10
374 5
375 12
376 6
377 12
378 9
379 10
380 12
381 13
382 16
383 16
384 11
385 14
386 11
387 11
388 17
389 7
390 6
391 8
392 14
393 5
394 11
395 14
396 10
397 13
398 4
399 11
400 14
401 11
402 10
403 8
404 10
405 7
406 6
407 16
408 12
409 15
410 9
411 8
412 8
413 20
414 13
415 16
416 6
417 17
418 15
419 9
420 10
421 13
422 5
423 13
424 16
425 9
426 6
427 11
428 12
429 9
430 11
431 15
432 7
433 16
434 18
435 10
436 11
437 12
438 17
439 16
440 8
441 12
442 10
443 16
444 16
445 7
446 7
447 4
448 7
449 8
450 8
451 12
452 17
453 10
454 13
455 9
456 10
457 12
458 13
459 10
460 9
461 9
462 14
463 10
464 9
465 19
466 8
467 17
468 6
469 16
470 10
471 6
472 7
473 10
474 15
475 8
476 16
477 9
478 13
479 10
480 11
481 11
482 12
483 14
484 12
485 10
486 13
487 17
488 10
489 6
490 8
491 7
492 9
493 8
494 7
495 10
496 15
497 10
498 12
499 11
500 8
501 4
502 11
503 9
504 10
505 9
506 11
507 15
508 7
509 9
510 14
511 10
512 6
513 6
514 8
515 10
516 7
517 8
518 10
519 15
520 8
521 14
522 14
523 10
524 10
525 9
526 12
527 8
528 19
529 19
530 15
531 13
532 9
533 9
534 11
535 10
536 11
537 10
538 9
539 17
540 12
541 11
542 4
543 10
544 13
545 7
546 16
547 11
548 4
549 16
550 8
551 14
552 12
553 14
554 14
555 12
556 8
557 5
558 14
559 17
560 12
561 9
562 11
563 7
564 9
565 7
566 17
567 8
568 9
569 8
570 19
571 7
572 11
573 8
574 11
575 12
576 12
577 10
578 12
579 11
580 9
581 11
582 5
583 10
584 7
585 10
586 10
587 12
588 12
589 11
590 5
591 18
592 8
593 9
594 9
595 10
596 12
597 10
598 9
599 8
600 13
601 13
602 17
603 14
604 15
605 9
606 11
607 7
608 14
609 9
610 5
611 16
612 11
613 7
614 9
615 17
616 7
617 15
618 9
619 9
620 15
621 6
622 10
623 11
624 5
625 14
626 12
627 10
628 13
629 12
630 9
631 5
632 9
633 9
634 6
635 11
636 10
637 11
638 18
639 10
640 5
641 9
642 12
643 7
644 22
645 16
646 14
647 10
648 10
649 14
650 13
651 14
652 13
653 8
654 11
655 8
656 8
657 10
658 4
659 5
660 11
661 6
662 13
663 7
664 8
665 12
666 17
667 14
668 14
669 14
670 13
671 5
672 16
673 12
674 12
675 10
676 7
677 9
678 12
679 9
680 10
681 10
682 7
683 10
684 14
685 12
686 11
687 10
688 11
689 7
690 10
691 11
692 8
693 14
694 20
695 15
696 9
697 4
698 12
699 11
700 16
701 7
702 12
703 17
704 10
705 11
706 11
707 10
708 12
709 7
710 7
711 10
712 13
713 14
714 7
715 10
716 8
717 6
718 7
719 14
720 11
721 12
722 11
723 11
724 14
725 11
726 9
727 9
728 12
729 10
730 18
731 7
732 11
733 16
734 13
735 13
736 12
737 14
738 11
739 11
740 8
741 6
742 13
743 6
744 10
745 10
746 15
747 16
748 13
749 12
750 6
751 11
752 25
753 13
754 7
755 13
756 9
757 15
758 10
759 7
760 5
761 13
762 9
763 9
764 14
765 9
766 10
767 10
768 17
769 9
770 13
771 9
772 15
773 10
774 11
775 8
776 10
777 14
778 11
779 10
780 19
781 12
782 10
783 14
784 13
785 17
786 7
787 12
788 8
789 6
790 7
791 10
792 25
793 10
794 9
795 11
796 7
797 11
798 10
799 11
800 13
801 19
802 9
803 14
804 10
805 9
806 9
807 13
808 14
809 16
810 10
811 12
812 10
813 13
814 17
815 19
816 8
817 9
818 20
819 13
820 9
821 6
822 9
823 8
824 7
825 9
826 11
827 15
828 14
829 13
830 9
831 8
832 9
833 13
834 11
835 12
836 18
837 16
838 17
839 13
840 11
841 5
842 14
843 11
844 8
845 14
846 9
847 11
848 15
849 7
850 10
851 14
852 15
853 10
854 11
855 13
856 14
857 12
858 10
859 9
860 15
861 7
862 9
863 9
864 8
865 13
866 8
867 9
868 12
869 14
870 17
871 10
872 15
873 16
874 13
875 12
876 13
877 13
878 17
879 11
880 12
881 10
882 15
883 11
884 18
885 11
886 13
887 9
888 9
889 11
890 7
891 19
892 10
893 12
894 18
895 17
896 12
897 9
898 11
899 12
900 14
901 19
902 13
903 12
904 8
905 12
906 17
907 14
908 9
909 14
910 11
911 13
912 6
913 16
914 21
915 14
916 12
917 14
918 8
919 14
920 15
921 11
922 11
923 19
924 17
925 11
926 13
927 15
928 11
929 18
930 14
931 12
932 11
933 12
934 12
935 13
936 8
937 15
938 10
939 13
940 9
941 14
942 11
943 18
944 14
945 15
946 10
947 17
948 17
949 7
950 6
951 12
952 15
953 18
954 15
955 10
956 13
957 13
958 13
959 20
960 14
961 8
962 12
963 12
964 6
965 11
966 17
967 11
968 13
969 12
970 10
971 11
972 24
973 19
974 10
975 16
976 12
977 13
978 13
979 10
980 18
981 19
982 15
983 10
984 16
985 10
986 14
987 8
988 14
989 12
990 21
991 14
992 12
993 18
994 11
995 7
996 18
997 21
998 15
999 9
1000 11
1001 17
1002 13
1003 10
1004 16
1005 13
1006 13
1007 17
1008 14
1009 12
1010 16
1011 16
1012 12
1013 11
1014 10
1015 17
1016 11
1017 10
1018 15
1019 18
1020 20
1021 12
1022 10
1023 12
1024 14
1025 12
1026 18
1027 14
1028 21
1029 13
1030 12
1031 12
1032 16
1033 12
1034 8
1035 11
1036 17
1037 12
1038 17
1039 19
1040 10
1041 15
1042 21
1043 15
1044 11
1045 24
1046 16
1047 22
1048 16
1049 7
1050 9
1051 23
1052 14
1053 13
1054 19
1055 6
1056 12
1057 16
1058 23
1059 24
1060 15
1061 12
1062 24
1063 19
1064 15
1065 18
1066 11
1067 15
1068 18
1069 18
1070 20
1071 26
1072 13
1073 27
1074 20
1075 18
1076 25
1077 24
1078 23
1079 19
1080 16
1081 20
1082 17
1083 25
1084 29
1085 24
1086 17
1087 24
1088 23
1089 20
1090 21
1091 17
1092 23
1093 17
1094 21
1095 22
1096 15
1097 13
1098 16
1099 24
1100 19
1101 27
1102 19
1103 23
1104 21
1105 17
1106 24
1107 18
1108 22
1109 24
1110 29
1111 24
1112 23
1113 17
1114 17
1115 22
1116 23
1117 15
1118 24
1119 28
1120 16
1121 18
1122 31
1123 17
1124 17
1125 23
1126 22
1127 18
1128 23
1129 15
1130 19
1131 16
1132 21
1133 19
1134 22
1135 22
1136 38
1137 20
1138 22
1139 18
1140 22
1141 20
1142 38
1143 21
1144 29
1145 32
1146 27
1147 21
1148 40
1149 35
1150 20
1151 16
1152 33
1153 30
1154 27
1155 26
1156 23
1157 26
1158 20
1159 28
1160 26
1161 23
1162 22
1163 26
1164 18
1165 9
1166 25
1167 17
1168 24
1169 18
1170 23
1171 23
1172 20
1173 20
1174 26
1175 23
1176 14
1177 31
1178 23
1179 28
1180 24
1181 35
1182 23
1183 26
1184 22
1185 28
1186 30
1187 26
1188 24
1189 20
1190 22
1191 19
1192 24
1193 27
1194 24
1195 29
1196 37
1197 25
1198 30
1199 19
1200 23
1201 26
1202 25
1203 22
1204 21
1205 25
1206 25
1207 22
1208 27
1209 27
1210 28
1211 32
1212 20
1213 20
1214 22
1215 14
1216 27
1217 25
1218 21
1219 30
1220 26
1221 20
1222 19
1223 29
1224 30
1225 27
1226 27
1227 23
1228 27
1229 22
1230 21
1231 29
1232 21
1233 24
1234 26
1235 33
1236 24
1237 32
1238 39
1239 36
1240 31
1241 24
1242 27
1243 19
1244 28
1245 36
1246 31
1247 29
1248 30
1249 30
1250 29
1251 27
1252 27
1253 30
1254 40
1255 34
1256 38
1257 32
1258 34
1259 33
1260 37
1261 35
1262 48
1263 38
1264 29
1265 40
1266 36
1267 29
1268 32
1269 44
1270 36
1271 33
1272 37
1273 43
1274 38
1275 34
1276 50
1277 40
1278 37
1279 43
1280 44
1281 45
1282 54
1283 31
1284 39
1285 32
1286 39
1287 36
1288 35
1289 46
1290 35
1291 38
1292 38
1293 47
1294 45
1295 47
1296 45
1297 34
1298 43
1299 52
1300 28
1301 42
1302 41
1303 40
1304 41
1305 45
1306 38
1307 48
1308 40
1309 36
1310 39
1311 31
1312 38
1313 35
1314 47
1315 35
1316 47
1317 41
1318 36
1319 38
1320 39
1321 31
1322 37
1323 36
1324 31
1325 27
1326 28
1327 34
1328 34
1329 37
1330 39
1331 34
1332 42
1333 48
1334 29
1335 32
1336 25
1337 36
1338 37
1339 33
1340 37
1341 27
1342 21
1343 31
1344 29
1345 29
1346 34
1347 28
1348 30
1349 25
1350 33
1351 38
1352 36
1353 31
1354 28
1355 38
1356 27
1357 26
1358 21
1359 28
1360 30
1361 39
1362 25
1363 27
1364 34
1365 36
1366 20
1367 31
1368 32
1369 17
1370 28
1371 28
1372 22
1373 21
1374 23
1375 22
1376 23
1377 19
1378 25
1379 25
1380 23
1381 23
1382 24
1383 24
1384 16
1385 24
1386 19
1387 25
1388 16
1389 29
1390 26
1391 37
1392 36
1393 17
1394 36
1395 27
1396 26
1397 24
1398 28
1399 19
1400 23
1401 24
1402 31
1403 24
1404 28
1405 33
1406 17
1407 30
1408 31
1409 29
1410 32
1411 27
1412 35
1413 32
1414 31
1415 34
1416 28
1417 32
1418 33
1419 30
1420 37
1421 29
1422 32
1423 35
1424 35
1425 21
1426 34
1427 31
1428 32
1429 36
1430 43
1431 37
1432 39
1433 33
1434 41
1435 35
1436 37
1437 39
1438 47
1439 38
1440 42
1441 38
1442 48
1443 50
1444 48
1445 40
1446 31
1447 39
1448 36
1449 39
1450 46
1451 41
1452 39
1453 33
1454 38
1455 52
1456 36
1457 39
1458 46
1459 40
1460 57
1461 45
1462 32
1463 37
1464 32
1465 38
1466 46
1467 53
1468 43
1469 53
1470 43
1471 45
1472 60
1473 36
1474 40
1475 43
1476 50
1477 52
1478 35
1479 41
1480 32
1481 40
1482 32
1483 39
1484 32
1485 32
1486 38
1487 45
1488 26
1489 39
1490 21
1491 49
1492 29
1493 28
1494 24
1495 32
1496 40
1497 33
1498 31
1499 19
1500 33
1501 30
1502 33
1503 17
1504 30
1505 30
1506 35
1507 19
1508 18
1509 16
1510 23
1511 29
1512 39
1513 22
1514 22
1515 21
1516 25
1517 25
1518 14
1519 14
1520 16
1521 18
1522 19
1523 9
1524 22
1525 14
1526 16
1527 21
1528 17
1529 9
1530 8
1531 14
1532 12
1533 26
1534 15
1535 10
1536 10
1537 15
1538 11
1539 7
1540 9
1541 14
1542 7
1543 7
1544 12
1545 4
1546 10
1547 9
1548 9
1549 6
1550 7
1551 11
1552 11
1553 8
1554 5
1555 6
1556 16
1557 9
1558 8
1559 13
1560 7
1561 17
1562 11
1563 7
1564 11
1565 12
1566 11
1567 13
1568 6
1569 5
1570 7
1571 11
1572 7
1573 8
1574 12
1575 9
1576 6
1577 9
1578 11
1579 9
1580 2
1581 8
1582 4
1583 7
1584 8
1585 6
1586 10
1587 8
1588 10
1589 7
1590 6
1591 10
1592 10
1593 4
1594 7
1595 9
1596 11
1597 7
1598 12
1599 4
1600 11
1601 5
1602 11
1603 8
1604 17
1605 10
1606 6
1607 10
1608 15
1609 13
1610 11
1611 5
1612 15
1613 15
1614 13
1615 8
1616 13
1617 11
1618 6
1619 12
1620 12
1621 13
1622 4
1623 8
1624 11
1625 8
1626 11
1627 11
1628 11
1629 15
1630 13
1631 15
1632 5
1633 12
1634 8
1635 12
1636 9
1637 6
1638 12
1639 8
1640 11
1641 7
1642 8
1643 9
1644 6
1645 13
1646 8
1647 7
1648 2
1649 11
1650 8
1651 8
1652 7
1653 6
1654 6
1655 4
1656 2
1657 8
1658 4
1659 6
1660 11
1661 6
1662 4
1663 10
1664 2
1665 2
1666 5
1667 3
1668 5
1669 2
1670 10
1671 2
1672 1
1673 3
1674 1
1675 9
1676 5
1677 8
1678 5
1679 5
1680 5
1681 4
1682 5
1683 5
1684 1
1685 2
1686 2
1687 8
1688 3
1689 5
1690 2
1691 0
1692 0
1693 4
1694 3
1695 3
1696 0
1697 1
1698 2
1699 0
1700 3
1701 0
1702 0
1703 1
1704 2
1705 1
1706 1
1707 0
1708 1
1709 1
1710 0
1711 0
1712 3
1713 2
1714 0
1715 1
1716 1
1717 1
1718 0
1719 2
1720 1
1721 1
1722 1
1723 0
1724 0
1725 0
1726 0
1727 3
1728 2
1729 1
1730 0
1731 1
1732 0
1733 1
1734 0
1735 0
1736 0
1737 0
1738 1
1739 0
1740 1
1741 0
1742 0
1743 1
1744 0
1745 0
1746 1
1747 0
1748 0
1749 0
1750 2
1751 0
1752 0
1753 0
1754 0
1755 0
1756 0
1757 1
1758 0
1759 0
1760 0
1761 0
1762 0
1763 1
1764 1
1765 0
1766 1
1767 0
1768 0
1769 0
1770 1
1771 0
1772 0
1773 1
1774 0
1775 1
1776 0
1777 0
1778 0
1779 0
1780 0
1781 0
1782 0
1783 0
1784 0
1785 0
1786 0
1787 0
1788 2
1789 0
1790 1
1791 0
1792 0
1793 0
1794 0
1795 0
1796 0
1797 0
1798 0
1799 0
1800 1
1801 0
1802 1
1803 0
1804 0
1805 1
1806 0
1807 0
1808 0
1809 2
1810 1
1811 2
1812 3
1813 0
1814 0
1815 0
1816 0
1817 2
1818 1
1819 0
1820 0
1821 0
1822 0
1823 1
1824 1
1825 0
1826 0
1827 0
1828 0
1829 0
1830 0
1831 1
1832 0
1833 0
1834 0
1835 1
1836 0
1837 0
1838 1
1839 0
1840 0
1841 1
1842 0
1843 0
1844 1
1845 0
1846 0
1847 0
1848 1
1849 0
1850 0
1851 0
1852 0
1853 0
1854 0
1855 0
1856 1
1857 2
1858 1
1859 1
1860 0
1861 0
1862 0
1863 1
1864 0
1865 0
1866 0
1867 0
1868 1
1869 1
1870 0
1871 0
1872 0
1873 0
1874 0
1875 0
1876 1
1877 0
1878 0
1879 0
1880 1
1881 0
1882 0
1883 1
1884 0
1885 0
1886 0
1887 0
1888 0
1889 1
1890 0
1891 0
1892 2
1893 0
1894 0
1895 0
1896 0
1897 0
1898 0
1899 0
1900 0
1901 0
1902 0
1903 0
1904 0
1905 0
1906 0
1907 0
1908 0
1909 0
1910 0
1911 0
1912 0
1913 2
1914 0
1915 0
1916 0
1917 0
1918 1
1919 1
1920 0
1921 2
1922 1
1923 1
1924 1
1925 2
1926 0
1927 0
1928 0
1929 0
1930 0
1931 0
1932 0
1933 1
1934 0
1935 0
1936 1
1937 2
1938 0
1939 0
1940 0
1941 0
1942 1
1943 1
1944 0
1945 2
1946 0
1947 0
1948 1
1949 0
1950 0
1951 0
1952 0
1953 0
1954 0
1955 0
1956 1
1957 0
1958 0
1959 0
1960 0
1961 0
1962 1
1963 0
1964 0
1965 0
1966 1
1967 0
1968 0
1969 0
1970 0
1971 1
1972 0
1973 1
1974 0
1975 1
1976 0
1977 0
1978 0
1979 1
1980 0
1981 3
1982 1
1983 0
1984 0
1985 1
1986 0
1987 0
1988 1
1989 0
1990 1
1991 0
1992 0
1993 0
1994 0
1995 0
1996 0
1997 0
1998 1
1999 1
2000 0
2001 1
2002 0
2003 0
2004 1
2005 1
2006 0
2007 1
2008 1
2009 0
2010 1
2011 0
2012 0
2013 0
2014 0
2015 0
2016 0
2017 0
2018 0
2019 0
2020 0
2021 0
2022 0
2023 1
2024 0
2025 1
2026 0
2027 1
2028 0
2029 0
2030 0
2031 0
2032 0
2033 0
2034 0
2035 0
2036 0
2037 0
2038 0
2039 0
2040 0
2041 0
2042 0
2043 0
2044 0
2045 0
2046 0
2047 0
