# Dead time factor = 1.00000
0 0
1 0
2 0
3 0
4 0
5 0
6 0
7 0
8 0
9 0
10 0
11 0
12 0
13 0
14 0
15 0
16 0
17 0
18 0
19 0
20 2
21 16
22 16
23 20
24 19
25 25
26 8
27 19
28 23
29 25
30 12
31 22
32 24
33 32
34 28
35 22
36 22
37 29
38 26
39 29
40 19
41 27
42 36
43 33
44 25
45 29
46 49
47 68
48 84
49 109
50 121
51 120
52 122
53 115
54 110
55 80
56 51
57 45
58 36
59 31
60 23
61 22
62 17
63 16
64 19
65 12
66 20
67 19
68 22
69 11
70 13
71 11
72 11
73 13
74 14
75 8
76 12
77 12
78 7
79 8
80 19
81 8
82 11
83 16
84 14
85 11
86 16
87 12
88 14
89 12
90 11
91 10
92 13
93 18
94 19
95 11
96 13
97 17
98 5
99 16
100 8
101 9
102 15
103 9
104 6
105 10
106 9
107 12
108 11
109 8
110 8
111 8
112 7
113 8
114 7
115 6
116 5
117 4
118 13
119 7
120 9
121 4
122 7
123 12
124 5
125 13
126 8
127 7
128 8
129 5
130 4
131 10
132 3
133 3
134 8
135 5
136 5
137 7
138 4
139 10
140 9
141 4
142 14
143 3
144 8
145 9
146 8
147 10
148 7
149 9
150 8
151 2
152 8
153 8
154 7
155 9
156 7
157 6
158 4
159 9
160 6
161 10
162 7
163 10
164 8
165 11
166 12
167 15
168 20
169 7
170 14
171 14
172 14
173 12
174 22
175 15
176 15
177 10
178 12
179 12
180 7
181 7
182 6
183 11
184 11
185 12
186 8
187 5
188 6
189 5
190 5
191 11
192 4
193 4
194 3
195 2
196 3
197 6
198 7
199 9
200 2
201 4
202 8
203 7
204 1
205 10
206 3
207 3
208 6
209 6
210 7
211 8
212 4
213 6
214 6
215 7
216 3
217 7
218 2
219 7
220 8
221 3
222 5
223 5
224 11
225 2
226 6
227 5
228 1
229 5
230 5
231 3
232 5
233 6
234 3
235 4
236 2
237 4
238 7
239 5
240 3
241 5
242 5
243 4
244 5
245 5
246 5
247 6
248 4
249 2
250 4
251 7
252 6
253 4
254 6
255 7
256 3
257 2
258 1
259 4
260 1
261 7
262 6
263 1
264 6
265 8
266 7
267 3
268 5
269 2
270 1
271 4
272 2
273 3
274 4
275 4
276 2
277 7
278 3
279 4
280 6
281 5
282 2
283 2
284 7
285 0
286 5
287 5
288 2
289 2
290 3
291 5
292 9
293 5
294 2
295 6
296 5
297 2
298 2
299 2
300 8
301 7
302 5
303 3
304 3
305 2
306 6
307 3
308 2
309 3
310 10
311 0
312 5
313 6
314 3
315 1
316 4
317 5
318 3
319 3
320 5
321 4
322 3
323 3
324 3
325 3
326 3
327 4
328 1
329 2
330 4
331 4
332 10
333 4
334 6
335 6
336 3
337 2
338 5
339 5
340 5
341 4
342 3
343 7
344 1
345 5
346 6
347 6
348 6
349 8
350 2
351 6
352 6
353 3
354 6
355 3
356 7
357 3
358 7
359 4
360 8
361 4
362 4
363 3
364 6
365 4
366 3
367 8
368 2
369 4
370 5
371 3
372 2
373 2
374 6
375 2
376 5
377 2
378 4
379 3
380 1
381 4
382 4
383 2
384 2
385 4
386 4
387 7
388 2
389 0
390 4
391 2
392 1
393 4
394 4
395 7
396 5
397 2
398 2
399 6
400 0
401 4
402 5
403 5
404 6
405 1
406 1
407 4
408 0
409 3
410 5
411 7
412 0
413 3
414 1
415 0
416 6
417 1
418 5
419 0
420 3
421 7
422 3
423 1
424 4
425 4
426 0
427 3
428 3
429 4
430 3
431 3
432 2
433 2
434 2
435 2
436 2
437 1
438 3
439 2
440 3
441 4
442 7
443 6
444 2
445 5
446 1
447 4
448 6
449 8
450 0
451 4
452 7
453 3
454 5
455 3
456 2
457 4
458 0
459 6
460 3
461 3
462 4
463 2
464 7
465 4
466 4
467 1
468 4
469 5
470 4
471 3
472 6
473 3
474 4
475 4
476 5
477 2
478 1
479 2
480 5
481 1
482 3
483 4
484 5
485 2
486 7
487 5
488 6
489 3
490 6
491 2
492 4
493 5
494 1
495 4
496 3
497 2
498 2
499 0
500 2
501 4
502 2
503 5
504 0
505 3
506 2
507 4
508 5
509 4
510 5
511 1
512 3
513 5
514 3
515 4
516 1
517 2
518 4
519 0
520 3
521 2
522 2
523 2
524 5
525 1
526 6
527 2
528 2
529 4
530 4
531 4
532 2
533 4
534 4
535 1
536 1
537 7
538 5
539 1
540 6
541 2
542 2
543 5
544 2
545 2
546 6
547 2
548 3
549 4
550 2
551 1
552 4
553 3
554 3
555 1
556 4
557 3
558 6
559 3
560 2
561 5
562 3
563 4
564 0
565 3
566 1
567 1
568 5
569 1
570 2
571 5
572 3
573 3
574 5
575 2
576 5
577 4
578 3
579 1
580 4
581 1
582 5
583 5
584 4
585 3
586 3
587 6
588 1
589 1
590 5
591 1
592 2
593 3
594 3
595 0
596 6
597 1
598 5
599 4
600 3
601 8
602 3
603 4
604 3
605 4
606 3
607 4
608 4
609 3
610 3
611 4
612 3
613 1
614 3
615 3
616 3
617 2
618 5
619 2
620 3
621 4
622 1
623 3
624 5
625 4
626 4
627 1
628 1
629 2
630 4
631 3
632 3
633 3
634 3
635 3
636 2
637 2
638 3
639 4
640 8
641 2
642 4
643 1
644 2
645 3
646 4
647 6
648 2
649 4
650 6
651 2
652 2
653 2
654 1
655 4
656 4
657 1
658 2
659 1
660 3
661 3
662 3
663 2
664 4
665 1
666 3
667 1
668 2
669 2
670 4
671 2
672 6
673 3
674 1
675 2
676 1
677 2
678 5
679 1
680 6
681 3
682 4
683 0
684 1
685 1
686 4
687 4
688 2
689 2
690 2
691 2
692 3
693 1
694 3
695 1
696 3
697 3
698 3
699 1
700 2
701 1
702 2
703 10
704 3
705 2
706 5
707 4
708 5
709 3
710 3
711 6
712 0
713 1
714 5
715 3
716 3
717 3
718 2
719 8
720 2
721 5
722 3
723 0
724 5
725 4
726 4
727 5
728 1
729 2
730 1
731 3
732 7
733 4
734 1
735 4
736 6
737 6
738 6
739 1
740 3
741 2
742 1
743 6
744 1
745 4
746 6
747 3
748 4
749 4
750 4
751 3
752 1
753 5
754 2
755 9
756 6
757 4
758 4
759 2
760 3
761 0
762 4
763 1
764 5
765 5
766 5
767 3
768 2
769 1
770 1
771 2
772 2
773 4
774 3
775 6
776 3
777 4
778 7
779 5
780 4
781 3
782 1
783 2
784 0
785 4
786 4
787 4
788 8
789 1
790 0
791 5
792 2
793 2
794 1
795 6
796 4
797 7
798 6
799 1
800 2
801 1
802 4
803 2
804 4
805 3
806 1
807 3
808 6
809 3
810 5
811 4
812 3
813 4
814 3
815 1
816 3
817 1
818 7
819 2
820 4
821 3
822 7
823 2
824 2
825 3
826 3
827 6
828 4
829 6
830 2
831 3
832 5
833 3
834 3
835 6
836 1
837 4
838 2
839 1
840 4
841 2
842 3
843 5
844 4
845 2
846 3
847 5
848 2
849 4
850 2
851 4
852 6
853 6
854 3
855 3
856 0
857 3
858 4
859 4
860 2
861 3
862 1
863 1
864 1
865 6
866 4
867 2
868 6
869 2
870 1
871 7
872 3
873 4
874 2
875 2
876 4
877 5
878 5
879 7
880 2
881 3
882 4
883 5
884 2
885 9
886 5
887 4
888 0
889 2
890 8
891 2
892 6
893 7
894 2
895 1
896 4
897 3
898 2
899 1
900 5
901 1
902 9
903 1
904 0
905 4
906 6
907 4
908 6
909 5
910 6
911 2
912 2
913 2
914 5
915 3
916 2
917 4
918 4
919 3
920 2
921 4
922 3
923 3
924 6
925 8
926 7
927 5
928 4
929 5
930 0
931 1
932 3
933 7
934 4
935 8
936 3
937 5
938 2
939 4
940 6
941 3
942 8
943 5
944 3
945 4
946 2
947 1
948 1
949 4
950 2
951 2
952 8
953 4
954 6
955 10
956 5
957 2
958 4
959 4
960 5
961 0
962 3
963 4
964 6
965 5
966 6
967 6
968 6
969 8
970 5
971 5
972 5
973 4
974 3
975 3
976 10
977 4
978 7
979 5
980 5
981 2
982 2
983 4
984 3
985 4
986 3
987 3
988 4
989 4
990 4
991 3
992 4
993 7
994 3
995 2
996 2
997 3
998 4
999 3
1000 6
1001 2
1002 6
1003 5
1004 4
1005 3
1006 5
1007 3
1008 6
1009 8
1010 3
1011 4
1012 3
1013 6
1014 3
1015 1
1016 4
1017 2
1018 1
1019 3
1020 1
1021 5
1022 2
1023 6
1024 8
1025 5
1026 7
1027 2
1028 3
1029 2
1030 11
1031 4
1032 3
1033 5
1034 7
1035 8
1036 2
1037 2
1038 3
1039 5
1040 9
1041 9
1042 8
1043 8
1044 7
1045 3
1046 4
1047 2
1048 8
1049 5
1050 8
1051 9
1052 5
1053 2
1054 7
1055 2
1056 6
1057 5
1058 0
1059 6
1060 5
1061 8
1062 7
1063 5
1064 7
1065 2
1066 4
1067 4
1068 4
1069 5
1070 2
1071 6
1072 10
1073 8
1074 8
1075 6
1076 3
1077 9
1078 5
1079 7
1080 7
1081 4
1082 3
1083 7
1084 3
1085 4
1086 10
1087 4
1088 5
1089 6
1090 4
1091 5
1092 4
1093 3
1094 4
1095 6
1096 5
1097 4
1098 9
1099 4
1100 4
1101 5
1102 5
1103 9
1104 9
1105 4
1106 6
1107 3
1108 6
1109 8
1110 5
1111 9
1112 5
1113 6
1114 5
1115 7
1116 5
1117 2
1118 2
1119 11
1120 3
1121 11
1122 7
1123 3
1124 2
1125 8
1126 7
1127 9
1128 8
1129 10
1130 8
1131 5
1132 9
1133 9
1134 7
1135 3
1136 7
1137 5
1138 5
1139 7
1140 6
1141 9
1142 11
1143 6
1144 3
1145 7
1146 10
1147 8
1148 9
1149 6
1150 8
1151 2
1152 10
1153 7
1154 4
1155 8
1156 3
1157 5
1158 7
1159 4
1160 5
1161 7
1162 6
1163 9
1164 8
1165 6
1166 4
1167 2
1168 2
1169 7
1170 15
1171 4
1172 10
1173 5
1174 8
1175 5
1176 7
1177 5
1178 8
1179 5
1180 10
1181 4
1182 9
1183 9
1184 6
1185 7
1186 3
1187 6
1188 11
1189 5
1190 7
1191 7
1192 9
1193 8
1194 5
1195 2
1196 6
1197 9
1198 5
1199 6
1200 5
1201 11
1202 5
1203 6
1204 10
1205 5
1206 7
1207 9
1208 7
1209 9
1210 5
1211 9
1212 11
1213 5
1214 5
1215 3
1216 5
1217 11
1218 8
1219 11
1220 11
1221 10
1222 10
1223 9
1224 11
1225 7
1226 6
1227 11
1228 14
1229 10
1230 7
1231 4
1232 7
1233 13
1234 9
1235 9
1236 7
1237 9
1238 9
1239 4
1240 7
1241 16
1242 7
1243 11
1244 5
1245 12
1246 7
1247 11
1248 4
1249 9
1250 10
1251 5
1252 11
1253 7
1254 7
1255 10
1256 10
1257 8
1258 12
1259 11
1260 8
1261 14
1262 6
1263 9
1264 10
1265 15
1266 9
1267 15
1268 11
1269 13
1270 21
1271 12
1272 11
1273 12
1274 17
1275 10
1276 11
1277 16
1278 17
1279 10
1280 12
1281 9
1282 16
1283 11
1284 10
1285 15
1286 12
1287 5
1288 13
1289 19
1290 10
1291 10
1292 15
1293 12
1294 11
1295 16
1296 7
1297 16
1298 15
1299 19
1300 13
1301 14
1302 6
1303 8
1304 13
1305 14
1306 11
1307 14
1308 13
1309 8
1310 13
1311 16
1312 15
1313 11
1314 10
1315 15
1316 14
1317 7
1318 10
1319 12
1320 7
1321 10
1322 11
1323 14
1324 17
1325 13
1326 12
1327 7
1328 12
1329 10
1330 10
1331 14
1332 6
1333 11
1334 9
1335 8
1336 11
1337 9
1338 9
1339 15
1340 15
1341 8
1342 8
1343 10
1344 8
1345 2
1346 13
1347 5
1348 6
1349 8
1350 3
1351 9
1352 7
1353 7
1354 9
1355 10
1356 8
1357 6
1358 12
1359 10
1360 11
1361 10
1362 6
1363 10
1364 6
1365 6
1366 7
1367 1
1368 11
1369 5
1370 9
1371 12
1372 7
1373 11
1374 4
1375 10
1376 6
1377 5
1378 4
1379 4
1380 5
1381 4
1382 5
1383 7
1384 7
1385 8
1386 7
1387 6
1388 7
1389 4
1390 5
1391 7
1392 6
1393 10
1394 7
1395 7
1396 2
1397 7
1398 6
1399 8
1400 11
1401 11
1402 11
1403 9
1404 9
1405 12
1406 11
1407 8
1408 8
1409 6
1410 8
1411 11
1412 7
1413 5
1414 11
1415 7
1416 9
1417 12
1418 12
1419 9
1420 12
1421 9
1422 8
1423 18
1424 12
1425 12
1426 7
1427 10
1428 12
1429 11
1430 14
1431 12
1432 14
1433 9
1434 11
1435 9
1436 6
1437 7
1438 13
1439 14
1440 9
1441 11
1442 7
1443 13
1444 11
1445 8
1446 12
1447 8
1448 15
1449 10
1450 4
1451 12
1452 9
1453 15
1454 10
1455 22
1456 15
1457 17
1458 12
1459 10
1460 13
1461 16
1462 12
1463 18
1464 18
1465 11
1466 16
1467 15
1468 15
1469 12
1470 12
1471 16
1472 6
1473 15
1474 12
1475 11
1476 10
1477 9
1478 10
1479 10
1480 16
1481 7
1482 11
1483 15
1484 13
1485 11
1486 11
1487 10
1488 9
1489 10
1490 9
1491 10
1492 9
1493 10
1494 14
1495 11
1496 9
1497 10
1498 11
1499 7
1500 4
1501 10
1502 10
1503 11
1504 13
1505 5
1506 9
1507 7
1508 6
1509 9
1510 8
1511 4
1512 9
1513 6
1514 7
1515 9
1516 4
1517 4
1518 6
1519 8
1520 5
1521 6
1522 7
1523 3
1524 7
1525 7
1526 5
1527 1
1528 8
1529 2
1530 5
1531 4
1532 5
1533 5
1534 4
1535 3
1536 4
1537 4
1538 4
1539 3
1540 1
1541 2
1542 2
1543 0
1544 1
1545 3
1546 3
1547 3
1548 4
1549 4
1550 3
1551 2
1552 5
1553 2
1554 2
1555 3
1556 2
1557 3
1558 2
1559 2
1560 3
1561 5
1562 4
1563 2
1564 1
1565 3
1566 2
1567 2
1568 1
1569 0
1570 2
1571 3
1572 1
1573 1
1574 3
1575 4
1576 2
1577 5
1578 1
1579 4
1580 6
1581 4
1582 1
1583 0
1584 3
1585 2
1586 4
1587 5
1588 2
1589 2
1590 1
1591 1
1592 1
1593 4
1594 3
1595 4
1596 2
1597 2
1598 3
1599 1
1600 2
1601 0
1602 3
1603 3
1604 1
1605 1
1606 3
1607 5
1608 4
1609 4
1610 1
1611 3
1612 1
1613 3
1614 1
1615 5
1616 2
1617 5
1618 1
1619 5
1620 3
1621 3
1622 2
1623 1
1624 6
1625 3
1626 5
1627 3
1628 1
1629 2
1630 2
1631 2
1632 3
1633 1
1634 3
1635 1
1636 4
1637 5
1638 2
1639 4
1640 3
1641 1
1642 1
1643 2
1644 2
1645 3
1646 3
1647 2
1648 4
1649 3
1650 2
1651 3
1652 2
1653 0
1654 2
1655 1
1656 4
1657 0
1658 2
1659 1
1660 1
1661 2
1662 2
1663 2
1664 3
1665 2
1666 1
1667 1
1668 0
1669 3
1670 2
1671 0
1672 1
1673 1
1674 0
1675 0
1676 0
1677 4
1678 1
1679 0
1680 1
1681 0
1682 0
1683 1
1684 0
1685 1
1686 3
1687 1
1688 0
1689 2
1690 0
1691 1
1692 0
1693 1
1694 0
1695 0
1696 2
1697 0
1698 0
1699 1
1700 0
1701 0
1702 1
1703 0
1704 0
1705 0
1706 1
1707 0
1708 0
1709 0
1710 0
1711 1
1712 1
1713 0
1714 1
1715 1
1716 1
1717 0
1718 0
1719 1
1720 0
1721 0
1722 0
1723 0
1724 0
1725 1
1726 0
1727 0
1728 1
1729 0
1730 1
1731 1
1732 0
1733 0
1734 0
1735 0
1736 0
1737 0
1738 0
1739 0
1740 1
1741 1
1742 0
1743 0
1744 0
1745 0
1746 1
1747 0
1748 0
1749 0
1750 0
1751 0
1752 0
1753 0
1754 0
1755 0
1756 0
1757 0
1758 0
1759 2
1760 0
1761 0
1762 0
1763 0
1764 0
1765 0
1766 0
1767 0
1768 1
1769 0
1770 0
1771 0
1772 0
1773 0
1774 0
1775 0
1776 0
1777 0
1778 0
1779 1
1780 0
1781 0
1782 1
1783 0
1784 1
1785 1
1786 0
1787 0
1788 0
1789 0
1790 1
1791 1
1792 0
1793 0
1794 0
1795 0
1796 0
1797 0
1798 0
1799 0
1800 0
1801 0
1802 0
1803 0
1804 0
1805 0
1806 0
1807 1
1808 0
1809 0
1810 0
1811 0
1812 0
1813 0
1814 0
1815 0
1816 0
1817 0
1818 0
1819 0
1820 0
1821 0
1822 0
1823 0
1824 0
1825 1
1826 1
1827 0
1828 0
1829 1
1830 1
1831 0
1832 0
1833 0
1834 0
1835 1
1836 0
1837 1
1838 0
1839 0
1840 0
1841 0
1842 0
1843 1
1844 2
1845 2
1846 1
1847 0
1848 0
1849 0
1850 1
1851 0
1852 0
1853 0
1854 0
1855 1
1856 0
1857 1
1858 0
1859 0
1860 0
1861 0
1862 0
1863 0
1864 1
1865 0
1866 1
1867 1
1868 0
1869 0
1870 1
1871 1
1872 0
1873 0
1874 0
1875 0
1876 2
1877 0
1878 0
1879 0
1880 0
1881 0
1882 0
1883 0
1884 0
1885 0
1886 0
1887 0
1888 0
1889 0
1890 0
1891 1
1892 0
1893 0
1894 0
1895 0
1896 0
1897 0
1898 0
1899 0
1900 0
1901 0
1902 0
1903 0
1904 0
1905 1
1906 0
1907 0
1908 0
1909 0
1910 0
1911 0
1912 0
1913 0
1914 0
1915 1
1916 0
1917 0
1918 0
1919 1
1920 0
1921 0
1922 0
1923 0
1924 0
1925 0
1926 0
1927 0
1928 0
1929 0
1930 0
1931 0
1932 0
1933 1
1934 1
1935 0
1936 0
1937 1
1938 0
1939 1
1940 0
1941 0
1942 1
1943 1
1944 1
1945 0
1946 0
1947 0
1948 0
1949 2
1950 0
1951 0
1952 0
1953 0
1954 0
1955 0
1956 0
1957 0
1958 0
1959 0
1960 0
1961 0
1962 0
1963 0
1964 0
1965 0
1966 0
1967 0
1968 0
1969 0
1970 0
1971 0
1972 0
1973 0
1974 0
1975 0
1976 0
1977 0
1978 0
1979 1
1980 0
1981 0
1982 0
1983 0
1984 0
1985 1
1986 0
1987 0
1988 0
1989 0
1990 0
1991 0
1992 1
1993 0
1994 0
1995 0
1996 1
1997 0
1998 0
1999 0
2000 0
2001 0
2002 0
2003 0
2004 0
2005 0
2006 0
2007 0
2008 0
2009 0
2010 0
2011 0
2012 0
2013 0
2014 0
2015 1
2016 0
2017 0
2018 1
2019 0
2020 0
2021 0
2022 0
2023 0
2024 0
2025 0
2026 0
2027 1
2028 0
2029 0
2030 0
2031 0
2032 0
2033 0
2034 0
2035 0
2036 0
2037 0
2038 0
2039 0
2040 0
2041 0
2042 0
2043 0
2044 0
2045 0
2046 0
2047 0
