# Dead time factor = 1.00000
0 0
1 0
2 0
3 0
4 0
5 0
6 0
7 0
8 0
9 0
10 0
11 0
12 0
13 0
14 0
15 0
16 0
17 0
18 0
19 0
20 2
21 23
22 27
23 29
24 30
25 46
26 32
27 36
28 38
29 23
30 37
31 52
32 41
33 48
34 37
35 42
36 50
37 46
38 52
39 48
40 44
41 48
42 59
43 50
44 48
45 54
46 65
47 96
48 101
49 142
50 138
51 196
52 167
53 132
54 113
55 107
56 92
57 67
58 61
59 53
60 43
61 40
62 47
63 35
64 32
65 32
66 38
67 31
68 29
69 36
70 33
71 33
72 33
73 37
74 35
75 33
76 31
77 20
78 28
79 25
80 43
81 47
82 35
83 36
84 44
85 32
86 42
87 34
88 40
89 44
90 33
91 24
92 29
93 41
94 38
95 35
96 21
97 33
98 28
99 26
100 28
101 29
102 30
103 24
104 35
105 30
106 32
107 30
108 27
109 26
110 30
111 19
112 21
113 25
114 20
115 24
116 19
117 17
118 24
119 24
120 21
121 22
122 20
123 26
124 16
125 22
126 21
127 19
128 29
129 24
130 14
131 22
132 21
133 18
134 26
135 29
136 18
137 28
138 24
139 19
140 19
141 24
142 19
143 23
144 18
145 22
146 28
147 19
148 19
149 28
150 18
151 22
152 19
153 25
154 21
155 19
156 25
157 17
158 20
159 28
160 22
161 29
162 23
163 26
164 40
165 39
166 40
167 42
168 40
169 37
170 44
171 49
172 42
173 32
174 42
175 32
176 39
177 30
178 32
179 27
180 22
181 38
182 28
183 24
184 25
185 24
186 29
187 18
188 21
189 19
190 18
191 28
192 17
193 6
194 10
195 20
196 18
197 15
198 19
199 14
200 24
201 22
202 12
203 14
204 16
205 15
206 13
207 13
208 18
209 9
210 20
211 15
212 15
213 15
214 20
215 26
216 19
217 16
218 16
219 15
220 11
221 19
222 10
223 25
224 14
225 23
226 17
227 10
228 23
229 15
230 20
231 15
232 15
233 14
234 18
235 13
236 18
237 10
238 17
239 20
240 16
241 15
242 17
243 15
244 20
245 16
246 14
247 17
248 20
249 20
250 13
251 21
252 15
253 22
254 14
255 16
256 7
257 11
258 12
259 19
260 15
261 13
262 11
263 11
264 14
265 12
266 10
267 5
268 16
269 15
270 7
271 18
272 12
273 14
274 10
275 16
276 15
277 16
278 12
279 14
280 13
281 17
282 9
283 10
284 18
285 20
286 10
287 18
288 17
289 8
290 14
291 17
292 9
293 12
294 11
295 16
296 13
297 15
298 9
299 10
300 9
301 11
302 6
303 18
304 8
305 16
306 15
307 15
308 13
309 14
310 19
311 13
312 11
313 16
314 9
315 17
316 11
317 16
318 16
319 12
320 12
321 9
322 14
323 13
324 16
325 12
326 11
327 15
328 12
329 13
330 17
331 10
332 17
333 12
334 12
335 9
336 10
337 11
338 14
339 24
340 15
341 23
342 13
343 14
344 13
345 15
346 10
347 17
348 10
349 24
350 22
351 18
352 13
353 11
354 21
355 13
356 11
357 14
358 14
359 10
360 16
361 3
362 14
363 15
364 10
365 7
366 11
367 10
368 11
369 9
370 16
371 9
372 13
373 11
374 12
375 14
376 8
377 9
378 13
379 9
380 4
381 12
382 9
383 14
384 11
385 9
386 14
387 16
388 10
389 9
390 6
391 5
392 11
393 13
394 13
395 10
396 16
397 14
398 16
399 11
400 12
401 10
402 10
403 7
404 11
405 13
406 12
407 6
408 14
409 11
410 10
411 12
412 7
413 10
414 11
415 14
416 13
417 11
418 12
419 9
420 20
421 15
422 14
423 9
424 14
425 7
426 14
427 11
428 14
429 14
430 16
431 12
432 5
433 19
434 13
435 10
436 13
437 10
438 6
439 15
440 10
441 6
442 12
443 16
444 12
445 12
446 8
447 10
448 9
449 14
450 8
451 8
452 7
453 14
454 12
455 6
456 10
457 6
458 10
459 6
460 7
461 10
462 10
463 13
464 7
465 9
466 6
467 19
468 8
469 11
470 14
471 7
472 7
473 11
474 11
475 12
476 11
477 4
478 8
479 16
480 7
481 7
482 7
483 8
484 15
485 11
486 7
487 11
488 8
489 11
490 21
491 9
492 12
493 8
494 12
495 6
496 7
497 4
498 9
499 8
500 15
501 8
502 12
503 10
504 11
505 12
506 15
507 15
508 10
509 13
510 6
511 9
512 12
513 8
514 8
515 5
516 12
517 10
518 8
519 9
520 13
521 7
522 20
523 6
524 13
525 14
526 7
527 9
528 13
529 9
530 6
531 13
532 10
533 9
534 11
535 15
536 10
537 4
538 10
539 6
540 6
541 15
542 8
543 8
544 8
545 6
546 4
547 11
548 11
549 10
550 11
551 11
552 11
553 9
554 8
555 6
556 11
557 12
558 9
559 9
560 8
561 7
562 16
563 13
564 15
565 9
566 10
567 23
568 8
569 9
570 6
571 5
572 9
573 12
574 10
575 13
576 17
577 14
578 2
579 8
580 10
581 10
582 10
583 11
584 6
585 10
586 9
587 7
588 13
589 10
590 8
591 8
592 8
593 10
594 9
595 12
596 9
597 12
598 10
599 3
600 19
601 7
602 13
603 12
604 9
605 9
606 10
607 12
608 18
609 14
610 8
611 5
612 4
613 11
614 13
615 15
616 10
617 8
618 13
619 7
620 9
621 14
622 7
623 6
624 9
625 6
626 13
627 8
628 9
629 8
630 10
631 12
632 5
633 12
634 10
635 13
636 13
637 7
638 9
639 18
640 11
641 16
642 11
643 15
644 12
645 6
646 14
647 8
648 12
649 11
650 11
651 6
652 15
653 12
654 19
655 16
656 13
657 9
658 8
659 9
660 8
661 6
662 11
663 11
664 9
665 8
666 9
667 6
668 9
669 6
670 14
671 6
672 18
673 10
674 5
675 12
676 7
677 10
678 13
679 12
680 11
681 10
682 15
683 12
684 9
685 10
686 6
687 16
688 7
689 11
690 11
691 7
692 9
693 11
694 17
695 10
696 9
697 11
698 8
699 7
700 16
701 8
702 11
703 12
704 10
705 8
706 10
707 10
708 12
709 16
710 15
711 7
712 8
713 14
714 11
715 12
716 9
717 11
718 13
719 4
720 7
721 14
722 11
723 11
724 8
725 11
726 10
727 14
728 9
729 16
730 5
731 18
732 11
733 14
734 8
735 6
736 14
737 11
738 14
739 13
740 10
741 14
742 7
743 9
744 12
745 21
746 8
747 12
748 11
749 12
750 14
751 10
752 10
753 11
754 9
755 5
756 13
757 9
758 13
759 8
760 6
761 14
762 6
763 11
764 9
765 13
766 16
767 10
768 12
769 12
770 13
771 11
772 10
773 9
774 14
775 7
776 12
777 19
778 6
779 7
780 12
781 7
782 5
783 7
784 6
785 17
786 11
787 15
788 12
789 10
790 16
791 8
792 17
793 17
794 9
795 18
796 5
797 10
798 7
799 12
800 12
801 11
802 10
803 7
804 12
805 7
806 14
807 9
808 8
809 15
810 11
811 8
812 9
813 18
814 10
815 14
816 11
817 13
818 8
819 16
820 10
821 4
822 4
823 14
824 6
825 11
826 8
827 14
828 9
829 12
830 11
831 17
832 9
833 12
834 12
835 11
836 12
837 18
838 9
839 6
840 11
841 13
842 10
843 12
844 12
845 8
846 14
847 11
848 9
849 13
850 6
851 14
852 18
853 11
854 13
855 12
856 9
857 14
858 7
859 8
860 12
861 15
862 8
863 12
864 12
865 6
866 16
867 11
868 13
869 17
870 15
871 8
872 17
873 13
874 9
875 15
876 9
877 8
878 6
879 13
880 11
881 11
882 12
883 15
884 15
885 16
886 7
887 15
888 14
889 9
890 11
891 11
892 11
893 17
894 11
895 14
896 12
897 10
898 13
899 17
900 10
901 12
902 14
903 9
904 17
905 9
906 15
907 17
908 9
909 16
910 15
911 15
912 12
913 13
914 14
915 13
916 14
917 13
918 8
919 18
920 14
921 11
922 11
923 18
924 10
925 8
926 11
927 13
928 14
929 13
930 15
931 12
932 8
933 24
934 17
935 16
936 10
937 10
938 14
939 10
940 14
941 16
942 10
943 16
944 5
945 14
946 16
947 13
948 19
949 14
950 16
951 12
952 12
953 4
954 15
955 10
956 17
957 12
958 14
959 9
960 12
961 7
962 15
963 14
964 6
965 14
966 8
967 10
968 16
969 10
970 13
971 22
972 15
973 6
974 13
975 18
976 16
977 18
978 11
979 10
980 15
981 13
982 21
983 17
984 8
985 12
986 13
987 13
988 16
989 16
990 9
991 12
992 14
993 9
994 11
995 14
996 18
997 15
998 9
999 17
1000 12
1001 14
1002 14
1003 12
1004 7
1005 12
1006 15
1007 22
1008 10
1009 15
1010 11
1011 10
1012 14
1013 20
1014 14
1015 12
1016 16
1017 14
1018 12
1019 9
1020 14
1021 17
1022 15
1023 16
1024 18
1025 19
1026 17
1027 13
1028 9
1029 14
1030 17
1031 12
1032 19
1033 12
1034 9
1035 18
1036 15
1037 6
1038 7
1039 13
1040 13
1041 15
1042 19
1043 22
1044 14
1045 15
1046 17
1047 16
1048 14
1049 17
1050 10
1051 16
1052 14
1053 12
1054 25
1055 8
1056 25
1057 18
1058 19
1059 21
1060 20
1061 22
1062 22
1063 13
1064 17
1065 18
1066 26
1067 26
1068 17
1069 16
1070 16
1071 19
1072 16
1073 23
1074 16
1075 17
1076 16
1077 17
1078 13
1079 23
1080 25
1081 26
1082 12
1083 16
1084 24
1085 24
1086 28
1087 16
1088 29
1089 22
1090 28
1091 10
1092 13
1093 30
1094 21
1095 20
1096 21
1097 26
1098 17
1099 24
1100 34
1101 12
1102 18
1103 21
1104 28
1105 21
1106 24
1107 18
1108 26
1109 32
1110 35
1111 40
1112 18
1113 16
1114 29
1115 15
1116 28
1117 22
1118 22
1119 27
1120 28
1121 16
1122 25
1123 23
1124 26
1125 31
1126 26
1127 22
1128 26
1129 23
1130 16
1131 26
1132 26
1133 22
1134 23
1135 27
1136 23
1137 21
1138 24
1139 27
1140 23
1141 26
1142 19
1143 22
1144 15
1145 14
1146 20
1147 41
1148 37
1149 19
1150 21
1151 35
1152 27
1153 24
1154 27
1155 16
1156 30
1157 13
1158 28
1159 19
1160 23
1161 23
1162 36
1163 15
1164 24
1165 19
1166 28
1167 27
1168 20
1169 15
1170 25
1171 20
1172 27
1173 22
1174 26
1175 29
1176 33
1177 30
1178 25
1179 30
1180 19
1181 30
1182 23
1183 26
1184 25
1185 25
1186 23
1187 27
1188 18
1189 28
1190 20
1191 26
1192 24
1193 18
1194 24
1195 17
1196 27
1197 26
1198 22
1199 24
1200 30
1201 25
1202 25
1203 30
1204 31
1205 25
1206 23
1207 18
1208 16
1209 29
1210 25
1211 33
1212 24
1213 30
1214 22
1215 25
1216 28
1217 19
1218 27
1219 23
1220 29
1221 25
1222 26
1223 22
1224 24
1225 23
1226 31
1227 27
1228 31
1229 31
1230 30
1231 24
1232 36
1233 32
1234 22
1235 27
1236 22
1237 37
1238 29
1239 38
1240 22
1241 30
1242 19
1243 18
1244 47
1245 25
1246 36
1247 32
1248 30
1249 33
1250 35
1251 39
1252 38
1253 32
1254 32
1255 38
1256 36
1257 30
1258 37
1259 39
1260 27
1261 26
1262 32
1263 38
1264 35
1265 32
1266 41
1267 43
1268 26
1269 40
1270 33
1271 46
1272 44
1273 37
1274 38
1275 42
1276 47
1277 39
1278 26
1279 37
1280 46
1281 49
1282 30
1283 57
1284 38
1285 37
1286 39
1287 28
1288 33
1289 43
1290 26
1291 45
1292 47
1293 48
1294 45
1295 39
1296 44
1297 42
1298 40
1299 43
1300 48
1301 37
1302 45
1303 28
1304 30
1305 46
1306 38
1307 43
1308 37
1309 41
1310 42
1311 28
1312 27
1313 44
1314 42
1315 38
1316 43
1317 36
1318 46
1319 35
1320 33
1321 42
1322 28
1323 48
1324 43
1325 23
1326 40
1327 30
1328 25
1329 43
1330 35
1331 35
1332 31
1333 40
1334 44
1335 32
1336 37
1337 31
1338 34
1339 28
1340 42
1341 30
1342 31
1343 28
1344 37
1345 41
1346 33
1347 37
1348 41
1349 27
1350 29
1351 32
1352 33
1353 24
1354 38
1355 33
1356 36
1357 24
1358 29
1359 17
1360 20
1361 26
1362 17
1363 21
1364 20
1365 28
1366 22
1367 25
1368 30
1369 19
1370 22
1371 31
1372 33
1373 24
1374 22
1375 28
1376 18
1377 18
1378 21
1379 20
1380 31
1381 17
1382 28
1383 31
1384 30
1385 26
1386 28
1387 29
1388 19
1389 22
1390 31
1391 28
1392 18
1393 27
1394 22
1395 29
1396 29
1397 17
1398 27
1399 30
1400 30
1401 24
1402 30
1403 23
1404 31
1405 23
1406 42
1407 27
1408 27
1409 32
1410 44
1411 37
1412 35
1413 28
1414 27
1415 33
1416 23
1417 40
1418 26
1419 28
1420 32
1421 37
1422 38
1423 27
1424 35
1425 29
1426 14
1427 38
1428 37
1429 34
1430 28
1431 44
1432 39
1433 51
1434 43
1435 35
1436 30
1437 36
1438 41
1439 60
1440 40
1441 25
1442 44
1443 41
1444 43
1445 36
1446 47
1447 41
1448 30
1449 32
1450 31
1451 44
1452 36
1453 47
1454 37
1455 35
1456 36
1457 47
1458 35
1459 31
1460 44
1461 34
1462 47
1463 40
1464 37
1465 47
1466 38
1467 34
1468 41
1469 44
1470 46
1471 55
1472 41
1473 48
1474 31
1475 54
1476 29
1477 36
1478 33
1479 44
1480 42
1481 43
1482 31
1483 29
1484 36
1485 37
1486 33
1487 38
1488 35
1489 33
1490 32
1491 39
1492 34
1493 25
1494 32
1495 25
1496 32
1497 38
1498 29
1499 24
1500 19
1501 17
1502 26
1503 25
1504 23
1505 26
1506 17
1507 22
1508 22
1509 30
1510 14
1511 28
1512 19
1513 17
1514 16
1515 14
1516 21
1517 21
1518 19
1519 22
1520 16
1521 19
1522 16
1523 14
1524 16
1525 9
1526 18
1527 9
1528 16
1529 19
1530 16
1531 5
1532 12
1533 16
1534 14
1535 10
1536 6
1537 9
1538 6
1539 11
1540 12
1541 9
1542 5
1543 12
1544 9
1545 9
1546 4
1547 7
1548 11
1549 7
1550 8
1551 10
1552 9
1553 12
1554 13
1555 11
1556 6
1557 4
1558 11
1559 9
1560 4
1561 8
1562 6
1563 7
1564 8
1565 8
1566 11
1567 12
1568 6
1569 7
1570 8
1571 9
1572 11
1573 14
1574 5
1575 5
1576 8
1577 12
1578 7
1579 10
1580 6
1581 8
1582 10
1583 10
1584 13
1585 7
1586 5
1587 12
1588 17
1589 14
1590 13
1591 6
1592 11
1593 7
1594 2
1595 3
1596 10
1597 9
1598 9
1599 9
1600 10
1601 10
1602 15
1603 9
1604 14
1605 8
1606 11
1607 6
1608 8
1609 7
1610 14
1611 7
1612 6
1613 12
1614 7
1615 9
1616 12
1617 9
1618 14
1619 14
1620 12
1621 10
1622 9
1623 12
1624 14
1625 9
1626 7
1627 17
1628 10
1629 7
1630 14
1631 8
1632 6
1633 14
1634 6
1635 5
1636 8
1637 8
1638 10
1639 12
1640 9
1641 6
1642 7
1643 5
1644 12
1645 7
1646 9
1647 6
1648 7
1649 9
1650 10
1651 8
1652 5
1653 4
1654 11
1655 4
1656 6
1657 4
1658 5
1659 4
1660 6
1661 2
1662 6
1663 8
1664 10
1665 3
1666 3
1667 3
1668 3
1669 4
1670 4
1671 1
1672 3
1673 1
1674 3
1675 1
1676 4
1677 1
1678 2
1679 2
1680 3
1681 3
1682 5
1683 3
1684 1
1685 4
1686 2
1687 1
1688 4
1689 1
1690 0
1691 1
1692 1
1693 1
1694 0
1695 2
1696 4
1697 1
1698 2
1699 2
1700 0
1701 1
1702 2
1703 0
1704 1
1705 4
1706 1
1707 1
1708 0
1709 0
1710 3
1711 2
1712 1
1713 0
1714 2
1715 0
1716 2
1717 2
1718 1
1719 2
1720 0
1721 0
1722 0
1723 0
1724 0
1725 1
1726 0
1727 1
1728 1
1729 1
1730 1
1731 0
1732 0
1733 0
1734 0
1735 0
1736 0
1737 0
1738 0
1739 1
1740 0
1741 0
1742 1
1743 0
1744 0
1745 0
1746 1
1747 1
1748 0
1749 1
1750 0
1751 1
1752 0
1753 0
1754 0
1755 1
1756 0
1757 1
1758 0
1759 0
1760 1
1761 0
1762 0
1763 0
1764 1
1765 1
1766 0
1767 2
1768 1
1769 0
1770 1
1771 0
1772 0
1773 1
1774 1
1775 0
1776 0
1777 0
1778 0
1779 0
1780 0
1781 2
1782 1
1783 2
1784 0
1785 1
1786 1
1787 0
1788 1
1789 1
1790 0
1791 0
1792 1
1793 1
1794 0
1795 0
1796 0
1797 0
1798 0
1799 0
1800 0
1801 0
1802 0
1803 0
1804 0
1805 0
1806 0
1807 1
1808 0
1809 0
1810 0
1811 1
1812 0
1813 1
1814 1
1815 0
1816 2
1817 0
1818 0
1819 0
1820 0
1821 0
1822 0
1823 0
1824 0
1825 0
1826 0
1827 0
1828 0
1829 0
1830 1
1831 0
1832 1
1833 1
1834 0
1835 0
1836 1
1837 1
1838 0
1839 0
1840 0
1841 1
1842 0
1843 1
1844 0
1845 0
1846 0
1847 0
1848 0
1849 0
1850 0
1851 0
1852 0
1853 0
1854 0
1855 0
1856 1
1857 0
1858 0
1859 1
1860 1
1861 0
1862 1
1863 1
1864 0
1865 0
1866 0
1867 0
1868 0
1869 0
1870 0
1871 1
1872 0
1873 1
1874 1
1875 0
1876 0
1877 0
1878 0
1879 0
1880 0
1881 0
1882 0
1883 2
1884 0
1885 0
1886 1
1887 1
1888 1
1889 1
1890 0
1891 1
1892 0
1893 0
1894 0
1895 0
1896 0
1897 2
1898 0
1899 0
1900 0
1901 0
1902 0
1903 0
1904 1
1905 0
1906 1
1907 0
1908 1
1909 0
1910 2
1911 0
1912 1
1913 1
1914 0
1915 0
1916 0
1917 0
1918 0
1919 0
1920 1
1921 1
1922 2
1923 1
1924 1
1925 1
1926 0
1927 0
1928 1
1929 1
1930 0
1931 0
1932 0
1933 0
1934 0
1935 1
1936 0
1937 0
1938 0
1939 1
1940 0
1941 0
1942 0
1943 0
1944 1
1945 0
1946 0
1947 0
1948 0
1949 1
1950 1
1951 0
1952 0
1953 1
1954 0
1955 0
1956 0
1957 0
1958 0
1959 0
1960 0
1961 0
1962 2
1963 0
1964 1
1965 0
1966 0
1967 0
1968 0
1969 1
1970 0
1971 1
1972 0
1973 0
1974 0
1975 0
1976 0
1977 0
1978 0
1979 0
1980 0
1981 0
1982 0
1983 1
1984 0
1985 0
1986 0
1987 1
1988 0
1989 1
1990 1
1991 0
1992 0
1993 0
1994 0
1995 0
1996 0
1997 0
1998 0
1999 0
2000 0
2001 0
2002 3
2003 0
2004 0
2005 0
2006 1
2007 0
2008 0
2009 1
2010 0
2011 0
2012 2
2013 0
2014 1
2015 0
2016 0
2017 1
2018 1
2019 1
2020 0
2021 2
2022 0
2023 0
2024 0
2025 1
2026 1
2027 0
2028 0
2029 0
2030 0
2031 0
2032 0
2033 0
2034 0
2035 0
2036 0
2037 0
2038 0
2039 0
2040 0
2041 0
2042 0
2043 0
2044 0
2045 0
2046 0
2047 0
