# Dead time factor = 1.00000
0 0
1 0
2 0
3 0
4 0
5 0
6 0
7 0
8 0
9 0
10 0
11 0
12 0
13 0
14 0
15 0
16 0
17 0
18 0
19 0
20 1
21 29
22 35
23 33
24 30
25 24
26 37
27 30
28 35
29 51
30 29
31 54
32 40
33 51
34 49
35 51
36 55
37 49
38 53
39 63
40 51
41 34
42 33
43 45
44 50
45 62
46 67
47 82
48 98
49 147
50 150
51 191
52 178
53 146
54 120
55 108
56 84
57 70
58 70
59 51
60 59
61 42
62 25
63 42
64 34
65 33
66 38
67 34
68 27
69 39
70 35
71 33
72 30
73 36
74 29
75 28
76 33
77 45
78 45
79 42
80 38
81 42
82 36
83 34
84 46
85 40
86 38
87 34
88 30
89 40
90 22
91 29
92 34
93 37
94 44
95 21
96 28
97 34
98 39
99 29
100 32
101 29
102 37
103 27
104 24
105 26
106 35
107 30
108 22
109 17
110 23
111 36
112 27
113 27
114 31
115 19
116 20
117 21
118 29
119 18
120 21
121 20
122 21
123 19
124 26
125 13
126 31
127 26
128 14
129 23
130 27
131 27
132 24
133 24
134 19
135 27
136 23
137 19
138 24
139 20
140 26
141 17
142 20
143 27
144 20
145 19
146 21
147 13
148 17
149 21
150 15
151 23
152 21
153 22
154 18
155 25
156 25
157 23
158 25
159 26
160 30
161 26
162 30
163 26
164 23
165 35
166 31
167 40
168 46
169 43
170 42
171 44
172 55
173 37
174 40
175 35
176 44
177 27
178 44
179 28
180 23
181 30
182 26
183 20
184 21
185 19
186 28
187 25
188 27
189 24
190 21
191 12
192 21
193 19
194 27
195 16
196 18
197 11
198 21
199 18
200 10
201 19
202 21
203 18
204 12
205 21
206 12
207 19
208 17
209 17
210 17
211 18
212 18
213 11
214 22
215 19
216 21
217 13
218 19
219 12
220 16
221 15
222 18
223 20
224 10
225 7
226 17
227 21
228 18
229 17
230 12
231 17
232 20
233 20
234 20
235 10
236 21
237 16
238 13
239 18
240 20
241 24
242 16
243 19
244 17
245 18
246 15
247 19
248 14
249 9
250 8
251 10
252 16
253 19
254 14
255 21
256 20
257 9
258 15
259 16
260 18
261 8
262 16
263 13
264 17
265 15
266 13
267 23
268 20
269 18
270 10
271 14
272 14
273 13
274 10
275 21
276 16
277 12
278 15
279 14
280 14
281 19
282 17
283 12
284 16
285 9
286 15
287 7
288 15
289 13
290 15
291 12
292 14
293 12
294 14
295 13
296 16
297 10
298 9
299 9
300 10
301 17
302 8
303 10
304 14
305 12
306 17
307 18
308 9
309 9
310 13
311 10
312 12
313 8
314 15
315 16
316 15
317 21
318 11
319 10
320 9
321 10
322 13
323 10
324 14
325 13
326 8
327 13
328 6
329 10
330 16
331 9
332 9
333 18
334 9
335 8
336 13
337 13
338 15
339 12
340 14
341 17
342 13
343 16
344 18
345 12
346 13
347 10
348 15
349 13
350 22
351 13
352 17
353 18
354 6
355 18
356 18
357 10
358 4
359 18
360 14
361 8
362 13
363 13
364 11
365 14
366 17
367 21
368 15
369 14
370 12
371 17
372 17
373 10
374 10
375 13
376 10
377 14
378 8
379 13
380 6
381 10
382 9
383 14
384 10
385 12
386 8
387 13
388 7
389 16
390 11
391 10
392 13
393 11
394 9
395 11
396 7
397 7
398 14
399 13
400 12
401 14
402 11
403 12
404 12
405 11
406 7
407 11
408 10
409 13
410 14
411 7
412 5
413 13
414 11
415 10
416 12
417 14
418 7
419 18
420 14
421 9
422 13
423 8
424 9
425 7
426 10
427 7
428 11
429 9
430 9
431 8
432 13
433 7
434 10
435 7
436 16
437 8
438 12
439 14
440 18
441 12
442 14
443 8
444 12
445 10
446 11
447 11
448 15
449 8
450 9
451 13
452 12
453 16
454 14
455 12
456 9
457 5
458 11
459 10
460 8
461 12
462 7
463 10
464 11
465 5
466 17
467 8
468 9
469 17
470 9
471 8
472 10
473 12
474 16
475 7
476 7
477 7
478 13
479 7
480 17
481 11
482 14
483 8
484 13
485 10
486 10
487 10
488 15
489 7
490 11
491 12
492 9
493 7
494 11
495 9
496 12
497 6
498 14
499 8
500 7
501 16
502 4
503 14
504 8
505 12
506 10
507 7
508 12
509 17
510 12
511 6
512 12
513 16
514 14
515 14
516 5
517 10
518 11
519 14
520 9
521 10
522 9
523 12
524 10
525 14
526 12
527 13
528 12
529 14
530 16
531 11
532 12
533 11
534 8
535 6
536 14
537 14
538 11
539 14
540 8
541 3
542 7
543 16
544 9
545 11
546 14
547 5
548 14
549 10
550 10
551 7
552 14
553 8
554 10
555 11
556 9
557 3
558 15
559 4
560 11
561 10
562 5
563 10
564 11
565 5
566 10
567 12
568 8
569 11
570 12
571 14
572 14
573 11
574 9
575 16
576 10
577 6
578 10
579 13
580 13
581 9
582 13
583 9
584 17
585 14
586 23
587 12
588 6
589 5
590 8
591 10
592 14
593 10
594 8
595 6
596 10
597 15
598 6
599 11
600 10
601 7
602 7
603 11
604 13
605 13
606 10
607 8
608 11
609 8
610 4
611 14
612 13
613 9
614 8
615 14
616 9
617 12
618 13
619 14
620 11
621 9
622 8
623 5
624 13
625 11
626 8
627 11
628 8
629 16
630 10
631 12
632 9
633 8
634 12
635 13
636 5
637 10
638 11
639 13
640 13
641 7
642 5
643 9
644 11
645 16
646 15
647 11
648 13
649 8
650 8
651 12
652 14
653 10
654 6
655 11
656 9
657 9
658 12
659 4
660 9
661 12
662 6
663 19
664 13
665 12
666 9
667 9
668 8
669 10
670 11
671 8
672 8
673 15
674 15
675 12
676 5
677 12
678 11
679 11
680 8
681 9
682 8
683 11
684 10
685 15
686 9
687 9
688 15
689 9
690 13
691 9
692 10
693 15
694 11
695 9
696 18
697 12
698 8
699 10
700 11
701 12
702 21
703 7
704 10
705 8
706 10
707 7
708 4
709 14
710 13
711 9
712 15
713 10
714 8
715 5
716 7
717 12
718 12
719 11
720 8
721 12
722 2
723 7
724 14
725 17
726 9
727 14
728 10
729 17
730 14
731 6
732 5
733 15
734 14
735 8
736 12
737 14
738 13
739 14
740 10
741 13
742 16
743 11
744 13
745 12
746 11
747 11
748 18
749 8
750 17
751 12
752 11
753 14
754 4
755 11
756 18
757 9
758 13
759 13
760 10
761 12
762 8
763 9
764 5
765 6
766 8
767 13
768 14
769 8
770 13
771 8
772 10
773 14
774 7
775 10
776 11
777 8
778 10
779 8
780 8
781 10
782 12
783 10
784 9
785 15
786 9
787 14
788 9
789 5
790 7
791 10
792 10
793 8
794 11
795 11
796 7
797 14
798 11
799 11
800 12
801 13
802 11
803 10
804 16
805 11
806 13
807 10
808 10
809 18
810 12
811 12
812 8
813 8
814 11
815 13
816 16
817 14
818 10
819 7
820 13
821 8
822 12
823 15
824 12
825 6
826 17
827 16
828 19
829 12
830 15
831 12
832 16
833 13
834 11
835 12
836 11
837 13
838 12
839 8
840 13
841 8
842 10
843 13
844 12
845 14
846 15
847 17
848 16
849 13
850 7
851 8
852 11
853 11
854 5
855 10
856 7
857 16
858 11
859 7
860 11
861 13
862 12
863 10
864 11
865 18
866 13
867 9
868 12
869 12
870 10
871 13
872 12
873 10
874 17
875 13
876 17
877 13
878 8
879 12
880 7
881 11
882 9
883 8
884 12
885 14
886 19
887 13
888 14
889 16
890 9
891 14
892 14
893 9
894 12
895 15
896 18
897 11
898 10
899 17
900 10
901 13
902 11
903 16
904 16
905 7
906 12
907 7
908 6
909 19
910 11
911 12
912 15
913 13
914 13
915 11
916 12
917 12
918 14
919 7
920 15
921 20
922 8
923 14
924 12
925 10
926 11
927 16
928 11
929 10
930 12
931 11
932 8
933 14
934 14
935 10
936 13
937 16
938 6
939 12
940 13
941 10
942 14
943 5
944 16
945 10
946 9
947 8
948 14
949 10
950 14
951 4
952 18
953 12
954 13
955 6
956 14
957 13
958 13
959 12
960 6
961 10
962 12
963 9
964 4
965 11
966 7
967 13
968 16
969 16
970 16
971 7
972 8
973 15
974 12
975 11
976 11
977 14
978 8
979 12
980 13
981 18
982 19
983 6
984 5
985 15
986 13
987 14
988 13
989 16
990 14
991 13
992 10
993 14
994 18
995 12
996 18
997 16
998 14
999 15
1000 12
1001 12
1002 6
1003 15
1004 17
1005 18
1006 21
1007 14
1008 19
1009 13
1010 9
1011 25
1012 12
1013 14
1014 17
1015 9
1016 18
1017 19
1018 16
1019 11
1020 16
1021 15
1022 11
1023 17
1024 17
1025 16
1026 11
1027 10
1028 17
1029 14
1030 11
1031 7
1032 20
1033 10
1034 19
1035 14
1036 13
1037 16
1038 22
1039 18
1040 17
1041 13
1042 9
1043 21
1044 17
1045 19
1046 12
1047 9
1048 24
1049 15
1050 14
1051 18
1052 19
1053 11
1054 15
1055 24
1056 21
1057 13
1058 17
1059 19
1060 15
1061 15
1062 16
1063 18
1064 24
1065 22
1066 17
1067 20
1068 13
1069 22
1070 27
1071 23
1072 16
1073 24
1074 19
1075 16
1076 25
1077 23
1078 22
1079 21
1080 13
1081 16
1082 26
1083 24
1084 20
1085 15
1086 14
1087 19
1088 17
1089 20
1090 19
1091 15
1092 25
1093 25
1094 16
1095 19
1096 16
1097 23
1098 15
1099 16
1100 22
1101 22
1102 16
1103 27
1104 16
1105 22
1106 16
1107 21
1108 19
1109 24
1110 15
1111 21
1112 22
1113 28
1114 23
1115 33
1116 21
1117 27
1118 23
1119 29
1120 29
1121 35
1122 24
1123 20
1124 26
1125 25
1126 25
1127 18
1128 22
1129 20
1130 29
1131 31
1132 24
1133 34
1134 20
1135 22
1136 31
1137 25
1138 41
1139 30
1140 24
1141 27
1142 21
1143 28
1144 25
1145 25
1146 25
1147 20
1148 16
1149 24
1150 17
1151 19
1152 21
1153 33
1154 25
1155 24
1156 30
1157 16
1158 22
1159 27
1160 24
1161 21
1162 25
1163 30
1164 22
1165 25
1166 28
1167 27
1168 21
1169 24
1170 16
1171 25
1172 21
1173 28
1174 19
1175 30
1176 25
1177 27
1178 23
1179 17
1180 27
1181 31
1182 18
1183 33
1184 22
1185 20
1186 26
1187 18
1188 22
1189 26
1190 24
1191 22
1192 23
1193 22
1194 24
1195 22
1196 26
1197 26
1198 20
1199 28
1200 18
1201 27
1202 25
1203 20
1204 27
1205 28
1206 26
1207 22
1208 28
1209 26
1210 21
1211 33
1212 28
1213 22
1214 32
1215 24
1216 22
1217 29
1218 21
1219 34
1220 31
1221 23
1222 28
1223 30
1224 22
1225 28
1226 24
1227 18
1228 24
1229 34
1230 24
1231 33
1232 26
1233 23
1234 23
1235 34
1236 24
1237 26
1238 35
1239 39
1240 30
1241 22
1242 31
1243 28
1244 26
1245 23
1246 28
1247 31
1248 34
1249 29
1250 35
1251 31
1252 30
1253 36
1254 35
1255 30
1256 32
1257 32
1258 41
1259 34
1260 38
1261 36
1262 38
1263 35
1264 37
1265 45
1266 37
1267 29
1268 38
1269 32
1270 27
1271 30
1272 30
1273 29
1274 38
1275 32
1276 35
1277 35
1278 38
1279 43
1280 34
1281 37
1282 25
1283 34
1284 44
1285 38
1286 43
1287 36
1288 37
1289 35
1290 53
1291 37
1292 37
1293 35
1294 35
1295 41
1296 35
1297 47
1298 40
1299 34
1300 42
1301 52
1302 43
1303 37
1304 46
1305 38
1306 38
1307 45
1308 34
1309 25
1310 27
1311 37
1312 37
1313 48
1314 31
1315 51
1316 45
1317 49
1318 44
1319 39
1320 44
1321 39
1322 43
1323 30
1324 25
1325 39
1326 39
1327 38
1328 33
1329 42
1330 37
1331 40
1332 42
1333 46
1334 43
1335 27
1336 44
1337 32
1338 31
1339 33
1340 23
1341 34
1342 34
1343 31
1344 27
1345 40
1346 37
1347 28
1348 28
1349 20
1350 39
1351 24
1352 31
1353 24
1354 26
1355 22
1356 40
1357 25
1358 20
1359 21
1360 31
1361 32
1362 27
1363 29
1364 17
1365 26
1366 33
1367 38
1368 25
1369 25
1370 32
1371 18
1372 25
1373 34
1374 26
1375 28
1376 19
1377 38
1378 28
1379 30
1380 24
1381 37
1382 27
1383 21
1384 23
1385 21
1386 30
1387 27
1388 26
1389 22
1390 14
1391 24
1392 24
1393 25
1394 27
1395 27
1396 31
1397 23
1398 24
1399 29
1400 36
1401 24
1402 30
1403 29
1404 30
1405 34
1406 28
1407 26
1408 39
1409 23
1410 22
1411 17
1412 30
1413 38
1414 35
1415 32
1416 25
1417 32
1418 39
1419 28
1420 30
1421 39
1422 44
1423 42
1424 37
1425 45
1426 42
1427 38
1428 41
1429 38
1430 39
1431 43
1432 46
1433 38
1434 40
1435 34
1436 36
1437 33
1438 33
1439 46
1440 39
1441 38
1442 39
1443 42
1444 57
1445 47
1446 39
1447 43
1448 47
1449 43
1450 37
1451 32
1452 17
1453 40
1454 46
1455 42
1456 47
1457 36
1458 46
1459 32
1460 40
1461 35
1462 40
1463 39
1464 35
1465 28
1466 49
1467 40
1468 34
1469 36
1470 39
1471 40
1472 31
1473 38
1474 39
1475 49
1476 36
1477 38
1478 33
1479 26
1480 36
1481 36
1482 44
1483 37
1484 23
1485 45
1486 42
1487 35
1488 37
1489 41
1490 30
1491 37
1492 39
1493 28
1494 41
1495 40
1496 26
1497 31
1498 34
1499 21
1500 28
1501 28
1502 25
1503 32
1504 22
1505 37
1506 23
1507 30
1508 31
1509 32
1510 20
1511 24
1512 18
1513 19
1514 22
1515 25
1516 22
1517 16
1518 27
1519 20
1520 12
1521 22
1522 16
1523 15
1524 22
1525 14
1526 16
1527 19
1528 14
1529 16
1530 10
1531 15
1532 18
1533 14
1534 17
1535 15
1536 9
1537 9
1538 10
1539 12
1540 12
1541 14
1542 16
1543 7
1544 8
1545 12
1546 7
1547 10
1548 16
1549 10
1550 9
1551 4
1552 10
1553 10
1554 4
1555 9
1556 9
1557 10
1558 9
1559 8
1560 6
1561 3
1562 5
1563 14
1564 5
1565 13
1566 15
1567 3
1568 11
1569 5
1570 9
1571 7
1572 10
1573 3
1574 12
1575 6
1576 10
1577 7
1578 9
1579 9
1580 12
1581 8
1582 6
1583 9
1584 13
1585 11
1586 5
1587 9
1588 10
1589 9
1590 10
1591 6
1592 14
1593 5
1594 10
1595 9
1596 13
1597 9
1598 7
1599 14
1600 14
1601 16
1602 9
1603 10
1604 14
1605 15
1606 8
1607 7
1608 10
1609 9
1610 11
1611 11
1612 9
1613 7
1614 9
1615 7
1616 15
1617 12
1618 8
1619 12
1620 12
1621 11
1622 10
1623 11
1624 9
1625 13
1626 15
1627 14
1628 9
1629 10
1630 7
1631 7
1632 7
1633 12
1634 9
1635 9
1636 11
1637 15
1638 6
1639 8
1640 13
1641 5
1642 13
1643 9
1644 7
1645 2
1646 7
1647 10
1648 8
1649 14
1650 8
1651 11
1652 9
1653 12
1654 12
1655 8
1656 7
1657 4
1658 2
1659 6
1660 11
1661 7
1662 3
1663 4
1664 4
1665 3
1666 5
1667 3
1668 5
1669 4
1670 4
1671 7
1672 3
1673 3
1674 7
1675 0
1676 6
1677 4
1678 2
1679 4
1680 1
1681 2
1682 1
1683 1
1684 3
1685 5
1686 5
1687 2
1688 4
1689 1
1690 3
1691 3
1692 0
1693 1
1694 5
1695 2
1696 0
1697 2
1698 2
1699 2
1700 0
1701 1
1702 0
1703 1
1704 3
1705 1
1706 2
1707 0
1708 3
1709 1
1710 0
1711 1
1712 1
1713 2
1714 1
1715 1
1716 1
1717 0
1718 0
1719 2
1720 2
1721 0
1722 0
1723 1
1724 0
1725 0
1726 0
1727 1
1728 0
1729 0
1730 2
1731 1
1732 1
1733 1
1734 0
1735 0
1736 0
1737 1
1738 1
1739 0
1740 2
1741 1
1742 0
1743 0
1744 0
1745 1
1746 0
1747 0
1748 0
1749 0
1750 1
1751 0
1752 0
1753 0
1754 0
1755 0
1756 0
1757 0
1758 1
1759 1
1760 0
1761 0
1762 0
1763 1
1764 0
1765 1
1766 0
1767 1
1768 1
1769 1
1770 1
1771 0
1772 0
1773 0
1774 0
1775 0
1776 0
1777 1
1778 0
1779 0
1780 0
1781 1
1782 0
1783 0
1784 0
1785 0
1786 1
1787 0
1788 0
1789 0
1790 0
1791 1
1792 0
1793 0
1794 0
1795 2
1796 0
1797 0
1798 1
1799 0
1800 1
1801 0
1802 0
1803 0
1804 0
1805 0
1806 1
1807 0
1808 0
1809 0
1810 0
1811 2
1812 0
1813 1
1814 1
1815 0
1816 0
1817 0
1818 0
1819 0
1820 0
1821 0
1822 1
1823 0
1824 0
1825 0
1826 1
1827 0
1828 0
1829 1
1830 0
1831 1
1832 0
1833 1
1834 1
1835 0
1836 0
1837 0
1838 1
1839 0
1840 2
1841 0
1842 0
1843 0
1844 1
1845 0
1846 0
1847 0
1848 1
1849 1
1850 0
1851 0
1852 0
1853 0
1854 0
1855 1
1856 1
1857 0
1858 0
1859 0
1860 1
1861 0
1862 1
1863 1
1864 0
1865 0
1866 0
1867 0
1868 0
1869 0
1870 0
1871 0
1872 1
1873 1
1874 0
1875 1
1876 0
1877 0
1878 0
1879 0
1880 2
1881 1
1882 0
1883 1
1884 0
1885 0
1886 0
1887 0
1888 2
1889 0
1890 0
1891 0
1892 1
1893 0
1894 0
1895 1
1896 0
1897 2
1898 0
1899 0
1900 3
1901 0
1902 2
1903 1
1904 1
1905 1
1906 1
1907 0
1908 0
1909 0
1910 0
1911 0
1912 0
1913 0
1914 0
1915 0
1916 0
1917 0
1918 0
1919 0
1920 2
1921 0
1922 0
1923 0
1924 0
1925 0
1926 0
1927 0
1928 0
1929 1
1930 0
1931 0
1932 1
1933 0
1934 0
1935 1
1936 0
1937 1
1938 0
1939 0
1940 1
1941 0
1942 0
1943 0
1944 0
1945 0
1946 1
1947 0
1948 0
1949 0
1950 0
1951 0
1952 0
1953 0
1954 0
1955 0
1956 0
1957 0
1958 0
1959 1
1960 0
1961 0
1962 0
1963 1
1964 0
1965 0
1966 0
1967 0
1968 0
1969 0
1970 0
1971 0
1972 0
1973 0
1974 0
1975 0
1976 2
1977 0
1978 1
1979 1
1980 0
1981 0
1982 2
1983 0
1984 0
1985 1
1986 1
1987 0
1988 0
1989 0
1990 0
1991 0
1992 0
1993 0
1994 0
1995 0
1996 0
1997 0
1998 1
1999 0
2000 0
2001 0
2002 0
2003 0
2004 0
2005 0
2006 1
2007 1
2008 0
2009 1
2010 0
2011 0
2012 1
2013 0
2014 2
2015 0
2016 1
2017 0
2018 0
2019 0
2020 0
2021 0
2022 1
2023 0
2024 0
2025 3
2026 1
2027 0
2028 1
2029 0
2030 0
2031 0
2032 0
2033 0
2034 0
2035 0
2036 0
2037 0
2038 0
2039 0
2040 0
2041 0
2042 0
2043 0
2044 0
2045 0
2046 0
2047 0
