# Dead time factor = 1.00000
0 0
1 0
2 0
3 0
4 0
5 0
6 0
7 0
8 0
9 0
10 0
11 0
12 0
13 0
14 0
15 0
16 0
17 0
18 0
19 0
20 2
21 22
22 21
23 26
24 36
25 36
26 27
27 31
28 28
29 32
30 43
31 41
32 45
33 35
34 28
35 54
36 37
37 53
38 49
39 46
40 38
41 36
42 38
43 48
44 47
45 58
46 57
47 73
48 95
49 128
50 165
51 155
52 153
53 150
54 136
55 83
56 84
57 62
58 69
59 49
60 47
61 48
62 35
63 31
64 34
65 46
66 32
67 40
68 34
69 32
70 31
71 20
72 30
73 31
74 21
75 30
76 26
77 33
78 39
79 33
80 27
81 50
82 32
83 36
84 39
85 42
86 48
87 37
88 33
89 32
90 32
91 42
92 27
93 37
94 36
95 24
96 36
97 32
98 26
99 31
100 28
101 30
102 33
103 21
104 28
105 20
106 20
107 24
108 20
109 28
110 21
111 25
112 14
113 20
114 18
115 19
116 27
117 24
118 25
119 23
120 25
121 21
122 18
123 23
124 14
125 13
126 21
127 12
128 30
129 32
130 24
131 15
132 14
133 24
134 21
135 20
136 15
137 21
138 20
139 21
140 21
141 25
142 17
143 25
144 18
145 21
146 13
147 16
148 17
149 12
150 15
151 16
152 14
153 19
154 16
155 14
156 22
157 20
158 23
159 21
160 27
161 18
162 22
163 37
164 34
165 34
166 38
167 38
168 41
169 38
170 48
171 41
172 42
173 41
174 42
175 42
176 35
177 34
178 37
179 30
180 31
181 30
182 22
183 23
184 33
185 19
186 23
187 21
188 19
189 15
190 18
191 15
192 21
193 13
194 23
195 13
196 16
197 15
198 11
199 12
200 19
201 7
202 15
203 20
204 17
205 16
206 18
207 17
208 13
209 17
210 13
211 11
212 17
213 18
214 16
215 11
216 15
217 15
218 14
219 20
220 19
221 21
222 18
223 22
224 8
225 9
226 18
227 12
228 16
229 18
230 14
231 11
232 13
233 22
234 18
235 23
236 16
237 16
238 24
239 17
240 25
241 6
242 13
243 14
244 16
245 16
246 15
247 15
248 17
249 15
250 18
251 15
252 9
253 14
254 11
255 20
256 9
257 16
258 18
259 16
260 15
261 13
262 23
263 22
264 13
265 11
266 15
267 9
268 14
269 13
270 7
271 13
272 11
273 19
274 15
275 13
276 18
277 10
278 11
279 16
280 11
281 14
282 12
283 11
284 10
285 8
286 13
287 11
288 14
289 6
290 8
291 12
292 14
293 16
294 6
295 13
296 10
297 7
298 14
299 12
300 11
301 12
302 13
303 17
304 12
305 7
306 6
307 10
308 12
309 11
310 7
311 10
312 7
313 11
314 15
315 8
316 6
317 6
318 14
319 13
320 15
321 10
322 10
323 9
324 8
325 10
326 11
327 15
328 19
329 11
330 14
331 12
332 9
333 9
334 17
335 16
336 14
337 18
338 10
339 20
340 10
341 8
342 18
343 12
344 15
345 11
346 13
347 8
348 15
349 11
350 15
351 14
352 13
353 6
354 19
355 15
356 16
357 17
358 22
359 11
360 12
361 13
362 15
363 10
364 10
365 10
366 12
367 7
368 18
369 8
370 9
371 12
372 7
373 10
374 9
375 8
376 6
377 8
378 11
379 6
380 11
381 4
382 8
383 7
384 12
385 8
386 11
387 8
388 10
389 9
390 13
391 9
392 13
393 9
394 8
395 10
396 7
397 4
398 10
399 17
400 12
401 10
402 14
403 10
404 15
405 7
406 7
407 7
408 18
409 10
410 7
411 15
412 11
413 12
414 12
415 10
416 6
417 7
418 10
419 11
420 10
421 9
422 15
423 12
424 5
425 10
426 10
427 9
428 12
429 10
430 9
431 7
432 8
433 13
434 16
435 9
436 7
437 12
438 9
439 10
440 12
441 5
442 12
443 11
444 9
445 11
446 10
447 8
448 8
449 5
450 11
451 8
452 9
453 10
454 13
455 8
456 10
457 7
458 8
459 14
460 7
461 10
462 14
463 10
464 12
465 8
466 11
467 9
468 9
469 10
470 8
471 8
472 9
473 11
474 8
475 11
476 14
477 7
478 11
479 10
480 12
481 4
482 9
483 10
484 9
485 3
486 10
487 11
488 7
489 10
490 8
491 6
492 11
493 7
494 10
495 14
496 11
497 11
498 8
499 13
500 6
501 12
502 13
503 13
504 12
505 13
506 6
507 8
508 10
509 11
510 15
511 11
512 5
513 14
514 16
515 9
516 17
517 16
518 10
519 10
520 14
521 5
522 4
523 12
524 7
525 6
526 12
527 7
528 7
529 8
530 9
531 11
532 12
533 13
534 5
535 6
536 12
537 8
538 8
539 6
540 10
541 13
542 8
543 21
544 9
545 11
546 4
547 11
548 10
549 4
550 10
551 16
552 6
553 8
554 10
555 11
556 19
557 12
558 8
559 13
560 8
561 8
562 15
563 6
564 12
565 6
566 10
567 10
568 15
569 8
570 14
571 9
572 9
573 10
574 8
575 9
576 10
577 8
578 16
579 7
580 8
581 10
582 7
583 8
584 6
585 11
586 8
587 6
588 7
589 7
590 8
591 7
592 13
593 12
594 9
595 10
596 10
597 10
598 12
599 13
600 8
601 6
602 8
603 11
604 20
605 8
606 11
607 7
608 9
609 5
610 19
611 10
612 10
613 10
614 7
615 16
616 9
617 12
618 13
619 12
620 9
621 12
622 7
623 11
624 6
625 10
626 7
627 15
628 9
629 7
630 12
631 8
632 9
633 8
634 13
635 6
636 6
637 14
638 2
639 15
640 9
641 5
642 11
643 11
644 13
645 10
646 10
647 7
648 4
649 8
650 8
651 7
652 17
653 10
654 12
655 13
656 11
657 6
658 6
659 9
660 13
661 11
662 9
663 16
664 10
665 7
666 7
667 14
668 15
669 9
670 11
671 6
672 5
673 7
674 11
675 11
676 9
677 13
678 13
679 8
680 6
681 4
682 13
683 14
684 9
685 16
686 5
687 7
688 4
689 8
690 12
691 9
692 10
693 7
694 9
695 9
696 8
697 8
698 6
699 8
700 6
701 8
702 10
703 14
704 8
705 10
706 9
707 6
708 10
709 7
710 11
711 8
712 9
713 8
714 8
715 10
716 11
717 2
718 14
719 5
720 9
721 11
722 9
723 14
724 12
725 10
726 10
727 11
728 13
729 11
730 17
731 10
732 6
733 12
734 8
735 4
736 11
737 7
738 15
739 9
740 10
741 10
742 8
743 15
744 8
745 9
746 14
747 9
748 11
749 10
750 13
751 11
752 15
753 7
754 10
755 13
756 7
757 7
758 8
759 11
760 8
761 10
762 13
763 11
764 8
765 12
766 8
767 9
768 9
769 15
770 7
771 14
772 5
773 9
774 11
775 7
776 8
777 6
778 12
779 12
780 9
781 16
782 11
783 8
784 15
785 10
786 8
787 15
788 9
789 12
790 10
791 15
792 6
793 13
794 13
795 11
796 7
797 8
798 8
799 11
800 10
801 13
802 5
803 6
804 6
805 10
806 14
807 9
808 10
809 9
810 5
811 15
812 15
813 10
814 12
815 12
816 5
817 7
818 14
819 17
820 6
821 7
822 21
823 5
824 13
825 12
826 11
827 10
828 11
829 13
830 15
831 7
832 10
833 6
834 9
835 9
836 7
837 13
838 9
839 14
840 13
841 13
842 8
843 15
844 10
845 7
846 9
847 12
848 10
849 10
850 7
851 9
852 12
853 14
854 11
855 8
856 10
857 10
858 11
859 8
860 11
861 10
862 13
863 13
864 17
865 11
866 9
867 9
868 10
869 11
870 14
871 11
872 10
873 19
874 9
875 7
876 13
877 15
878 16
879 5
880 9
881 12
882 7
883 12
884 14
885 9
886 12
887 9
888 11
889 16
890 10
891 8
892 17
893 9
894 12
895 10
896 10
897 6
898 10
899 22
900 12
901 13
902 12
903 8
904 7
905 13
906 17
907 11
908 13
909 5
910 16
911 14
912 11
913 15
914 5
915 12
916 12
917 7
918 12
919 15
920 13
921 9
922 11
923 9
924 14
925 9
926 13
927 15
928 14
929 10
930 12
931 7
932 13
933 16
934 12
935 13
936 12
937 8
938 9
939 17
940 16
941 11
942 12
943 7
944 13
945 18
946 18
947 13
948 15
949 15
950 14
951 6
952 16
953 5
954 12
955 9
956 11
957 9
958 17
959 11
960 14
961 15
962 7
963 15
964 12
965 8
966 13
967 17
968 16
969 17
970 14
971 3
972 7
973 13
974 11
975 11
976 14
977 13
978 11
979 11
980 12
981 21
982 9
983 17
984 11
985 11
986 9
987 20
988 6
989 11
990 13
991 9
992 15
993 9
994 18
995 12
996 12
997 7
998 15
999 7
1000 10
1001 13
1002 7
1003 11
1004 14
1005 16
1006 10
1007 9
1008 19
1009 16
1010 17
1011 8
1012 10
1013 17
1014 14
1015 12
1016 9
1017 15
1018 14
1019 7
1020 9
1021 15
1022 7
1023 15
1024 16
1025 9
1026 13
1027 12
1028 10
1029 10
1030 12
1031 16
1032 11
1033 4
1034 13
1035 9
1036 16
1037 11
1038 10
1039 12
1040 13
1041 18
1042 12
1043 12
1044 15
1045 12
1046 17
1047 13
1048 17
1049 15
1050 16
1051 18
1052 12
1053 13
1054 6
1055 11
1056 13
1057 12
1058 10
1059 12
1060 15
1061 15
1062 19
1063 16
1064 16
1065 21
1066 15
1067 17
1068 18
1069 13
1070 10
1071 18
1072 16
1073 15
1074 22
1075 14
1076 22
1077 21
1078 22
1079 18
1080 11
1081 25
1082 8
1083 14
1084 17
1085 15
1086 19
1087 30
1088 23
1089 19
1090 24
1091 22
1092 12
1093 14
1094 21
1095 18
1096 20
1097 25
1098 17
1099 19
1100 21
1101 28
1102 24
1103 15
1104 18
1105 15
1106 21
1107 17
1108 24
1109 22
1110 13
1111 19
1112 16
1113 29
1114 23
1115 23
1116 23
1117 27
1118 25
1119 21
1120 27
1121 23
1122 23
1123 13
1124 19
1125 19
1126 31
1127 26
1128 22
1129 12
1130 21
1131 18
1132 26
1133 25
1134 20
1135 24
1136 24
1137 23
1138 29
1139 26
1140 23
1141 16
1142 18
1143 12
1144 20
1145 21
1146 28
1147 23
1148 31
1149 24
1150 31
1151 21
1152 27
1153 12
1154 21
1155 26
1156 27
1157 19
1158 24
1159 25
1160 29
1161 24
1162 19
1163 22
1164 19
1165 27
1166 22
1167 18
1168 22
1169 17
1170 22
1171 26
1172 28
1173 31
1174 22
1175 26
1176 19
1177 32
1178 25
1179 22
1180 25
1181 22
1182 22
1183 19
1184 24
1185 24
1186 24
1187 24
1188 21
1189 20
1190 34
1191 16
1192 28
1193 28
1194 27
1195 18
1196 24
1197 19
1198 13
1199 13
1200 30
1201 24
1202 24
1203 34
1204 23
1205 28
1206 21
1207 26
1208 21
1209 19
1210 18
1211 22
1212 16
1213 24
1214 25
1215 20
1216 39
1217 26
1218 26
1219 21
1220 25
1221 18
1222 22
1223 18
1224 21
1225 30
1226 26
1227 27
1228 25
1229 23
1230 24
1231 30
1232 33
1233 15
1234 25
1235 21
1236 17
1237 25
1238 24
1239 20
1240 26
1241 22
1242 24
1243 27
1244 20
1245 28
1246 32
1247 34
1248 23
1249 27
1250 32
1251 32
1252 36
1253 23
1254 38
1255 33
1256 27
1257 40
1258 36
1259 40
1260 31
1261 31
1262 45
1263 39
1264 41
1265 30
1266 31
1267 35
1268 29
1269 29
1270 27
1271 25
1272 46
1273 34
1274 34
1275 38
1276 36
1277 32
1278 38
1279 40
1280 30
1281 42
1282 36
1283 33
1284 43
1285 29
1286 43
1287 44
1288 26
1289 45
1290 39
1291 40
1292 43
1293 28
1294 42
1295 44
1296 42
1297 38
1298 39
1299 41
1300 22
1301 37
1302 38
1303 33
1304 30
1305 36
1306 39
1307 37
1308 33
1309 40
1310 34
1311 34
1312 35
1313 44
1314 37
1315 42
1316 41
1317 39
1318 33
1319 46
1320 39
1321 35
1322 26
1323 33
1324 26
1325 31
1326 41
1327 38
1328 30
1329 32
1330 30
1331 34
1332 22
1333 32
1334 32
1335 31
1336 37
1337 29
1338 22
1339 27
1340 31
1341 30
1342 40
1343 29
1344 33
1345 37
1346 21
1347 26
1348 28
1349 27
1350 38
1351 32
1352 22
1353 23
1354 23
1355 31
1356 25
1357 28
1358 25
1359 21
1360 22
1361 22
1362 27
1363 23
1364 21
1365 25
1366 35
1367 21
1368 25
1369 27
1370 31
1371 24
1372 16
1373 27
1374 26
1375 21
1376 19
1377 18
1378 13
1379 19
1380 20
1381 23
1382 24
1383 25
1384 33
1385 15
1386 23
1387 22
1388 27
1389 16
1390 21
1391 19
1392 28
1393 19
1394 18
1395 27
1396 23
1397 18
1398 30
1399 23
1400 24
1401 17
1402 34
1403 35
1404 23
1405 26
1406 31
1407 23
1408 40
1409 31
1410 23
1411 23
1412 30
1413 17
1414 28
1415 32
1416 27
1417 31
1418 34
1419 29
1420 37
1421 37
1422 28
1423 32
1424 29
1425 38
1426 51
1427 26
1428 32
1429 33
1430 43
1431 37
1432 54
1433 41
1434 24
1435 33
1436 44
1437 48
1438 38
1439 33
1440 33
1441 40
1442 30
1443 35
1444 41
1445 21
1446 36
1447 32
1448 38
1449 49
1450 48
1451 34
1452 41
1453 46
1454 29
1455 42
1456 35
1457 38
1458 38
1459 41
1460 38
1461 35
1462 41
1463 33
1464 40
1465 35
1466 35
1467 42
1468 43
1469 42
1470 37
1471 33
1472 33
1473 40
1474 47
1475 34
1476 33
1477 34
1478 42
1479 38
1480 34
1481 31
1482 27
1483 29
1484 35
1485 39
1486 28
1487 27
1488 21
1489 27
1490 28
1491 27
1492 41
1493 26
1494 28
1495 23
1496 27
1497 27
1498 18
1499 33
1500 27
1501 19
1502 30
1503 19
1504 21
1505 31
1506 19
1507 21
1508 12
1509 27
1510 19
1511 20
1512 16
1513 17
1514 18
1515 15
1516 17
1517 23
1518 17
1519 34
1520 8
1521 13
1522 11
1523 18
1524 15
1525 19
1526 14
1527 17
1528 7
1529 15
1530 13
1531 13
1532 10
1533 11
1534 11
1535 10
1536 15
1537 12
1538 15
1539 10
1540 11
1541 14
1542 8
1543 10
1544 8
1545 11
1546 9
1547 8
1548 7
1549 7
1550 5
1551 6
1552 5
1553 5
1554 12
1555 6
1556 6
1557 9
1558 8
1559 6
1560 8
1561 7
1562 6
1563 9
1564 4
1565 11
1566 7
1567 10
1568 12
1569 8
1570 11
1571 8
1572 3
1573 3
1574 7
1575 8
1576 6
1577 8
1578 6
1579 9
1580 5
1581 7
1582 10
1583 8
1584 3
1585 5
1586 10
1587 10
1588 6
1589 11
1590 10
1591 12
1592 11
1593 6
1594 9
1595 4
1596 7
1597 9
1598 3
1599 11
1600 6
1601 10
1602 8
1603 12
1604 8
1605 10
1606 8
1607 15
1608 11
1609 8
1610 10
1611 13
1612 16
1613 9
1614 2
1615 14
1616 15
1617 5
1618 8
1619 10
1620 10
1621 8
1622 9
1623 10
1624 8
1625 9
1626 13
1627 5
1628 10
1629 8
1630 10
1631 8
1632 8
1633 10
1634 17
1635 9
1636 8
1637 15
1638 6
1639 7
1640 9
1641 9
1642 9
1643 10
1644 6
1645 7
1646 14
1647 4
1648 10
1649 5
1650 5
1651 6
1652 9
1653 5
1654 6
1655 7
1656 6
1657 7
1658 6
1659 3
1660 6
1661 7
1662 1
1663 9
1664 4
1665 3
1666 2
1667 3
1668 6
1669 3
1670 0
1671 3
1672 9
1673 4
1674 5
1675 3
1676 6
1677 4
1678 2
1679 1
1680 1
1681 1
1682 2
1683 0
1684 2
1685 2
1686 2
1687 2
1688 3
1689 2
1690 1
1691 2
1692 3
1693 3
1694 0
1695 1
1696 3
1697 2
1698 1
1699 1
1700 1
1701 0
1702 1
1703 0
1704 2
1705 1
1706 1
1707 0
1708 1
1709 0
1710 0
1711 3
1712 1
1713 1
1714 1
1715 0
1716 2
1717 1
1718 2
1719 0
1720 0
1721 0
1722 2
1723 2
1724 0
1725 0
1726 1
1727 1
1728 1
1729 2
1730 2
1731 0
1732 0
1733 0
1734 2
1735 1
1736 1
1737 0
1738 0
1739 3
1740 2
1741 0
1742 0
1743 1
1744 1
1745 1
1746 0
1747 0
1748 1
1749 0
1750 0
1751 1
1752 0
1753 1
1754 0
1755 2
1756 0
1757 0
1758 0
1759 1
1760 0
1761 0
1762 0
1763 0
1764 0
1765 0
1766 0
1767 0
1768 0
1769 0
1770 0
1771 0
1772 0
1773 1
1774 0
1775 1
1776 0
1777 0
1778 2
1779 0
1780 0
1781 1
1782 0
1783 1
1784 0
1785 1
1786 1
1787 0
1788 2
1789 0
1790 0
1791 0
1792 0
1793 0
1794 1
1795 0
1796 1
1797 0
1798 0
1799 0
1800 1
1801 1
1802 0
1803 1
1804 0
1805 2
1806 0
1807 0
1808 0
1809 2
1810 0
1811 0
1812 1
1813 0
1814 0
1815 0
1816 0
1817 1
1818 0
1819 0
1820 0
1821 1
1822 0
1823 0
1824 0
1825 1
1826 0
1827 1
1828 1
1829 1
1830 0
1831 1
1832 0
1833 1
1834 0
1835 1
1836 0
1837 0
1838 0
1839 0
1840 0
1841 0
1842 0
1843 0
1844 2
1845 0
1846 0
1847 0
1848 0
1849 1
1850 2
1851 0
1852 1
1853 0
1854 0
1855 0
1856 0
1857 1
1858 1
1859 1
1860 0
1861 0
1862 0
1863 0
1864 0
1865 0
1866 0
1867 0
1868 1
1869 0
1870 0
1871 0
1872 0
1873 1
1874 0
1875 1
1876 2
1877 0
1878 0
1879 0
1880 2
1881 1
1882 0
1883 0
1884 0
1885 0
1886 1
1887 1
1888 0
1889 0
1890 0
1891 0
1892 0
1893 1
1894 0
1895 0
1896 1
1897 0
1898 0
1899 1
1900 0
1901 0
1902 0
1903 1
1904 0
1905 1
1906 0
1907 0
1908 0
1909 0
1910 1
1911 0
1912 0
1913 0
1914 0
1915 0
1916 1
1917 0
1918 0
1919 0
1920 0
1921 0
1922 0
1923 1
1924 1
1925 0
1926 0
1927 1
1928 0
1929 0
1930 1
1931 1
1932 2
1933 0
1934 1
1935 0
1936 0
1937 0
1938 1
1939 0
1940 1
1941 1
1942 1
1943 3
1944 0
1945 2
1946 0
1947 0
1948 1
1949 1
1950 0
1951 0
1952 0
1953 0
1954 0
1955 0
1956 0
1957 1
1958 0
1959 0
1960 0
1961 0
1962 0
1963 1
1964 0
1965 0
1966 0
1967 0
1968 0
1969 1
1970 0
1971 0
1972 2
1973 1
1974 0
1975 0
1976 0
1977 0
1978 1
1979 0
1980 0
1981 0
1982 0
1983 0
1984 0
1985 1
1986 0
1987 0
1988 0
1989 0
1990 0
1991 0
1992 0
1993 1
1994 1
1995 0
1996 0
1997 0
1998 0
1999 0
2000 0
2001 0
2002 0
2003 0
2004 1
2005 1
2006 0
2007 0
2008 0
2009 0
2010 0
2011 0
2012 0
2013 3
2014 1
2015 1
2016 1
2017 1
2018 0
2019 2
2020 0
2021 2
2022 0
2023 0
2024 0
2025 0
2026 1
2027 0
2028 0
2029 1
2030 0
2031 0
2032 0
2033 0
2034 0
2035 0
2036 0
2037 0
2038 0
2039 0
2040 0
2041 0
2042 0
2043 0
2044 0
2045 0
2046 0
2047 0
