# Dead time factor = 1.00000
0 0
1 0
2 0
3 0
4 0
5 0
6 0
7 0
8 0
9 0
10 0
11 0
12 0
13 0
14 0
15 0
16 0
17 0
18 0
19 0
20 3
21 25
22 28
23 34
24 37
25 23
26 31
27 29
28 40
29 41
30 37
31 40
32 40
33 40
34 36
35 55
36 68
37 48
38 48
39 68
40 45
41 59
42 45
43 54
44 58
45 60
46 74
47 86
48 86
49 132
50 144
51 197
52 154
53 140
54 144
55 104
56 71
57 61
58 75
59 44
60 41
61 44
62 34
63 28
64 41
65 47
66 46
67 41
68 35
69 24
70 42
71 36
72 32
73 28
74 42
75 19
76 37
77 28
78 27
79 40
80 27
81 40
82 29
83 37
84 35
85 48
86 43
87 34
88 31
89 36
90 41
91 47
92 36
93 41
94 23
95 40
96 28
97 32
98 30
99 24
100 25
101 23
102 30
103 24
104 28
105 23
106 17
107 31
108 29
109 20
110 26
111 26
112 15
113 20
114 21
115 20
116 24
117 28
118 26
119 33
120 18
121 33
122 22
123 21
124 20
125 18
126 26
127 25
128 23
129 20
130 22
131 19
132 25
133 19
134 26
135 20
136 22
137 29
138 21
139 16
140 17
141 19
142 19
143 19
144 20
145 23
146 17
147 19
148 13
149 18
150 18
151 16
152 28
153 24
154 16
155 23
156 27
157 20
158 25
159 23
160 15
161 33
162 29
163 23
164 30
165 33
166 41
167 43
168 27
169 52
170 46
171 41
172 50
173 49
174 36
175 34
176 41
177 34
178 39
179 44
180 32
181 21
182 30
183 30
184 25
185 20
186 27
187 22
188 24
189 20
190 16
191 24
192 16
193 17
194 14
195 23
196 19
197 15
198 22
199 12
200 21
201 19
202 18
203 21
204 12
205 17
206 14
207 19
208 14
209 16
210 17
211 20
212 18
213 15
214 15
215 20
216 19
217 12
218 20
219 20
220 25
221 14
222 17
223 15
224 16
225 19
226 10
227 18
228 12
229 15
230 9
231 16
232 19
233 14
234 24
235 16
236 14
237 13
238 22
239 16
240 22
241 8
242 23
243 18
244 12
245 21
246 22
247 26
248 15
249 10
250 14
251 19
252 15
253 21
254 18
255 14
256 21
257 15
258 14
259 16
260 15
261 13
262 13
263 17
264 19
265 15
266 23
267 14
268 11
269 11
270 13
271 14
272 15
273 18
274 19
275 10
276 9
277 18
278 16
279 13
280 15
281 23
282 12
283 15
284 12
285 30
286 6
287 12
288 11
289 14
290 14
291 7
292 17
293 11
294 15
295 13
296 11
297 16
298 8
299 17
300 13
301 13
302 13
303 15
304 8
305 13
306 17
307 19
308 24
309 16
310 10
311 13
312 10
313 14
314 15
315 9
316 13
317 12
318 11
319 10
320 12
321 6
322 10
323 17
324 10
325 22
326 13
327 17
328 14
329 10
330 18
331 8
332 10
333 6
334 13
335 14
336 15
337 18
338 19
339 8
340 8
341 10
342 12
343 19
344 13
345 14
346 11
347 9
348 18
349 17
350 19
351 17
352 10
353 22
354 10
355 15
356 16
357 16
358 14
359 16
360 10
361 14
362 7
363 6
364 8
365 5
366 12
367 11
368 13
369 13
370 13
371 15
372 10
373 10
374 11
375 9
376 9
377 8
378 9
379 14
380 11
381 12
382 12
383 14
384 9
385 21
386 10
387 13
388 10
389 9
390 18
391 11
392 12
393 17
394 14
395 6
396 7
397 5
398 9
399 12
400 12
401 10
402 11
403 11
404 14
405 9
406 4
407 9
408 9
409 11
410 12
411 11
412 9
413 11
414 7
415 11
416 17
417 14
418 12
419 8
420 11
421 8
422 12
423 11
424 18
425 11
426 15
427 7
428 14
429 8
430 6
431 11
432 18
433 14
434 12
435 3
436 8
437 8
438 7
439 9
440 7
441 13
442 14
443 11
444 4
445 12
446 9
447 10
448 20
449 11
450 16
451 15
452 13
453 8
454 11
455 18
456 9
457 11
458 16
459 20
460 9
461 7
462 6
463 14
464 14
465 9
466 5
467 8
468 13
469 12
470 6
471 16
472 14
473 1
474 9
475 10
476 6
477 13
478 7
479 11
480 11
481 13
482 13
483 12
484 15
485 9
486 13
487 16
488 6
489 13
490 12
491 2
492 12
493 15
494 7
495 12
496 9
497 15
498 16
499 10
500 11
501 9
502 7
503 10
504 13
505 8
506 18
507 13
508 8
509 11
510 11
511 10
512 12
513 14
514 11
515 13
516 11
517 10
518 14
519 8
520 10
521 10
522 10
523 10
524 7
525 10
526 10
527 4
528 10
529 11
530 11
531 8
532 15
533 14
534 7
535 8
536 13
537 10
538 12
539 15
540 3
541 9
542 14
543 7
544 12
545 12
546 13
547 10
548 9
549 9
550 10
551 7
552 10
553 4
554 10
555 11
556 11
557 9
558 12
559 8
560 10
561 10
562 10
563 9
564 12
565 7
566 11
567 12
568 18
569 15
570 9
571 12
572 9
573 8
574 12
575 7
576 10
577 11
578 8
579 17
580 11
581 6
582 7
583 13
584 7
585 7
586 13
587 8
588 8
589 13
590 7
591 15
592 14
593 8
594 12
595 6
596 10
597 9
598 8
599 11
600 6
601 8
602 10
603 11
604 6
605 12
606 9
607 14
608 12
609 11
610 4
611 6
612 8
613 9
614 10
615 7
616 12
617 12
618 5
619 10
620 6
621 7
622 10
623 13
624 5
625 7
626 9
627 4
628 6
629 8
630 9
631 16
632 15
633 8
634 11
635 14
636 8
637 7
638 11
639 16
640 9
641 7
642 11
643 4
644 11
645 12
646 12
647 10
648 8
649 9
650 12
651 9
652 15
653 6
654 9
655 7
656 10
657 9
658 10
659 6
660 8
661 12
662 10
663 10
664 13
665 13
666 11
667 8
668 10
669 13
670 12
671 5
672 14
673 9
674 17
675 6
676 7
677 10
678 8
679 12
680 13
681 11
682 17
683 14
684 14
685 10
686 4
687 9
688 13
689 10
690 8
691 7
692 10
693 15
694 7
695 6
696 11
697 11
698 12
699 9
700 12
701 9
702 7
703 15
704 12
705 5
706 19
707 9
708 13
709 6
710 17
711 12
712 8
713 9
714 12
715 7
716 18
717 10
718 12
719 11
720 13
721 15
722 10
723 12
724 15
725 10
726 21
727 7
728 15
729 13
730 13
731 17
732 7
733 10
734 9
735 9
736 13
737 9
738 6
739 12
740 9
741 10
742 14
743 14
744 7
745 13
746 7
747 11
748 7
749 12
750 14
751 10
752 9
753 10
754 12
755 7
756 9
757 9
758 13
759 6
760 15
761 6
762 11
763 12
764 9
765 16
766 7
767 20
768 15
769 7
770 9
771 9
772 18
773 15
774 7
775 12
776 13
777 12
778 11
779 7
780 16
781 12
782 12
783 14
784 8
785 23
786 15
787 13
788 12
789 13
790 4
791 6
792 10
793 13
794 14
795 8
796 11
797 14
798 10
799 8
800 8
801 18
802 11
803 11
804 10
805 14
806 10
807 9
808 10
809 9
810 11
811 9
812 12
813 15
814 17
815 12
816 6
817 16
818 12
819 11
820 11
821 11
822 7
823 15
824 9
825 13
826 14
827 13
828 16
829 14
830 7
831 10
832 8
833 6
834 8
835 6
836 10
837 8
838 9
839 15
840 12
841 10
842 8
843 11
844 11
845 18
846 11
847 11
848 10
849 16
850 11
851 12
852 14
853 10
854 13
855 14
856 10
857 11
858 10
859 7
860 11
861 8
862 12
863 12
864 14
865 16
866 13
867 14
868 17
869 13
870 12
871 19
872 12
873 10
874 17
875 18
876 10
877 16
878 10
879 14
880 9
881 14
882 13
883 10
884 10
885 17
886 20
887 13
888 10
889 7
890 11
891 13
892 9
893 13
894 11
895 7
896 9
897 11
898 10
899 9
900 7
901 11
902 12
903 8
904 11
905 10
906 12
907 11
908 13
909 9
910 20
911 10
912 13
913 10
914 22
915 12
916 11
917 15
918 10
919 7
920 11
921 13
922 20
923 10
924 12
925 15
926 6
927 7
928 18
929 14
930 14
931 10
932 15
933 7
934 7
935 11
936 15
937 8
938 12
939 14
940 7
941 14
942 13
943 17
944 8
945 12
946 11
947 14
948 7
949 15
950 18
951 12
952 8
953 10
954 14
955 10
956 9
957 12
958 13
959 17
960 6
961 16
962 12
963 12
964 17
965 11
966 11
967 16
968 11
969 11
970 15
971 7
972 17
973 12
974 21
975 11
976 11
977 16
978 9
979 11
980 15
981 7
982 17
983 11
984 9
985 10
986 18
987 13
988 15
989 13
990 19
991 21
992 11
993 11
994 7
995 10
996 21
997 10
998 15
999 11
1000 12
1001 14
1002 15
1003 13
1004 9
1005 21
1006 19
1007 18
1008 15
1009 16
1010 7
1011 14
1012 17
1013 13
1014 11
1015 16
1016 12
1017 14
1018 20
1019 14
1020 15
1021 12
1022 19
1023 17
1024 17
1025 23
1026 14
1027 6
1028 13
1029 11
1030 14
1031 13
1032 12
1033 12
1034 14
1035 19
1036 23
1037 12
1038 11
1039 9
1040 22
1041 17
1042 10
1043 17
1044 13
1045 14
1046 11
1047 14
1048 6
1049 21
1050 18
1051 23
1052 19
1053 16
1054 15
1055 16
1056 13
1057 17
1058 18
1059 18
1060 24
1061 12
1062 14
1063 16
1064 16
1065 17
1066 17
1067 15
1068 20
1069 12
1070 13
1071 19
1072 18
1073 23
1074 18
1075 14
1076 18
1077 23
1078 27
1079 24
1080 21
1081 21
1082 25
1083 16
1084 15
1085 22
1086 29
1087 21
1088 24
1089 22
1090 26
1091 23
1092 20
1093 24
1094 19
1095 26
1096 18
1097 17
1098 21
1099 21
1100 28
1101 26
1102 27
1103 26
1104 18
1105 27
1106 25
1107 26
1108 22
1109 25
1110 21
1111 25
1112 21
1113 29
1114 22
1115 24
1116 18
1117 26
1118 21
1119 25
1120 23
1121 21
1122 26
1123 19
1124 20
1125 25
1126 20
1127 19
1128 30
1129 28
1130 25
1131 25
1132 24
1133 25
1134 29
1135 31
1136 19
1137 35
1138 16
1139 29
1140 18
1141 15
1142 27
1143 21
1144 18
1145 22
1146 22
1147 29
1148 13
1149 22
1150 29
1151 22
1152 17
1153 20
1154 21
1155 27
1156 36
1157 26
1158 23
1159 20
1160 22
1161 20
1162 22
1163 29
1164 21
1165 18
1166 27
1167 20
1168 16
1169 26
1170 18
1171 27
1172 27
1173 21
1174 18
1175 26
1176 17
1177 34
1178 20
1179 24
1180 24
1181 18
1182 34
1183 15
1184 28
1185 33
1186 26
1187 22
1188 18
1189 27
1190 25
1191 18
1192 24
1193 25
1194 35
1195 37
1196 27
1197 27
1198 16
1199 27
1200 24
1201 22
1202 17
1203 20
1204 36
1205 18
1206 17
1207 20
1208 24
1209 20
1210 28
1211 22
1212 30
1213 27
1214 20
1215 32
1216 29
1217 23
1218 31
1219 25
1220 23
1221 30
1222 30
1223 26
1224 16
1225 24
1226 22
1227 11
1228 28
1229 25
1230 21
1231 25
1232 23
1233 26
1234 36
1235 28
1236 31
1237 33
1238 29
1239 33
1240 38
1241 34
1242 43
1243 27
1244 38
1245 33
1246 26
1247 30
1248 35
1249 33
1250 44
1251 29
1252 27
1253 36
1254 37
1255 32
1256 29
1257 31
1258 32
1259 32
1260 34
1261 39
1262 39
1263 41
1264 40
1265 31
1266 39
1267 43
1268 40
1269 38
1270 41
1271 44
1272 37
1273 38
1274 45
1275 42
1276 29
1277 41
1278 37
1279 47
1280 28
1281 39
1282 31
1283 40
1284 35
1285 34
1286 43
1287 43
1288 32
1289 39
1290 29
1291 38
1292 41
1293 40
1294 35
1295 35
1296 44
1297 37
1298 42
1299 44
1300 41
1301 33
1302 25
1303 33
1304 30
1305 44
1306 31
1307 35
1308 34
1309 31
1310 53
1311 36
1312 44
1313 27
1314 30
1315 25
1316 42
1317 47
1318 39
1319 47
1320 32
1321 43
1322 49
1323 34
1324 47
1325 29
1326 32
1327 38
1328 41
1329 36
1330 30
1331 31
1332 42
1333 30
1334 32
1335 34
1336 30
1337 26
1338 33
1339 34
1340 24
1341 22
1342 35
1343 34
1344 29
1345 34
1346 31
1347 28
1348 32
1349 25
1350 30
1351 29
1352 29
1353 20
1354 25
1355 36
1356 29
1357 29
1358 27
1359 31
1360 30
1361 36
1362 22
1363 33
1364 18
1365 19
1366 30
1367 31
1368 31
1369 25
1370 29
1371 20
1372 22
1373 24
1374 26
1375 33
1376 28
1377 34
1378 24
1379 20
1380 19
1381 20
1382 22
1383 29
1384 18
1385 28
1386 20
1387 29
1388 23
1389 18
1390 25
1391 20
1392 19
1393 22
1394 28
1395 26
1396 28
1397 32
1398 22
1399 27
1400 25
1401 35
1402 31
1403 33
1404 22
1405 27
1406 32
1407 27
1408 26
1409 26
1410 28
1411 37
1412 27
1413 29
1414 28
1415 27
1416 33
1417 29
1418 37
1419 27
1420 39
1421 33
1422 36
1423 37
1424 44
1425 31
1426 49
1427 32
1428 39
1429 31
1430 25
1431 36
1432 22
1433 52
1434 33
1435 35
1436 45
1437 43
1438 27
1439 52
1440 27
1441 31
1442 47
1443 42
1444 47
1445 43
1446 44
1447 41
1448 43
1449 42
1450 43
1451 33
1452 43
1453 42
1454 44
1455 40
1456 42
1457 36
1458 39
1459 32
1460 38
1461 50
1462 51
1463 35
1464 42
1465 44
1466 40
1467 35
1468 51
1469 30
1470 49
1471 41
1472 49
1473 42
1474 29
1475 55
1476 53
1477 29
1478 38
1479 32
1480 33
1481 36
1482 39
1483 37
1484 39
1485 39
1486 41
1487 34
1488 30
1489 40
1490 35
1491 29
1492 33
1493 39
1494 30
1495 33
1496 18
1497 32
1498 31
1499 26
1500 27
1501 28
1502 29
1503 21
1504 26
1505 26
1506 21
1507 21
1508 26
1509 20
1510 22
1511 26
1512 25
1513 28
1514 22
1515 20
1516 22
1517 16
1518 21
1519 20
1520 19
1521 14
1522 10
1523 17
1524 12
1525 15
1526 10
1527 11
1528 18
1529 15
1530 9
1531 15
1532 14
1533 10
1534 9
1535 11
1536 14
1537 20
1538 17
1539 14
1540 8
1541 13
1542 8
1543 9
1544 10
1545 12
1546 10
1547 8
1548 11
1549 10
1550 12
1551 7
1552 7
1553 12
1554 7
1555 5
1556 4
1557 12
1558 9
1559 8
1560 7
1561 8
1562 5
1563 7
1564 8
1565 4
1566 14
1567 4
1568 5
1569 10
1570 5
1571 10
1572 10
1573 11
1574 6
1575 10
1576 9
1577 9
1578 6
1579 12
1580 11
1581 6
1582 22
1583 6
1584 7
1585 5
1586 8
1587 5
1588 12
1589 8
1590 7
1591 7
1592 7
1593 8
1594 10
1595 14
1596 10
1597 10
1598 10
1599 10
1600 5
1601 13
1602 8
1603 8
1604 3
1605 9
1606 9
1607 14
1608 9
1609 8
1610 16
1611 12
1612 10
1613 15
1614 11
1615 11
1616 10
1617 15
1618 15
1619 16
1620 10
1621 8
1622 11
1623 11
1624 10
1625 6
1626 20
1627 6
1628 8
1629 14
1630 10
1631 9
1632 12
1633 9
1634 7
1635 11
1636 5
1637 10
1638 12
1639 2
1640 9
1641 12
1642 9
1643 8
1644 8
1645 10
1646 8
1647 7
1648 4
1649 12
1650 4
1651 7
1652 8
1653 8
1654 5
1655 5
1656 9
1657 4
1658 6
1659 6
1660 5
1661 10
1662 3
1663 7
1664 3
1665 7
1666 2
1667 6
1668 5
1669 2
1670 10
1671 4
1672 3
1673 8
1674 6
1675 1
1676 3
1677 2
1678 3
1679 3
1680 6
1681 5
1682 2
1683 1
1684 3
1685 3
1686 2
1687 0
1688 2
1689 2
1690 1
1691 1
1692 3
1693 3
1694 1
1695 2
1696 0
1697 1
1698 2
1699 1
1700 3
1701 1
1702 2
1703 0
1704 0
1705 0
1706 0
1707 1
1708 1
1709 0
1710 1
1711 1
1712 0
1713 0
1714 0
1715 0
1716 1
1717 0
1718 0
1719 4
1720 0
1721 0
1722 1
1723 0
1724 0
1725 0
1726 1
1727 1
1728 1
1729 0
1730 0
1731 2
1732 0
1733 1
1734 1
1735 0
1736 2
1737 0
1738 2
1739 1
1740 0
1741 0
1742 0
1743 0
1744 0
1745 0
1746 1
1747 0
1748 0
1749 2
1750 1
1751 0
1752 0
1753 0
1754 1
1755 1
1756 0
1757 0
1758 2
1759 0
1760 0
1761 0
1762 0
1763 0
1764 0
1765 0
1766 0
1767 0
1768 0
1769 0
1770 2
1771 0
1772 0
1773 1
1774 0
1775 0
1776 0
1777 0
1778 0
1779 2
1780 0
1781 0
1782 0
1783 0
1784 0
1785 0
1786 0
1787 0
1788 0
1789 0
1790 0
1791 0
1792 0
1793 1
1794 0
1795 0
1796 0
1797 0
1798 0
1799 1
1800 0
1801 0
1802 0
1803 1
1804 0
1805 1
1806 1
1807 0
1808 0
1809 0
1810 1
1811 3
1812 1
1813 0
1814 0
1815 0
1816 0
1817 0
1818 0
1819 0
1820 0
1821 1
1822 0
1823 0
1824 0
1825 0
1826 0
1827 0
1828 0
1829 0
1830 0
1831 1
1832 0
1833 0
1834 0
1835 0
1836 0
1837 0
1838 0
1839 0
1840 0
1841 0
1842 0
1843 0
1844 1
1845 1
1846 1
1847 0
1848 0
1849 2
1850 0
1851 1
1852 0
1853 0
1854 0
1855 2
1856 0
1857 0
1858 1
1859 0
1860 0
1861 1
1862 1
1863 0
1864 0
1865 0
1866 1
1867 0
1868 1
1869 0
1870 1
1871 1
1872 0
1873 0
1874 0
1875 0
1876 0
1877 0
1878 1
1879 0
1880 0
1881 2
1882 1
1883 1
1884 0
1885 0
1886 0
1887 0
1888 1
1889 0
1890 0
1891 0
1892 0
1893 0
1894 1
1895 1
1896 1
1897 0
1898 1
1899 1
1900 0
1901 2
1902 0
1903 0
1904 0
1905 0
1906 0
1907 2
1908 0
1909 0
1910 0
1911 0
1912 1
1913 1
1914 1
1915 0
1916 0
1917 0
1918 0
1919 2
1920 0
1921 0
1922 0
1923 1
1924 0
1925 0
1926 0
1927 0
1928 0
1929 0
1930 1
1931 0
1932 0
1933 0
1934 0
1935 0
1936 0
1937 0
1938 0
1939 0
1940 0
1941 0
1942 0
1943 0
1944 0
1945 1
1946 0
1947 0
1948 0
1949 0
1950 0
1951 0
1952 1
1953 0
1954 0
1955 0
1956 0
1957 1
1958 0
1959 0
1960 1
1961 1
1962 0
1963 0
1964 0
1965 0
1966 1
1967 0
1968 0
1969 1
1970 0
1971 1
1972 0
1973 1
1974 0
1975 0
1976 0
1977 0
1978 0
1979 0
1980 0
1981 0
1982 0
1983 0
1984 0
1985 0
1986 0
1987 1
1988 0
1989 1
1990 1
1991 1
1992 0
1993 1
1994 0
1995 1
1996 1
1997 0
1998 2
1999 2
2000 0
2001 2
2002 0
2003 1
2004 0
2005 1
2006 0
2007 1
2008 0
2009 1
2010 0
2011 0
2012 0
2013 0
2014 0
2015 1
2016 0
2017 0
2018 1
2019 0
2020 1
2021 0
2022 0
2023 0
2024 0
2025 0
2026 0
2027 1
2028 1
2029 0
2030 0
2031 0
2032 0
2033 0
2034 0
2035 0
2036 0
2037 0
2038 0
2039 0
2040 0
2041 0
2042 0
2043 0
2044 0
2045 0
2046 0
2047 0
