# Dead time factor = 1.00000
0 0
1 0
2 0
3 0
4 0
5 0
6 0
7 0
8 0
9 0
10 0
11 0
12 0
13 0
14 0
15 0
16 0
17 0
18 0
19 0
20 0
21 13
22 16
23 15
24 18
25 13
26 23
27 21
28 15
29 19
30 17
31 19
32 15
33 24
34 22
35 26
36 25
37 23
38 29
39 27
40 27
41 25
42 23
43 28
44 27
45 41
46 43
47 62
48 89
49 101
50 141
51 159
52 135
53 123
54 94
55 68
56 34
57 48
58 22
59 31
60 18
61 14
62 19
63 15
64 13
65 20
66 19
67 15
68 11
69 7
70 11
71 15
72 11
73 8
74 10
75 11
76 10
77 12
78 17
79 10
80 10
81 12
82 8
83 10
84 12
85 10
86 17
87 14
88 11
89 7
90 5
91 12
92 5
93 14
94 15
95 8
96 6
97 12
98 12
99 9
100 8
101 6
102 7
103 14
104 4
105 5
106 8
107 9
108 6
109 9
110 3
111 6
112 5
113 9
114 9
115 8
116 4
117 10
118 4
119 7
120 8
121 5
122 5
123 4
124 7
125 10
126 10
127 9
128 4
129 6
130 6
131 9
132 6
133 6
134 7
135 8
136 5
137 9
138 8
139 7
140 11
141 7
142 3
143 9
144 5
145 3
146 7
147 7
148 4
149 1
150 2
151 3
152 9
153 2
154 8
155 7
156 6
157 7
158 6
159 5
160 2
161 4
162 4
163 9
164 15
165 7
166 10
167 16
168 13
169 13
170 16
171 17
172 9
173 3
174 8
175 17
176 9
177 12
178 15
179 12
180 13
181 9
182 14
183 5
184 4
185 8
186 6
187 7
188 10
189 2
190 9
191 2
192 3
193 5
194 8
195 5
196 3
197 5
198 3
199 2
200 2
201 6
202 3
203 7
204 4
205 4
206 8
207 5
208 4
209 9
210 6
211 4
212 4
213 5
214 3
215 7
216 6
217 2
218 3
219 2
220 7
221 6
222 3
223 7
224 4
225 4
226 3
227 0
228 7
229 8
230 4
231 3
232 3
233 5
234 1
235 2
236 3
237 2
238 3
239 6
240 8
241 2
242 3
243 6
244 2
245 5
246 5
247 2
248 5
249 2
250 4
251 2
252 2
253 1
254 4
255 3
256 4
257 5
258 5
259 2
260 4
261 3
262 6
263 3
264 1
265 4
266 4
267 5
268 3
269 6
270 5
271 5
272 12
273 4
274 10
275 2
276 6
277 0
278 3
279 3
280 6
281 4
282 4
283 2
284 3
285 3
286 3
287 4
288 1
289 2
290 1
291 3
292 4
293 5
294 4
295 3
296 1
297 5
298 3
299 7
300 2
301 7
302 7
303 3
304 3
305 3
306 3
307 1
308 3
309 8
310 2
311 3
312 6
313 2
314 1
315 3
316 1
317 4
318 4
319 3
320 2
321 3
322 3
323 5
324 2
325 2
326 6
327 2
328 3
329 1
330 5
331 4
332 5
333 4
334 4
335 1
336 1
337 8
338 2
339 2
340 3
341 4
342 2
343 5
344 1
345 3
346 3
347 6
348 3
349 1
350 3
351 2
352 4
353 2
354 3
355 3
356 3
357 6
358 2
359 4
360 4
361 6
362 5
363 3
364 0
365 3
366 2
367 1
368 0
369 2
370 6
371 4
372 5
373 3
374 4
375 5
376 3
377 2
378 3
379 3
380 8
381 4
382 4
383 3
384 2
385 2
386 2
387 5
388 2
389 3
390 3
391 4
392 7
393 2
394 3
395 5
396 8
397 3
398 3
399 1
400 2
401 4
402 2
403 3
404 5
405 3
406 6
407 3
408 5
409 1
410 1
411 3
412 5
413 4
414 3
415 6
416 2
417 3
418 2
419 2
420 0
421 1
422 5
423 1
424 3
425 2
426 0
427 6
428 2
429 0
430 3
431 5
432 1
433 3
434 2
435 4
436 2
437 3
438 2
439 5
440 2
441 5
442 2
443 3
444 2
445 1
446 2
447 4
448 1
449 1
450 3
451 1
452 3
453 2
454 2
455 9
456 3
457 3
458 4
459 4
460 5
461 2
462 3
463 3
464 2
465 1
466 6
467 2
468 4
469 3
470 2
471 2
472 3
473 2
474 2
475 4
476 5
477 0
478 2
479 6
480 3
481 2
482 1
483 2
484 5
485 2
486 2
487 1
488 0
489 4
490 3
491 2
492 5
493 4
494 6
495 1
496 1
497 4
498 2
499 5
500 0
501 4
502 2
503 3
504 2
505 4
506 3
507 4
508 4
509 2
510 2
511 5
512 4
513 4
514 3
515 3
516 4
517 3
518 4
519 1
520 1
521 3
522 3
523 4
524 3
525 3
526 4
527 1
528 3
529 4
530 6
531 6
532 4
533 3
534 1
535 4
536 3
537 1
538 3
539 4
540 2
541 3
542 3
543 4
544 3
545 3
546 4
547 3
548 0
549 0
550 0
551 4
552 7
553 0
554 4
555 1
556 1
557 4
558 2
559 4
560 4
561 2
562 3
563 1
564 5
565 4
566 4
567 1
568 2
569 2
570 1
571 3
572 5
573 2
574 3
575 1
576 1
577 3
578 2
579 3
580 3
581 2
582 0
583 3
584 3
585 2
586 3
587 4
588 1
589 1
590 2
591 3
592 2
593 5
594 3
595 2
596 6
597 4
598 3
599 2
600 4
601 2
602 1
603 6
604 1
605 6
606 3
607 2
608 5
609 1
610 1
611 6
612 2
613 5
614 3
615 4
616 8
617 3
618 0
619 3
620 2
621 1
622 2
623 3
624 1
625 4
626 3
627 2
628 2
629 3
630 4
631 3
632 1
633 0
634 2
635 1
636 3
637 7
638 0
639 2
640 3
641 2
642 1
643 1
644 4
645 2
646 2
647 2
648 1
649 2
650 5
651 2
652 1
653 4
654 2
655 2
656 4
657 2
658 3
659 2
660 2
661 2
662 4
663 3
664 4
665 0
666 4
667 3
668 3
669 4
670 4
671 3
672 3
673 0
674 1
675 5
676 3
677 1
678 2
679 6
680 3
681 2
682 2
683 3
684 5
685 2
686 1
687 0
688 2
689 0
690 5
691 4
692 1
693 3
694 1
695 2
696 4
697 4
698 2
699 1
700 1
701 3
702 2
703 2
704 4
705 2
706 5
707 2
708 3
709 1
710 1
711 2
712 2
713 2
714 3
715 1
716 4
717 4
718 0
719 3
720 4
721 0
722 0
723 1
724 2
725 1
726 5
727 2
728 2
729 4
730 2
731 2
732 5
733 3
734 2
735 0
736 0
737 1
738 3
739 1
740 6
741 3
742 1
743 1
744 4
745 2
746 1
747 4
748 1
749 1
750 0
751 2
752 2
753 2
754 1
755 1
756 4
757 4
758 2
759 2
760 0
761 4
762 3
763 2
764 3
765 2
766 4
767 4
768 4
769 2
770 2
771 2
772 4
773 0
774 3
775 0
776 0
777 3
778 3
779 3
780 2
781 0
782 4
783 3
784 4
785 2
786 2
787 5
788 2
789 2
790 5
791 6
792 2
793 3
794 4
795 1
796 4
797 2
798 1
799 2
800 3
801 1
802 3
803 1
804 7
805 4
806 1
807 2
808 4
809 2
810 4
811 6
812 3
813 5
814 6
815 3
816 2
817 1
818 0
819 2
820 4
821 3
822 4
823 1
824 2
825 1
826 5
827 0
828 1
829 4
830 2
831 2
832 5
833 1
834 2
835 2
836 2
837 5
838 4
839 0
840 8
841 4
842 5
843 5
844 1
845 2
846 0
847 5
848 1
849 4
850 4
851 2
852 3
853 3
854 4
855 2
856 0
857 3
858 6
859 2
860 3
861 4
862 3
863 1
864 1
865 1
866 2
867 2
868 1
869 3
870 4
871 2
872 4
873 3
874 1
875 5
876 2
877 3
878 6
879 2
880 1
881 3
882 2
883 0
884 0
885 1
886 1
887 2
888 3
889 5
890 4
891 2
892 3
893 1
894 6
895 5
896 4
897 2
898 5
899 4
900 1
901 0
902 1
903 3
904 3
905 1
906 0
907 3
908 1
909 5
910 2
911 4
912 2
913 3
914 1
915 1
916 3
917 0
918 4
919 1
920 7
921 1
922 3
923 3
924 3
925 4
926 2
927 5
928 3
929 2
930 4
931 3
932 2
933 2
934 4
935 3
936 3
937 1
938 5
939 0
940 1
941 5
942 4
943 4
944 5
945 4
946 2
947 6
948 3
949 4
950 4
951 4
952 3
953 2
954 5
955 9
956 4
957 3
958 3
959 4
960 3
961 5
962 1
963 2
964 6
965 3
966 4
967 2
968 3
969 4
970 2
971 5
972 5
973 5
974 3
975 3
976 3
977 3
978 4
979 0
980 3
981 3
982 2
983 3
984 4
985 5
986 4
987 3
988 7
989 1
990 2
991 6
992 3
993 6
994 4
995 2
996 3
997 4
998 2
999 4
1000 3
1001 2
1002 0
1003 9
1004 3
1005 3
1006 5
1007 1
1008 0
1009 4
1010 3
1011 3
1012 5
1013 2
1014 0
1015 4
1016 4
1017 2
1018 5
1019 4
1020 3
1021 2
1022 5
1023 2
1024 1
1025 3
1026 2
1027 4
1028 4
1029 2
1030 1
1031 4
1032 2
1033 3
1034 6
1035 4
1036 3
1037 4
1038 4
1039 2
1040 3
1041 8
1042 5
1043 5
1044 6
1045 5
1046 8
1047 4
1048 1
1049 3
1050 4
1051 5
1052 5
1053 3
1054 5
1055 2
1056 1
1057 5
1058 4
1059 4
1060 4
1061 3
1062 6
1063 7
1064 6
1065 3
1066 2
1067 5
1068 6
1069 1
1070 3
1071 3
1072 10
1073 2
1074 6
1075 9
1076 2
1077 4
1078 3
1079 8
1080 4
1081 5
1082 5
1083 6
1084 6
1085 6
1086 2
1087 6
1088 7
1089 4
1090 9
1091 7
1092 7
1093 2
1094 4
1095 7
1096 5
1097 7
1098 6
1099 4
1100 4
1101 4
1102 3
1103 7
1104 6
1105 4
1106 4
1107 6
1108 6
1109 8
1110 5
1111 2
1112 6
1113 6
1114 8
1115 1
1116 5
1117 6
1118 2
1119 6
1120 3
1121 5
1122 6
1123 5
1124 5
1125 6
1126 4
1127 3
1128 5
1129 4
1130 7
1131 4
1132 4
1133 5
1134 3
1135 6
1136 5
1137 9
1138 6
1139 4
1140 5
1141 6
1142 3
1143 6
1144 1
1145 8
1146 7
1147 5
1148 3
1149 6
1150 3
1151 9
1152 6
1153 2
1154 5
1155 6
1156 4
1157 4
1158 3
1159 5
1160 13
1161 0
1162 4
1163 7
1164 6
1165 3
1166 5
1167 4
1168 4
1169 5
1170 4
1171 4
1172 6
1173 6
1174 2
1175 5
1176 2
1177 6
1178 5
1179 4
1180 7
1181 4
1182 8
1183 2
1184 6
1185 8
1186 6
1187 9
1188 2
1189 5
1190 3
1191 6
1192 4
1193 3
1194 9
1195 4
1196 6
1197 5
1198 7
1199 7
1200 2
1201 8
1202 3
1203 3
1204 6
1205 4
1206 6
1207 7
1208 4
1209 3
1210 7
1211 3
1212 10
1213 1
1214 2
1215 4
1216 5
1217 4
1218 8
1219 4
1220 6
1221 9
1222 7
1223 6
1224 8
1225 5
1226 5
1227 5
1228 4
1229 10
1230 5
1231 6
1232 8
1233 11
1234 3
1235 8
1236 5
1237 2
1238 7
1239 8
1240 8
1241 7
1242 9
1243 5
1244 5
1245 7
1246 8
1247 13
1248 8
1249 10
1250 9
1251 8
1252 9
1253 8
1254 6
1255 11
1256 6
1257 3
1258 4
1259 4
1260 5
1261 9
1262 7
1263 6
1264 7
1265 7
1266 10
1267 7
1268 10
1269 10
1270 7
1271 8
1272 11
1273 1
1274 4
1275 11
1276 16
1277 9
1278 6
1279 17
1280 9
1281 8
1282 4
1283 5
1284 9
1285 8
1286 12
1287 6
1288 7
1289 12
1290 6
1291 9
1292 3
1293 5
1294 8
1295 10
1296 4
1297 5
1298 10
1299 11
1300 13
1301 9
1302 10
1303 8
1304 9
1305 10
1306 11
1307 10
1308 14
1309 12
1310 14
1311 8
1312 9
1313 9
1314 12
1315 8
1316 11
1317 11
1318 7
1319 6
1320 11
1321 7
1322 6
1323 12
1324 11
1325 13
1326 10
1327 6
1328 8
1329 13
1330 6
1331 12
1332 12
1333 9
1334 10
1335 3
1336 8
1337 9
1338 10
1339 10
1340 9
1341 8
1342 5
1343 12
1344 5
1345 6
1346 9
1347 9
1348 6
1349 8
1350 3
1351 5
1352 14
1353 6
1354 5
1355 9
1356 6
1357 5
1358 8
1359 5
1360 8
1361 7
1362 4
1363 4
1364 6
1365 8
1366 8
1367 10
1368 5
1369 3
1370 6
1371 4
1372 2
1373 6
1374 7
1375 8
1376 4
1377 9
1378 3
1379 7
1380 9
1381 5
1382 2
1383 8
1384 6
1385 3
1386 7
1387 7
1388 6
1389 4
1390 8
1391 6
1392 4
1393 3
1394 5
1395 12
1396 2
1397 7
1398 3
1399 6
1400 9
1401 6
1402 7
1403 4
1404 6
1405 6
1406 11
1407 8
1408 3
1409 4
1410 4
1411 2
1412 5
1413 8
1414 7
1415 6
1416 5
1417 9
1418 3
1419 3
1420 3
1421 6
1422 5
1423 4
1424 6
1425 6
1426 7
1427 7
1428 12
1429 6
1430 9
1431 10
1432 8
1433 19
1434 8
1435 6
1436 15
1437 9
1438 8
1439 7
1440 9
1441 8
1442 7
1443 7
1444 13
1445 11
1446 7
1447 3
1448 8
1449 11
1450 9
1451 9
1452 12
1453 10
1454 14
1455 9
1456 10
1457 11
1458 9
1459 4
1460 11
1461 8
1462 11
1463 10
1464 17
1465 2
1466 13
1467 5
1468 7
1469 11
1470 6
1471 9
1472 4
1473 6
1474 11
1475 14
1476 8
1477 7
1478 10
1479 8
1480 5
1481 11
1482 6
1483 6
1484 6
1485 3
1486 7
1487 9
1488 2
1489 5
1490 7
1491 12
1492 9
1493 8
1494 6
1495 9
1496 13
1497 9
1498 7
1499 4
1500 5
1501 4
1502 4
1503 9
1504 16
1505 7
1506 6
1507 3
1508 7
1509 6
1510 4
1511 2
1512 6
1513 9
1514 7
1515 7
1516 4
1517 4
1518 2
1519 4
1520 2
1521 3
1522 2
1523 9
1524 10
1525 5
1526 1
1527 1
1528 2
1529 5
1530 3
1531 3
1532 4
1533 9
1534 3
1535 5
1536 3
1537 2
1538 3
1539 2
1540 8
1541 4
1542 2
1543 1
1544 0
1545 1
1546 0
1547 7
1548 7
1549 0
1550 2
1551 3
1552 3
1553 3
1554 1
1555 4
1556 6
1557 1
1558 1
1559 2
1560 1
1561 0
1562 2
1563 1
1564 1
1565 1
1566 1
1567 3
1568 3
1569 1
1570 0
1571 0
1572 1
1573 1
1574 2
1575 1
1576 3
1577 2
1578 2
1579 2
1580 0
1581 1
1582 3
1583 2
1584 1
1585 2
1586 1
1587 2
1588 5
1589 6
1590 3
1591 0
1592 2
1593 3
1594 2
1595 2
1596 2
1597 3
1598 2
1599 5
1600 6
1601 2
1602 2
1603 6
1604 1
1605 2
1606 2
1607 3
1608 0
1609 3
1610 3
1611 2
1612 0
1613 3
1614 1
1615 3
1616 4
1617 3
1618 3
1619 4
1620 1
1621 0
1622 2
1623 2
1624 1
1625 1
1626 4
1627 1
1628 4
1629 3
1630 1
1631 3
1632 4
1633 4
1634 1
1635 2
1636 2
1637 1
1638 2
1639 1
1640 2
1641 4
1642 3
1643 0
1644 2
1645 2
1646 1
1647 0
1648 0
1649 2
1650 1
1651 0
1652 3
1653 4
1654 1
1655 1
1656 3
1657 2
1658 3
1659 0
1660 1
1661 0
1662 1
1663 4
1664 1
1665 1
1666 0
1667 0
1668 0
1669 0
1670 2
1671 1
1672 1
1673 2
1674 1
1675 0
1676 1
1677 4
1678 0
1679 0
1680 0
1681 0
1682 0
1683 3
1684 0
1685 1
1686 0
1687 1
1688 0
1689 0
1690 0
1691 0
1692 0
1693 0
1694 0
1695 0
1696 0
1697 0
1698 1
1699 0
1700 0
1701 0
1702 0
1703 0
1704 0
1705 0
1706 0
1707 0
1708 0
1709 0
1710 1
1711 0
1712 0
1713 1
1714 1
1715 0
1716 0
1717 0
1718 0
1719 0
1720 0
1721 0
1722 0
1723 0
1724 0
1725 0
1726 0
1727 0
1728 0
1729 0
1730 0
1731 0
1732 0
1733 0
1734 1
1735 0
1736 0
1737 0
1738 0
1739 0
1740 0
1741 0
1742 0
1743 0
1744 0
1745 0
1746 0
1747 0
1748 0
1749 0
1750 0
1751 0
1752 1
1753 0
1754 0
1755 0
1756 0
1757 0
1758 0
1759 0
1760 0
1761 0
1762 0
1763 0
1764 1
1765 0
1766 1
1767 0
1768 1
1769 0
1770 1
1771 0
1772 0
1773 0
1774 1
1775 0
1776 0
1777 0
1778 0
1779 1
1780 0
1781 1
1782 0
1783 0
1784 1
1785 0
1786 0
1787 0
1788 1
1789 1
1790 0
1791 0
1792 1
1793 0
1794 0
1795 1
1796 0
1797 0
1798 0
1799 0
1800 0
1801 0
1802 0
1803 0
1804 0
1805 0
1806 0
1807 0
1808 0
1809 0
1810 0
1811 0
1812 0
1813 0
1814 0
1815 0
1816 0
1817 0
1818 0
1819 0
1820 1
1821 0
1822 1
1823 0
1824 0
1825 1
1826 0
1827 1
1828 1
1829 0
1830 1
1831 0
1832 0
1833 0
1834 0
1835 1
1836 0
1837 0
1838 0
1839 0
1840 1
1841 0
1842 0
1843 0
1844 0
1845 0
1846 0
1847 0
1848 0
1849 0
1850 0
1851 0
1852 0
1853 0
1854 0
1855 1
1856 0
1857 1
1858 0
1859 0
1860 0
1861 0
1862 0
1863 0
1864 0
1865 0
1866 0
1867 0
1868 0
1869 0
1870 0
1871 0
1872 0
1873 0
1874 0
1875 0
1876 0
1877 1
1878 0
1879 0
1880 0
1881 0
1882 0
1883 0
1884 0
1885 0
1886 1
1887 1
1888 0
1889 0
1890 0
1891 1
1892 0
1893 0
1894 0
1895 1
1896 0
1897 2
1898 0
1899 0
1900 0
1901 0
1902 0
1903 0
1904 0
1905 0
1906 1
1907 0
1908 0
1909 0
1910 1
1911 0
1912 0
1913 0
1914 0
1915 0
1916 0
1917 0
1918 0
1919 0
1920 0
1921 0
1922 0
1923 0
1924 0
1925 0
1926 0
1927 0
1928 1
1929 0
1930 0
1931 0
1932 0
1933 0
1934 0
1935 0
1936 0
1937 0
1938 0
1939 0
1940 0
1941 0
1942 0
1943 0
1944 0
1945 0
1946 0
1947 0
1948 0
1949 0
1950 0
1951 0
1952 0
1953 1
1954 0
1955 0
1956 0
1957 1
1958 0
1959 0
1960 0
1961 0
1962 0
1963 0
1964 0
1965 0
1966 0
1967 0
1968 0
1969 0
1970 0
1971 0
1972 1
1973 0
1974 0
1975 0
1976 0
1977 0
1978 0
1979 0
1980 0
1981 0
1982 1
1983 0
1984 0
1985 0
1986 0
1987 0
1988 0
1989 0
1990 0
1991 0
1992 0
1993 2
1994 0
1995 0
1996 0
1997 0
1998 0
1999 0
2000 0
2001 0
2002 1
2003 1
2004 0
2005 0
2006 0
2007 0
2008 0
2009 0
2010 0
2011 0
2012 0
2013 0
2014 0
2015 0
2016 0
2017 0
2018 0
2019 0
2020 1
2021 0
2022 0
2023 0
2024 0
2025 0
2026 0
2027 0
2028 0
2029 0
2030 0
2031 0
2032 0
2033 0
2034 0
2035 0
2036 0
2037 0
2038 0
2039 0
2040 0
2041 0
2042 0
2043 0
2044 0
2045 0
2046 0
2047 0
