# Dead time factor = 1.00000
0 0
1 0
2 0
3 0
4 0
5 0
6 0
7 0
8 0
9 0
10 0
11 0
12 0
13 0
14 0
15 0
16 0
17 0
18 0
19 0
20 1
21 25
22 38
23 28
24 32
25 23
26 35
27 28
28 27
29 44
30 34
31 45
32 44
33 37
34 50
35 39
36 49
37 48
38 45
39 39
40 41
41 48
42 53
43 60
44 55
45 64
46 54
47 94
48 101
49 138
50 145
51 170
52 170
53 147
54 111
55 80
56 71
57 67
58 58
59 54
60 47
61 33
62 44
63 34
64 40
65 32
66 34
67 28
68 39
69 32
70 29
71 38
72 29
73 37
74 34
75 32
76 22
77 34
78 34
79 33
80 20
81 34
82 39
83 36
84 26
85 33
86 38
87 34
88 31
89 31
90 46
91 30
92 28
93 41
94 30
95 30
96 31
97 28
98 28
99 28
100 27
101 28
102 28
103 36
104 24
105 37
106 31
107 29
108 17
109 26
110 28
111 21
112 24
113 16
114 24
115 26
116 22
117 17
118 24
119 21
120 18
121 19
122 14
123 23
124 21
125 21
126 24
127 22
128 26
129 24
130 17
131 24
132 23
133 22
134 26
135 13
136 28
137 18
138 13
139 12
140 19
141 17
142 19
143 27
144 13
145 13
146 11
147 22
148 19
149 19
150 16
151 28
152 22
153 19
154 17
155 17
156 28
157 29
158 16
159 18
160 24
161 34
162 33
163 30
164 21
165 38
166 38
167 35
168 43
169 42
170 45
171 40
172 39
173 45
174 44
175 34
176 38
177 38
178 28
179 22
180 37
181 23
182 24
183 25
184 13
185 28
186 24
187 22
188 28
189 23
190 12
191 14
192 21
193 13
194 19
195 17
196 14
197 19
198 10
199 15
200 15
201 18
202 22
203 17
204 13
205 13
206 15
207 12
208 14
209 21
210 14
211 18
212 14
213 21
214 14
215 14
216 19
217 16
218 14
219 18
220 8
221 15
222 13
223 16
224 10
225 21
226 11
227 19
228 27
229 26
230 19
231 23
232 19
233 12
234 19
235 16
236 16
237 13
238 19
239 15
240 12
241 21
242 22
243 14
244 14
245 10
246 20
247 18
248 23
249 14
250 18
251 9
252 20
253 13
254 18
255 17
256 19
257 18
258 16
259 13
260 16
261 15
262 13
263 9
264 13
265 9
266 7
267 13
268 11
269 15
270 10
271 18
272 11
273 15
274 18
275 11
276 11
277 16
278 14
279 16
280 16
281 12
282 11
283 8
284 11
285 13
286 12
287 13
288 17
289 14
290 16
291 21
292 13
293 11
294 10
295 15
296 12
297 10
298 10
299 13
300 13
301 13
302 16
303 12
304 9
305 6
306 18
307 10
308 19
309 15
310 9
311 10
312 11
313 8
314 14
315 7
316 9
317 13
318 9
319 12
320 10
321 9
322 8
323 9
324 8
325 20
326 10
327 10
328 13
329 9
330 6
331 13
332 14
333 20
334 7
335 12
336 14
337 9
338 18
339 14
340 11
341 11
342 15
343 13
344 16
345 15
346 17
347 10
348 15
349 18
350 16
351 18
352 9
353 14
354 8
355 19
356 18
357 11
358 17
359 9
360 17
361 12
362 19
363 14
364 19
365 18
366 10
367 8
368 8
369 14
370 10
371 19
372 11
373 9
374 9
375 6
376 8
377 9
378 11
379 9
380 12
381 9
382 8
383 8
384 6
385 17
386 11
387 9
388 8
389 6
390 15
391 12
392 8
393 9
394 9
395 10
396 11
397 8
398 10
399 6
400 11
401 7
402 17
403 10
404 17
405 8
406 6
407 12
408 14
409 12
410 8
411 11
412 10
413 14
414 11
415 12
416 12
417 15
418 7
419 10
420 7
421 9
422 7
423 11
424 14
425 9
426 9
427 11
428 9
429 4
430 13
431 13
432 14
433 12
434 7
435 8
436 11
437 9
438 14
439 11
440 12
441 15
442 6
443 11
444 11
445 7
446 9
447 9
448 6
449 4
450 5
451 8
452 4
453 16
454 7
455 10
456 12
457 11
458 15
459 8
460 10
461 11
462 9
463 10
464 7
465 9
466 17
467 7
468 9
469 12
470 12
471 9
472 6
473 7
474 12
475 9
476 14
477 10
478 9
479 6
480 13
481 9
482 17
483 6
484 7
485 5
486 8
487 8
488 9
489 6
490 6
491 9
492 6
493 16
494 12
495 9
496 13
497 11
498 7
499 9
500 12
501 11
502 11
503 12
504 14
505 16
506 12
507 15
508 8
509 14
510 20
511 9
512 13
513 10
514 5
515 17
516 11
517 12
518 10
519 8
520 8
521 10
522 18
523 14
524 9
525 15
526 11
527 13
528 12
529 10
530 11
531 10
532 2
533 7
534 10
535 13
536 17
537 13
538 15
539 11
540 5
541 8
542 14
543 9
544 6
545 13
546 11
547 11
548 13
549 8
550 6
551 8
552 11
553 12
554 11
555 7
556 11
557 8
558 16
559 7
560 14
561 8
562 16
563 7
564 10
565 10
566 10
567 15
568 4
569 9
570 13
571 11
572 11
573 9
574 13
575 11
576 6
577 8
578 7
579 8
580 10
581 9
582 9
583 5
584 6
585 11
586 6
587 7
588 12
589 8
590 8
591 11
592 7
593 6
594 14
595 13
596 9
597 13
598 11
599 8
600 12
601 9
602 14
603 11
604 8
605 7
606 16
607 6
608 13
609 11
610 5
611 12
612 14
613 6
614 8
615 6
616 11
617 13
618 8
619 8
620 12
621 10
622 8
623 6
624 11
625 11
626 6
627 6
628 9
629 15
630 7
631 6
632 10
633 15
634 13
635 12
636 7
637 11
638 8
639 12
640 8
641 14
642 15
643 8
644 7
645 14
646 9
647 11
648 10
649 10
650 9
651 12
652 19
653 4
654 7
655 11
656 12
657 10
658 11
659 8
660 15
661 11
662 4
663 15
664 6
665 9
666 10
667 8
668 6
669 13
670 9
671 12
672 8
673 13
674 9
675 11
676 7
677 14
678 12
679 11
680 13
681 10
682 12
683 12
684 10
685 8
686 7
687 9
688 13
689 9
690 5
691 5
692 10
693 12
694 8
695 8
696 8
697 14
698 5
699 7
700 10
701 10
702 8
703 8
704 6
705 7
706 13
707 11
708 10
709 11
710 4
711 12
712 12
713 9
714 8
715 8
716 13
717 15
718 7
719 13
720 15
721 12
722 7
723 9
724 9
725 7
726 9
727 12
728 10
729 12
730 12
731 12
732 4
733 9
734 11
735 8
736 8
737 4
738 7
739 7
740 13
741 9
742 15
743 11
744 15
745 12
746 12
747 15
748 11
749 14
750 8
751 7
752 10
753 14
754 14
755 10
756 6
757 13
758 13
759 3
760 12
761 11
762 9
763 15
764 9
765 22
766 7
767 7
768 9
769 12
770 8
771 9
772 13
773 10
774 11
775 10
776 12
777 13
778 9
779 9
780 9
781 14
782 16
783 13
784 14
785 11
786 8
787 10
788 7
789 17
790 13
791 8
792 2
793 9
794 17
795 15
796 11
797 7
798 9
799 10
800 12
801 10
802 15
803 15
804 17
805 9
806 13
807 11
808 9
809 12
810 14
811 15
812 12
813 13
814 10
815 16
816 9
817 4
818 13
819 5
820 7
821 20
822 11
823 11
824 10
825 17
826 16
827 14
828 10
829 13
830 11
831 13
832 10
833 15
834 13
835 13
836 8
837 9
838 5
839 10
840 6
841 11
842 8
843 11
844 11
845 15
846 8
847 11
848 5
849 12
850 10
851 15
852 15
853 13
854 9
855 13
856 15
857 18
858 10
859 12
860 12
861 5
862 14
863 8
864 9
865 15
866 19
867 12
868 7
869 13
870 7
871 11
872 6
873 9
874 17
875 8
876 15
877 4
878 10
879 13
880 12
881 20
882 12
883 13
884 14
885 11
886 13
887 13
888 6
889 11
890 13
891 16
892 10
893 9
894 15
895 12
896 14
897 7
898 13
899 9
900 12
901 6
902 12
903 10
904 13
905 12
906 15
907 22
908 11
909 7
910 9
911 13
912 16
913 7
914 20
915 14
916 5
917 12
918 14
919 11
920 14
921 12
922 13
923 7
924 17
925 13
926 16
927 17
928 8
929 16
930 13
931 16
932 16
933 18
934 17
935 10
936 12
937 14
938 13
939 9
940 18
941 16
942 13
943 9
944 13
945 9
946 13
947 7
948 8
949 14
950 13
951 13
952 16
953 13
954 10
955 13
956 12
957 15
958 14
959 12
960 14
961 12
962 15
963 14
964 14
965 14
966 12
967 23
968 17
969 10
970 15
971 12
972 10
973 16
974 12
975 13
976 10
977 15
978 11
979 17
980 12
981 11
982 7
983 14
984 12
985 10
986 12
987 14
988 15
989 7
990 8
991 14
992 9
993 10
994 4
995 15
996 11
997 18
998 12
999 10
1000 10
1001 16
1002 13
1003 12
1004 19
1005 13
1006 16
1007 11
1008 14
1009 14
1010 10
1011 20
1012 14
1013 11
1014 12
1015 19
1016 18
1017 15
1018 15
1019 15
1020 20
1021 17
1022 12
1023 9
1024 10
1025 12
1026 10
1027 14
1028 11
1029 9
1030 14
1031 9
1032 13
1033 13
1034 12
1035 10
1036 15
1037 16
1038 11
1039 13
1040 10
1041 15
1042 12
1043 16
1044 22
1045 7
1046 14
1047 17
1048 16
1049 9
1050 9
1051 11
1052 15
1053 15
1054 17
1055 18
1056 15
1057 16
1058 19
1059 14
1060 13
1061 8
1062 18
1063 22
1064 14
1065 20
1066 16
1067 19
1068 18
1069 19
1070 18
1071 23
1072 24
1073 21
1074 20
1075 18
1076 22
1077 18
1078 19
1079 28
1080 17
1081 23
1082 21
1083 17
1084 20
1085 26
1086 25
1087 12
1088 21
1089 21
1090 23
1091 20
1092 21
1093 20
1094 16
1095 26
1096 16
1097 19
1098 27
1099 13
1100 23
1101 27
1102 22
1103 15
1104 22
1105 23
1106 19
1107 22
1108 13
1109 25
1110 28
1111 24
1112 18
1113 32
1114 33
1115 20
1116 19
1117 23
1118 23
1119 17
1120 19
1121 21
1122 26
1123 24
1124 26
1125 23
1126 17
1127 18
1128 24
1129 19
1130 26
1131 26
1132 29
1133 34
1134 31
1135 22
1136 20
1137 37
1138 22
1139 20
1140 31
1141 29
1142 22
1143 30
1144 28
1145 28
1146 17
1147 23
1148 17
1149 16
1150 16
1151 31
1152 25
1153 27
1154 17
1155 20
1156 20
1157 24
1158 19
1159 23
1160 25
1161 34
1162 31
1163 18
1164 28
1165 25
1166 11
1167 20
1168 28
1169 16
1170 21
1171 26
1172 26
1173 24
1174 37
1175 25
1176 25
1177 24
1178 19
1179 17
1180 25
1181 18
1182 23
1183 23
1184 24
1185 24
1186 25
1187 23
1188 30
1189 34
1190 35
1191 14
1192 19
1193 28
1194 32
1195 25
1196 26
1197 17
1198 18
1199 33
1200 18
1201 21
1202 20
1203 24
1204 23
1205 17
1206 15
1207 20
1208 26
1209 27
1210 18
1211 24
1212 22
1213 22
1214 22
1215 30
1216 28
1217 25
1218 18
1219 18
1220 32
1221 19
1222 26
1223 18
1224 26
1225 33
1226 24
1227 15
1228 37
1229 19
1230 25
1231 29
1232 15
1233 29
1234 19
1235 18
1236 31
1237 29
1238 24
1239 22
1240 33
1241 37
1242 33
1243 23
1244 21
1245 35
1246 31
1247 26
1248 20
1249 30
1250 37
1251 33
1252 33
1253 33
1254 33
1255 36
1256 44
1257 32
1258 40
1259 43
1260 30
1261 29
1262 33
1263 30
1264 34
1265 35
1266 33
1267 35
1268 32
1269 33
1270 26
1271 39
1272 37
1273 39
1274 31
1275 37
1276 35
1277 32
1278 33
1279 44
1280 45
1281 32
1282 36
1283 31
1284 33
1285 38
1286 35
1287 32
1288 43
1289 41
1290 34
1291 32
1292 35
1293 39
1294 31
1295 39
1296 33
1297 40
1298 41
1299 33
1300 41
1301 34
1302 37
1303 37
1304 39
1305 30
1306 36
1307 37
1308 32
1309 34
1310 39
1311 40
1312 32
1313 46
1314 40
1315 29
1316 36
1317 45
1318 33
1319 31
1320 43
1321 40
1322 34
1323 39
1324 31
1325 32
1326 41
1327 24
1328 37
1329 41
1330 28
1331 25
1332 33
1333 32
1334 36
1335 34
1336 35
1337 31
1338 35
1339 29
1340 43
1341 28
1342 39
1343 29
1344 29
1345 31
1346 31
1347 28
1348 27
1349 26
1350 28
1351 26
1352 35
1353 31
1354 29
1355 28
1356 29
1357 24
1358 26
1359 26
1360 29
1361 26
1362 26
1363 30
1364 24
1365 16
1366 16
1367 26
1368 31
1369 25
1370 18
1371 23
1372 20
1373 27
1374 24
1375 32
1376 17
1377 22
1378 24
1379 11
1380 26
1381 14
1382 25
1383 20
1384 27
1385 20
1386 15
1387 22
1388 22
1389 25
1390 35
1391 21
1392 29
1393 21
1394 23
1395 23
1396 19
1397 25
1398 27
1399 15
1400 19
1401 27
1402 22
1403 38
1404 22
1405 26
1406 26
1407 33
1408 27
1409 30
1410 40
1411 41
1412 33
1413 32
1414 34
1415 30
1416 39
1417 39
1418 20
1419 26
1420 31
1421 35
1422 29
1423 33
1424 35
1425 26
1426 31
1427 43
1428 21
1429 35
1430 36
1431 31
1432 33
1433 36
1434 39
1435 33
1436 32
1437 31
1438 33
1439 34
1440 36
1441 40
1442 33
1443 41
1444 40
1445 39
1446 37
1447 38
1448 37
1449 40
1450 43
1451 40
1452 35
1453 43
1454 34
1455 38
1456 53
1457 53
1458 25
1459 35
1460 43
1461 19
1462 36
1463 40
1464 40
1465 41
1466 45
1467 42
1468 39
1469 31
1470 40
1471 37
1472 41
1473 35
1474 37
1475 32
1476 37
1477 35
1478 35
1479 30
1480 45
1481 38
1482 23
1483 39
1484 52
1485 36
1486 37
1487 25
1488 28
1489 25
1490 39
1491 27
1492 28
1493 26
1494 34
1495 31
1496 25
1497 32
1498 23
1499 26
1500 23
1501 30
1502 29
1503 24
1504 13
1505 32
1506 21
1507 21
1508 21
1509 36
1510 21
1511 18
1512 18
1513 16
1514 30
1515 16
1516 22
1517 19
1518 18
1519 15
1520 24
1521 15
1522 16
1523 12
1524 11
1525 7
1526 12
1527 13
1528 12
1529 11
1530 19
1531 11
1532 12
1533 8
1534 12
1535 11
1536 13
1537 12
1538 14
1539 14
1540 18
1541 13
1542 4
1543 4
1544 12
1545 11
1546 11
1547 5
1548 12
1549 9
1550 8
1551 9
1552 2
1553 12
1554 9
1555 14
1556 8
1557 3
1558 8
1559 2
1560 15
1561 6
1562 6
1563 10
1564 4
1565 9
1566 9
1567 4
1568 10
1569 6
1570 7
1571 4
1572 7
1573 11
1574 6
1575 2
1576 7
1577 9
1578 5
1579 4
1580 14
1581 5
1582 5
1583 8
1584 7
1585 9
1586 7
1587 6
1588 5
1589 4
1590 6
1591 8
1592 5
1593 13
1594 12
1595 6
1596 9
1597 6
1598 10
1599 10
1600 5
1601 16
1602 10
1603 9
1604 8
1605 10
1606 12
1607 12
1608 15
1609 7
1610 11
1611 7
1612 8
1613 12
1614 13
1615 7
1616 7
1617 11
1618 8
1619 17
1620 10
1621 14
1622 12
1623 16
1624 3
1625 12
1626 7
1627 9
1628 8
1629 5
1630 11
1631 8
1632 11
1633 4
1634 7
1635 5
1636 6
1637 8
1638 7
1639 8
1640 7
1641 9
1642 8
1643 12
1644 8
1645 8
1646 3
1647 7
1648 6
1649 3
1650 8
1651 11
1652 3
1653 6
1654 8
1655 3
1656 4
1657 5
1658 8
1659 2
1660 9
1661 3
1662 6
1663 6
1664 6
1665 5
1666 3
1667 4
1668 5
1669 0
1670 7
1671 7
1672 5
1673 2
1674 3
1675 4
1676 3
1677 3
1678 1
1679 1
1680 4
1681 3
1682 3
1683 1
1684 0
1685 1
1686 3
1687 1
1688 2
1689 1
1690 1
1691 0
1692 1
1693 2
1694 0
1695 0
1696 2
1697 0
1698 0
1699 1
1700 2
1701 3
1702 1
1703 0
1704 1
1705 4
1706 2
1707 0
1708 1
1709 0
1710 1
1711 3
1712 0
1713 0
1714 1
1715 0
1716 1
1717 0
1718 2
1719 0
1720 0
1721 0
1722 1
1723 1
1724 0
1725 1
1726 1
1727 0
1728 0
1729 0
1730 1
1731 1
1732 1
1733 1
1734 0
1735 0
1736 0
1737 0
1738 2
1739 0
1740 0
1741 0
1742 1
1743 0
1744 0
1745 1
1746 1
1747 0
1748 0
1749 0
1750 0
1751 0
1752 0
1753 0
1754 1
1755 0
1756 0
1757 1
1758 0
1759 1
1760 1
1761 0
1762 0
1763 1
1764 0
1765 0
1766 0
1767 1
1768 0
1769 0
1770 0
1771 0
1772 0
1773 1
1774 0
1775 0
1776 0
1777 1
1778 0
1779 1
1780 0
1781 0
1782 1
1783 0
1784 0
1785 0
1786 0
1787 0
1788 0
1789 2
1790 1
1791 0
1792 0
1793 0
1794 0
1795 0
1796 0
1797 0
1798 1
1799 0
1800 0
1801 0
1802 0
1803 0
1804 0
1805 0
1806 0
1807 0
1808 0
1809 0
1810 0
1811 1
1812 0
1813 0
1814 1
1815 0
1816 0
1817 1
1818 0
1819 0
1820 1
1821 0
1822 1
1823 0
1824 1
1825 0
1826 0
1827 0
1828 1
1829 0
1830 0
1831 1
1832 0
1833 1
1834 1
1835 0
1836 0
1837 0
1838 0
1839 1
1840 0
1841 0
1842 0
1843 0
1844 0
1845 0
1846 0
1847 0
1848 0
1849 0
1850 0
1851 0
1852 0
1853 0
1854 0
1855 0
1856 1
1857 2
1858 0
1859 0
1860 1
1861 0
1862 0
1863 0
1864 0
1865 1
1866 0
1867 0
1868 0
1869 1
1870 0
1871 2
1872 1
1873 1
1874 1
1875 1
1876 0
1877 0
1878 0
1879 0
1880 1
1881 0
1882 1
1883 0
1884 0
1885 0
1886 0
1887 0
1888 0
1889 0
1890 1
1891 0
1892 0
1893 0
1894 0
1895 0
1896 0
1897 1
1898 1
1899 0
1900 0
1901 0
1902 0
1903 0
1904 1
1905 0
1906 0
1907 0
1908 0
1909 1
1910 1
1911 1
1912 0
1913 0
1914 0
1915 0
1916 1
1917 0
1918 1
1919 0
1920 0
1921 0
1922 3
1923 1
1924 0
1925 0
1926 1
1927 0
1928 0
1929 0
1930 0
1931 1
1932 0
1933 0
1934 1
1935 0
1936 0
1937 0
1938 1
1939 0
1940 1
1941 0
1942 0
1943 0
1944 0
1945 0
1946 1
1947 0
1948 0
1949 0
1950 0
1951 1
1952 0
1953 0
1954 2
1955 0
1956 0
1957 0
1958 0
1959 0
1960 0
1961 0
1962 0
1963 0
1964 0
1965 1
1966 2
1967 0
1968 0
1969 2
1970 0
1971 1
1972 0
1973 0
1974 0
1975 0
1976 0
1977 0
1978 0
1979 0
1980 1
1981 0
1982 0
1983 0
1984 0
1985 0
1986 1
1987 0
1988 0
1989 0
1990 0
1991 1
1992 0
1993 0
1994 0
1995 0
1996 1
1997 0
1998 0
1999 0
2000 0
2001 0
2002 0
2003 1
2004 0
2005 0
2006 0
2007 0
2008 0
2009 0
2010 0
2011 0
2012 1
2013 1
2014 0
2015 0
2016 1
2017 0
2018 0
2019 0
2020 1
2021 1
2022 0
2023 0
2024 0
2025 0
2026 0
2027 1
2028 0
2029 0
2030 0
2031 0
2032 0
2033 0
2034 0
2035 0
2036 0
2037 0
2038 0
2039 0
2040 0
2041 0
2042 0
2043 0
2044 0
2045 0
2046 0
2047 0
