# Dead time factor = 1.00000
0 0
1 0
2 0
3 0
4 0
5 0
6 0
7 0
8 0
9 0
10 0
11 0
12 0
13 0
14 0
15 0
16 0
17 0
18 0
19 0
20 2
21 27
22 22
23 34
24 28
25 29
26 40
27 25
28 21
29 36
30 26
31 30
32 41
33 45
34 36
35 54
36 35
37 58
38 55
39 39
40 46
41 49
42 50
43 38
44 42
45 61
46 66
47 91
48 107
49 137
50 169
51 165
52 161
53 145
54 130
55 106
56 75
57 76
58 69
59 55
60 40
61 54
62 43
63 37
64 37
65 33
66 40
67 39
68 26
69 34
70 26
71 35
72 23
73 25
74 37
75 29
76 27
77 40
78 25
79 30
80 26
81 40
82 36
83 35
84 56
85 40
86 36
87 33
88 39
89 33
90 41
91 36
92 28
93 37
94 26
95 30
96 30
97 41
98 30
99 28
100 28
101 29
102 37
103 20
104 29
105 26
106 34
107 30
108 20
109 30
110 19
111 28
112 27
113 30
114 27
115 14
116 26
117 28
118 26
119 22
120 27
121 23
122 21
123 27
124 26
125 18
126 16
127 10
128 21
129 28
130 20
131 19
132 21
133 23
134 17
135 20
136 15
137 20
138 21
139 20
140 16
141 25
142 21
143 21
144 25
145 26
146 15
147 14
148 25
149 18
150 15
151 23
152 21
153 9
154 18
155 24
156 17
157 17
158 16
159 28
160 26
161 25
162 37
163 37
164 29
165 48
166 34
167 41
168 51
169 38
170 45
171 45
172 39
173 42
174 41
175 28
176 34
177 33
178 18
179 22
180 33
181 20
182 21
183 21
184 24
185 24
186 20
187 23
188 24
189 24
190 20
191 17
192 13
193 11
194 18
195 14
196 15
197 15
198 21
199 16
200 13
201 25
202 21
203 18
204 16
205 16
206 16
207 14
208 20
209 25
210 7
211 11
212 20
213 12
214 20
215 17
216 18
217 18
218 8
219 13
220 12
221 4
222 19
223 14
224 13
225 19
226 21
227 18
228 10
229 14
230 13
231 15
232 10
233 9
234 17
235 15
236 12
237 7
238 17
239 12
240 15
241 19
242 13
243 15
244 14
245 9
246 14
247 19
248 20
249 16
250 9
251 16
252 12
253 9
254 9
255 14
256 14
257 12
258 13
259 15
260 12
261 12
262 14
263 12
264 16
265 14
266 10
267 17
268 9
269 8
270 16
271 11
272 16
273 12
274 11
275 15
276 10
277 23
278 9
279 14
280 15
281 12
282 15
283 11
284 13
285 16
286 12
287 12
288 16
289 4
290 13
291 17
292 9
293 16
294 6
295 14
296 13
297 13
298 9
299 10
300 11
301 9
302 13
303 9
304 9
305 13
306 12
307 11
308 9
309 13
310 15
311 15
312 5
313 7
314 9
315 18
316 15
317 13
318 11
319 15
320 11
321 13
322 12
323 8
324 16
325 15
326 13
327 9
328 12
329 18
330 14
331 8
332 10
333 16
334 10
335 10
336 6
337 11
338 16
339 6
340 9
341 12
342 12
343 11
344 16
345 14
346 19
347 20
348 13
349 17
350 14
351 16
352 14
353 18
354 20
355 11
356 13
357 21
358 11
359 12
360 19
361 20
362 14
363 12
364 11
365 10
366 11
367 18
368 12
369 10
370 13
371 14
372 7
373 10
374 8
375 12
376 15
377 8
378 10
379 9
380 10
381 7
382 11
383 14
384 17
385 9
386 10
387 13
388 6
389 10
390 13
391 10
392 11
393 14
394 11
395 3
396 5
397 13
398 7
399 9
400 10
401 6
402 17
403 8
404 16
405 7
406 15
407 9
408 9
409 10
410 10
411 4
412 14
413 7
414 6
415 11
416 11
417 8
418 12
419 11
420 7
421 11
422 10
423 7
424 6
425 9
426 14
427 15
428 12
429 12
430 11
431 13
432 4
433 3
434 13
435 7
436 6
437 6
438 12
439 15
440 14
441 10
442 9
443 8
444 5
445 8
446 4
447 10
448 17
449 11
450 5
451 11
452 6
453 9
454 12
455 6
456 9
457 15
458 10
459 7
460 8
461 10
462 14
463 9
464 6
465 10
466 6
467 9
468 10
469 13
470 9
471 9
472 4
473 12
474 6
475 15
476 15
477 8
478 12
479 12
480 9
481 9
482 6
483 10
484 13
485 7
486 8
487 12
488 14
489 8
490 12
491 8
492 8
493 13
494 7
495 9
496 12
497 17
498 8
499 15
500 12
501 12
502 9
503 10
504 12
505 10
506 8
507 13
508 7
509 6
510 8
511 11
512 7
513 13
514 11
515 4
516 12
517 12
518 11
519 7
520 10
521 9
522 11
523 10
524 6
525 16
526 6
527 18
528 13
529 7
530 8
531 10
532 13
533 14
534 11
535 9
536 8
537 8
538 11
539 11
540 16
541 12
542 10
543 13
544 8
545 9
546 10
547 11
548 14
549 6
550 2
551 9
552 12
553 12
554 6
555 6
556 4
557 13
558 8
559 17
560 10
561 11
562 14
563 12
564 11
565 4
566 8
567 12
568 10
569 10
570 10
571 13
572 4
573 8
574 14
575 8
576 9
577 8
578 11
579 11
580 12
581 4
582 8
583 10
584 10
585 16
586 11
587 10
588 10
589 11
590 5
591 13
592 12
593 9
594 13
595 14
596 11
597 6
598 11
599 6
600 10
601 6
602 8
603 17
604 10
605 11
606 11
607 12
608 9
609 13
610 14
611 7
612 5
613 6
614 8
615 13
616 15
617 12
618 13
619 7
620 11
621 10
622 7
623 9
624 10
625 12
626 7
627 10
628 9
629 10
630 14
631 11
632 12
633 8
634 9
635 13
636 9
637 14
638 11
639 11
640 8
641 7
642 8
643 11
644 9
645 16
646 14
647 17
648 12
649 12
650 12
651 9
652 9
653 13
654 16
655 10
656 16
657 11
658 3
659 5
660 12
661 12
662 9
663 10
664 7
665 4
666 9
667 10
668 12
669 7
670 7
671 6
672 9
673 13
674 11
675 9
676 10
677 14
678 10
679 9
680 9
681 11
682 12
683 13
684 12
685 5
686 5
687 10
688 14
689 12
690 13
691 7
692 11
693 12
694 11
695 12
696 10
697 11
698 11
699 14
700 12
701 4
702 7
703 10
704 10
705 8
706 10
707 11
708 13
709 14
710 7
711 11
712 16
713 12
714 6
715 5
716 11
717 13
718 8
719 11
720 18
721 8
722 21
723 10
724 9
725 10
726 12
727 7
728 12
729 10
730 15
731 11
732 5
733 17
734 8
735 12
736 9
737 11
738 9
739 8
740 7
741 9
742 9
743 11
744 8
745 6
746 5
747 12
748 7
749 6
750 12
751 13
752 9
753 12
754 14
755 11
756 15
757 12
758 14
759 7
760 13
761 9
762 11
763 11
764 13
765 10
766 9
767 10
768 17
769 13
770 15
771 16
772 4
773 4
774 7
775 9
776 17
777 7
778 14
779 13
780 13
781 8
782 12
783 10
784 13
785 15
786 12
787 14
788 11
789 13
790 12
791 11
792 8
793 12
794 6
795 13
796 11
797 10
798 13
799 11
800 7
801 7
802 13
803 14
804 9
805 8
806 10
807 13
808 11
809 8
810 11
811 6
812 17
813 11
814 11
815 15
816 17
817 13
818 9
819 10
820 7
821 17
822 15
823 10
824 11
825 9
826 12
827 11
828 10
829 5
830 15
831 15
832 13
833 17
834 15
835 7
836 7
837 9
838 10
839 9
840 16
841 15
842 14
843 16
844 13
845 9
846 15
847 13
848 9
849 14
850 13
851 8
852 12
853 14
854 7
855 10
856 13
857 13
858 11
859 11
860 11
861 10
862 15
863 10
864 14
865 12
866 11
867 4
868 11
869 4
870 15
871 13
872 18
873 12
874 11
875 14
876 16
877 12
878 13
879 20
880 12
881 9
882 19
883 17
884 10
885 12
886 12
887 5
888 13
889 12
890 13
891 14
892 15
893 8
894 9
895 13
896 12
897 6
898 7
899 11
900 8
901 15
902 9
903 13
904 14
905 18
906 7
907 9
908 10
909 13
910 12
911 19
912 5
913 13
914 9
915 4
916 6
917 14
918 8
919 10
920 9
921 14
922 19
923 8
924 19
925 15
926 13
927 14
928 14
929 21
930 7
931 20
932 12
933 12
934 13
935 8
936 15
937 11
938 21
939 13
940 17
941 13
942 18
943 10
944 15
945 15
946 14
947 11
948 16
949 16
950 11
951 10
952 21
953 10
954 22
955 17
956 11
957 14
958 13
959 13
960 22
961 17
962 19
963 12
964 11
965 20
966 12
967 23
968 18
969 8
970 11
971 14
972 7
973 15
974 12
975 13
976 9
977 20
978 14
979 23
980 10
981 8
982 7
983 17
984 12
985 15
986 14
987 15
988 20
989 18
990 11
991 13
992 13
993 14
994 13
995 10
996 16
997 11
998 12
999 9
1000 9
1001 12
1002 14
1003 15
1004 11
1005 10
1006 19
1007 9
1008 12
1009 17
1010 20
1011 12
1012 14
1013 14
1014 10
1015 10
1016 10
1017 9
1018 10
1019 10
1020 9
1021 11
1022 19
1023 20
1024 15
1025 14
1026 20
1027 4
1028 16
1029 17
1030 17
1031 7
1032 15
1033 16
1034 16
1035 11
1036 11
1037 9
1038 14
1039 13
1040 11
1041 14
1042 13
1043 12
1044 14
1045 14
1046 12
1047 14
1048 16
1049 15
1050 18
1051 13
1052 11
1053 17
1054 14
1055 16
1056 14
1057 20
1058 16
1059 17
1060 9
1061 17
1062 15
1063 16
1064 21
1065 13
1066 12
1067 17
1068 14
1069 20
1070 14
1071 19
1072 11
1073 20
1074 14
1075 14
1076 18
1077 15
1078 22
1079 14
1080 18
1081 20
1082 15
1083 11
1084 14
1085 24
1086 17
1087 21
1088 19
1089 16
1090 22
1091 14
1092 17
1093 25
1094 19
1095 16
1096 13
1097 24
1098 22
1099 21
1100 25
1101 25
1102 18
1103 13
1104 26
1105 22
1106 28
1107 16
1108 18
1109 25
1110 19
1111 23
1112 23
1113 19
1114 25
1115 22
1116 25
1117 31
1118 28
1119 18
1120 24
1121 29
1122 15
1123 18
1124 25
1125 24
1126 30
1127 22
1128 20
1129 19
1130 26
1131 20
1132 24
1133 29
1134 23
1135 18
1136 26
1137 26
1138 34
1139 25
1140 20
1141 24
1142 28
1143 26
1144 25
1145 24
1146 24
1147 19
1148 23
1149 24
1150 27
1151 24
1152 26
1153 29
1154 20
1155 13
1156 30
1157 35
1158 21
1159 19
1160 23
1161 20
1162 28
1163 18
1164 27
1165 27
1166 28
1167 18
1168 24
1169 26
1170 27
1171 40
1172 25
1173 23
1174 27
1175 27
1176 15
1177 19
1178 27
1179 18
1180 33
1181 21
1182 24
1183 19
1184 24
1185 24
1186 24
1187 13
1188 27
1189 28
1190 26
1191 28
1192 24
1193 26
1194 19
1195 22
1196 32
1197 26
1198 27
1199 10
1200 19
1201 24
1202 21
1203 33
1204 30
1205 25
1206 27
1207 21
1208 28
1209 24
1210 18
1211 15
1212 34
1213 23
1214 30
1215 24
1216 25
1217 22
1218 23
1219 21
1220 25
1221 29
1222 28
1223 29
1224 19
1225 11
1226 28
1227 29
1228 13
1229 31
1230 26
1231 32
1232 32
1233 23
1234 28
1235 30
1236 32
1237 27
1238 39
1239 23
1240 26
1241 28
1242 32
1243 21
1244 30
1245 34
1246 33
1247 35
1248 29
1249 37
1250 29
1251 32
1252 35
1253 44
1254 31
1255 30
1256 42
1257 36
1258 44
1259 40
1260 21
1261 41
1262 36
1263 37
1264 35
1265 34
1266 42
1267 39
1268 29
1269 44
1270 34
1271 33
1272 36
1273 43
1274 28
1275 35
1276 38
1277 42
1278 37
1279 34
1280 37
1281 42
1282 38
1283 44
1284 37
1285 26
1286 35
1287 29
1288 39
1289 32
1290 32
1291 31
1292 34
1293 35
1294 42
1295 40
1296 39
1297 39
1298 43
1299 40
1300 41
1301 39
1302 40
1303 41
1304 36
1305 50
1306 39
1307 41
1308 37
1309 34
1310 46
1311 39
1312 41
1313 32
1314 36
1315 34
1316 34
1317 33
1318 39
1319 34
1320 36
1321 26
1322 34
1323 42
1324 36
1325 36
1326 27
1327 36
1328 28
1329 27
1330 35
1331 30
1332 31
1333 35
1334 35
1335 33
1336 27
1337 33
1338 41
1339 32
1340 24
1341 27
1342 38
1343 31
1344 20
1345 29
1346 25
1347 27
1348 21
1349 24
1350 32
1351 31
1352 30
1353 29
1354 25
1355 21
1356 28
1357 26
1358 25
1359 28
1360 20
1361 23
1362 23
1363 23
1364 27
1365 23
1366 24
1367 33
1368 31
1369 28
1370 27
1371 31
1372 23
1373 26
1374 26
1375 12
1376 22
1377 21
1378 27
1379 21
1380 23
1381 13
1382 19
1383 35
1384 25
1385 21
1386 22
1387 17
1388 15
1389 24
1390 29
1391 22
1392 33
1393 23
1394 22
1395 19
1396 24
1397 18
1398 30
1399 28
1400 22
1401 28
1402 27
1403 27
1404 33
1405 38
1406 27
1407 44
1408 36
1409 28
1410 43
1411 35
1412 36
1413 39
1414 26
1415 27
1416 45
1417 37
1418 25
1419 40
1420 25
1421 31
1422 35
1423 36
1424 36
1425 41
1426 35
1427 38
1428 42
1429 35
1430 31
1431 30
1432 29
1433 40
1434 37
1435 40
1436 33
1437 46
1438 32
1439 52
1440 44
1441 28
1442 32
1443 37
1444 34
1445 41
1446 41
1447 41
1448 37
1449 35
1450 48
1451 36
1452 45
1453 42
1454 38
1455 38
1456 39
1457 48
1458 31
1459 36
1460 49
1461 37
1462 38
1463 48
1464 37
1465 39
1466 42
1467 41
1468 49
1469 29
1470 37
1471 32
1472 38
1473 30
1474 36
1475 50
1476 43
1477 47
1478 54
1479 30
1480 33
1481 31
1482 20
1483 41
1484 27
1485 33
1486 39
1487 32
1488 33
1489 28
1490 25
1491 36
1492 37
1493 38
1494 37
1495 23
1496 28
1497 39
1498 32
1499 32
1500 28
1501 20
1502 27
1503 20
1504 37
1505 27
1506 25
1507 25
1508 16
1509 29
1510 29
1511 20
1512 22
1513 14
1514 21
1515 21
1516 17
1517 13
1518 15
1519 14
1520 25
1521 19
1522 14
1523 15
1524 15
1525 18
1526 13
1527 9
1528 11
1529 9
1530 11
1531 11
1532 13
1533 13
1534 14
1535 9
1536 8
1537 10
1538 8
1539 10
1540 7
1541 8
1542 14
1543 7
1544 10
1545 10
1546 6
1547 7
1548 12
1549 6
1550 11
1551 8
1552 9
1553 10
1554 2
1555 13
1556 6
1557 7
1558 10
1559 9
1560 8
1561 7
1562 11
1563 7
1564 6
1565 9
1566 7
1567 7
1568 10
1569 9
1570 8
1571 8
1572 6
1573 8
1574 11
1575 8
1576 8
1577 12
1578 12
1579 6
1580 17
1581 11
1582 10
1583 10
1584 7
1585 7
1586 7
1587 11
1588 2
1589 10
1590 10
1591 6
1592 7
1593 14
1594 7
1595 14
1596 11
1597 12
1598 6
1599 9
1600 7
1601 6
1602 11
1603 6
1604 11
1605 13
1606 8
1607 9
1608 10
1609 8
1610 9
1611 7
1612 12
1613 9
1614 10
1615 10
1616 8
1617 10
1618 10
1619 9
1620 5
1621 12
1622 8
1623 5
1624 11
1625 8
1626 16
1627 10
1628 15
1629 8
1630 6
1631 14
1632 11
1633 14
1634 13
1635 17
1636 5
1637 10
1638 8
1639 10
1640 7
1641 6
1642 19
1643 7
1644 7
1645 9
1646 7
1647 5
1648 9
1649 11
1650 10
1651 6
1652 6
1653 8
1654 5
1655 4
1656 2
1657 7
1658 6
1659 7
1660 7
1661 5
1662 7
1663 5
1664 5
1665 7
1666 6
1667 2
1668 4
1669 3
1670 3
1671 3
1672 0
1673 6
1674 3
1675 4
1676 4
1677 3
1678 5
1679 3
1680 3
1681 3
1682 2
1683 5
1684 0
1685 4
1686 4
1687 0
1688 3
1689 0
1690 2
1691 1
1692 1
1693 3
1694 1
1695 0
1696 1
1697 1
1698 1
1699 0
1700 1
1701 0
1702 0
1703 0
1704 1
1705 1
1706 0
1707 2
1708 1
1709 0
1710 1
1711 0
1712 1
1713 0
1714 3
1715 0
1716 0
1717 0
1718 0
1719 1
1720 1
1721 0
1722 0
1723 2
1724 1
1725 0
1726 1
1727 2
1728 0
1729 0
1730 0
1731 0
1732 0
1733 1
1734 0
1735 0
1736 1
1737 0
1738 2
1739 0
1740 0
1741 1
1742 0
1743 1
1744 0
1745 0
1746 0
1747 0
1748 2
1749 0
1750 2
1751 0
1752 0
1753 0
1754 0
1755 0
1756 0
1757 0
1758 0
1759 0
1760 0
1761 0
1762 0
1763 2
1764 0
1765 0
1766 0
1767 0
1768 0
1769 1
1770 1
1771 0
1772 0
1773 1
1774 1
1775 1
1776 0
1777 1
1778 1
1779 0
1780 1
1781 0
1782 0
1783 0
1784 0
1785 0
1786 1
1787 0
1788 0
1789 0
1790 0
1791 1
1792 0
1793 1
1794 0
1795 1
1796 0
1797 0
1798 1
1799 0
1800 1
1801 0
1802 1
1803 1
1804 0
1805 0
1806 0
1807 0
1808 1
1809 0
1810 0
1811 1
1812 0
1813 0
1814 0
1815 0
1816 0
1817 1
1818 0
1819 0
1820 0
1821 1
1822 0
1823 0
1824 0
1825 1
1826 0
1827 1
1828 0
1829 1
1830 1
1831 0
1832 0
1833 0
1834 0
1835 0
1836 0
1837 0
1838 0
1839 0
1840 0
1841 1
1842 1
1843 0
1844 1
1845 0
1846 0
1847 0
1848 0
1849 0
1850 0
1851 1
1852 0
1853 0
1854 0
1855 1
1856 2
1857 1
1858 0
1859 0
1860 0
1861 1
1862 0
1863 1
1864 0
1865 0
1866 0
1867 0
1868 1
1869 1
1870 0
1871 0
1872 0
1873 0
1874 0
1875 0
1876 0
1877 1
1878 2
1879 0
1880 2
1881 1
1882 0
1883 0
1884 1
1885 0
1886 2
1887 0
1888 0
1889 0
1890 2
1891 0
1892 2
1893 0
1894 0
1895 0
1896 0
1897 1
1898 0
1899 0
1900 0
1901 1
1902 0
1903 0
1904 0
1905 0
1906 1
1907 0
1908 0
1909 1
1910 0
1911 0
1912 0
1913 0
1914 1
1915 0
1916 0
1917 0
1918 0
1919 0
1920 0
1921 1
1922 0
1923 0
1924 0
1925 0
1926 1
1927 0
1928 2
1929 0
1930 0
1931 0
1932 0
1933 0
1934 1
1935 0
1936 0
1937 0
1938 0
1939 0
1940 0
1941 0
1942 0
1943 1
1944 0
1945 0
1946 0
1947 2
1948 0
1949 0
1950 0
1951 0
1952 0
1953 1
1954 0
1955 1
1956 0
1957 0
1958 0
1959 1
1960 1
1961 0
1962 0
1963 0
1964 0
1965 0
1966 0
1967 0
1968 1
1969 0
1970 0
1971 0
1972 1
1973 0
1974 0
1975 0
1976 1
1977 1
1978 1
1979 0
1980 2
1981 1
1982 0
1983 1
1984 1
1985 0
1986 0
1987 0
1988 0
1989 1
1990 0
1991 1
1992 0
1993 0
1994 0
1995 0
1996 1
1997 0
1998 0
1999 1
2000 0
2001 0
2002 0
2003 0
2004 0
2005 0
2006 1
2007 0
2008 0
2009 0
2010 1
2011 0
2012 0
2013 0
2014 1
2015 0
2016 0
2017 1
2018 0
2019 0
2020 0
2021 0
2022 0
2023 0
2024 1
2025 0
2026 1
2027 0
2028 0
2029 1
2030 0
2031 0
2032 0
2033 0
2034 0
2035 0
2036 0
2037 0
2038 0
2039 0
2040 0
2041 0
2042 0
2043 0
2044 0
2045 0
2046 0
2047 0
