# Dead time factor = 1.00000
0 0
1 0
2 0
3 0
4 0
5 0
6 0
7 0
8 0
9 0
10 0
11 0
12 0
13 0
14 0
15 0
16 0
17 0
18 0
19 0
20 1
21 27
22 21
23 29
24 31
25 25
26 30
27 30
28 34
29 31
30 42
31 43
32 25
33 41
34 41
35 42
36 48
37 31
38 52
39 57
40 50
41 47
42 27
43 49
44 58
45 38
46 50
47 69
48 95
49 125
50 156
51 169
52 167
53 146
54 120
55 89
56 78
57 65
58 54
59 50
60 47
61 36
62 30
63 25
64 44
65 31
66 38
67 22
68 34
69 31
70 32
71 25
72 30
73 46
74 30
75 32
76 33
77 28
78 31
79 41
80 31
81 37
82 24
83 34
84 28
85 29
86 38
87 36
88 25
89 25
90 29
91 29
92 30
93 28
94 33
95 28
96 31
97 28
98 25
99 20
100 19
101 35
102 22
103 26
104 29
105 28
106 20
107 24
108 31
109 25
110 20
111 24
112 23
113 25
114 27
115 18
116 19
117 18
118 18
119 21
120 19
121 31
122 19
123 13
124 33
125 18
126 18
127 23
128 19
129 13
130 21
131 25
132 26
133 23
134 21
135 18
136 16
137 22
138 16
139 17
140 20
141 22
142 18
143 19
144 33
145 22
146 18
147 18
148 21
149 19
150 23
151 25
152 23
153 14
154 13
155 17
156 17
157 18
158 21
159 27
160 18
161 17
162 24
163 28
164 38
165 29
166 50
167 27
168 45
169 38
170 43
171 52
172 45
173 38
174 35
175 40
176 40
177 43
178 38
179 33
180 22
181 24
182 20
183 13
184 21
185 20
186 17
187 15
188 27
189 21
190 26
191 17
192 20
193 12
194 16
195 16
196 11
197 15
198 15
199 11
200 15
201 13
202 10
203 12
204 20
205 10
206 16
207 13
208 14
209 8
210 8
211 12
212 18
213 11
214 10
215 18
216 13
217 10
218 14
219 12
220 16
221 13
222 11
223 17
224 14
225 12
226 14
227 14
228 17
229 15
230 14
231 18
232 15
233 10
234 10
235 19
236 22
237 14
238 15
239 17
240 21
241 13
242 16
243 18
244 14
245 11
246 13
247 15
248 7
249 12
250 18
251 17
252 9
253 14
254 19
255 12
256 13
257 18
258 9
259 10
260 11
261 8
262 5
263 6
264 23
265 10
266 17
267 15
268 21
269 6
270 8
271 15
272 12
273 9
274 16
275 13
276 15
277 14
278 12
279 16
280 9
281 11
282 10
283 11
284 9
285 10
286 14
287 8
288 6
289 11
290 13
291 8
292 12
293 9
294 9
295 14
296 14
297 9
298 17
299 9
300 6
301 10
302 12
303 10
304 4
305 11
306 8
307 13
308 13
309 9
310 12
311 10
312 20
313 9
314 7
315 9
316 14
317 14
318 8
319 18
320 12
321 6
322 8
323 11
324 11
325 8
326 10
327 13
328 9
329 13
330 8
331 14
332 16
333 15
334 10
335 13
336 13
337 12
338 21
339 8
340 16
341 18
342 10
343 10
344 15
345 10
346 7
347 16
348 10
349 11
350 13
351 14
352 19
353 16
354 19
355 10
356 14
357 9
358 8
359 15
360 11
361 10
362 4
363 14
364 10
365 17
366 13
367 14
368 13
369 14
370 8
371 9
372 10
373 15
374 10
375 6
376 9
377 14
378 5
379 18
380 5
381 7
382 10
383 12
384 11
385 10
386 8
387 9
388 13
389 12
390 10
391 14
392 12
393 10
394 14
395 8
396 11
397 8
398 7
399 8
400 11
401 8
402 12
403 12
404 8
405 9
406 10
407 8
408 4
409 7
410 9
411 5
412 10
413 4
414 5
415 9
416 10
417 14
418 9
419 7
420 10
421 7
422 5
423 6
424 9
425 12
426 13
427 6
428 6
429 14
430 9
431 7
432 10
433 13
434 6
435 10
436 11
437 9
438 6
439 10
440 11
441 8
442 10
443 12
444 6
445 15
446 11
447 9
448 11
449 6
450 15
451 10
452 7
453 13
454 5
455 7
456 10
457 9
458 10
459 9
460 5
461 13
462 7
463 8
464 12
465 12
466 11
467 8
468 13
469 12
470 10
471 10
472 7
473 6
474 15
475 8
476 10
477 5
478 10
479 5
480 11
481 6
482 12
483 7
484 6
485 7
486 8
487 9
488 11
489 9
490 8
491 9
492 12
493 7
494 12
495 15
496 9
497 13
498 7
499 11
500 6
501 11
502 5
503 4
504 10
505 6
506 10
507 7
508 8
509 9
510 10
511 7
512 7
513 8
514 13
515 7
516 4
517 9
518 12
519 7
520 12
521 11
522 12
523 11
524 13
525 7
526 10
527 6
528 11
529 10
530 5
531 16
532 11
533 12
534 7
535 9
536 8
537 12
538 15
539 8
540 10
541 13
542 10
543 6
544 10
545 12
546 14
547 9
548 9
549 5
550 12
551 13
552 7
553 5
554 8
555 9
556 8
557 5
558 6
559 12
560 10
561 9
562 13
563 8
564 14
565 12
566 14
567 9
568 10
569 7
570 4
571 7
572 9
573 6
574 10
575 12
576 7
577 7
578 10
579 7
580 5
581 7
582 10
583 7
584 8
585 12
586 13
587 10
588 10
589 4
590 12
591 6
592 5
593 12
594 10
595 6
596 7
597 12
598 9
599 11
600 13
601 11
602 14
603 9
604 6
605 5
606 16
607 6
608 11
609 7
610 15
611 9
612 11
613 9
614 16
615 8
616 12
617 6
618 6
619 11
620 10
621 10
622 10
623 12
624 12
625 9
626 10
627 8
628 11
629 17
630 9
631 7
632 7
633 8
634 13
635 6
636 5
637 12
638 8
639 10
640 7
641 6
642 8
643 12
644 16
645 15
646 10
647 10
648 13
649 7
650 11
651 7
652 17
653 14
654 8
655 10
656 15
657 13
658 15
659 7
660 8
661 11
662 9
663 11
664 7
665 8
666 10
667 14
668 12
669 12
670 13
671 7
672 10
673 10
674 6
675 14
676 3
677 14
678 6
679 7
680 11
681 11
682 9
683 8
684 7
685 5
686 11
687 6
688 6
689 13
690 8
691 12
692 8
693 9
694 16
695 20
696 7
697 10
698 8
699 7
700 11
701 13
702 15
703 7
704 8
705 14
706 9
707 8
708 8
709 10
710 14
711 7
712 6
713 13
714 7
715 13
716 10
717 10
718 14
719 8
720 10
721 9
722 8
723 8
724 12
725 12
726 7
727 9
728 3
729 8
730 12
731 11
732 9
733 16
734 10
735 11
736 10
737 15
738 12
739 10
740 7
741 10
742 10
743 6
744 7
745 10
746 12
747 8
748 7
749 9
750 10
751 7
752 9
753 9
754 10
755 11
756 15
757 8
758 7
759 7
760 10
761 8
762 6
763 9
764 14
765 6
766 10
767 15
768 10
769 5
770 10
771 11
772 9
773 9
774 9
775 10
776 8
777 7
778 15
779 9
780 11
781 7
782 11
783 7
784 12
785 9
786 6
787 14
788 7
789 15
790 14
791 8
792 8
793 11
794 13
795 8
796 7
797 10
798 11
799 11
800 11
801 6
802 8
803 6
804 8
805 7
806 10
807 5
808 12
809 9
810 13
811 7
812 13
813 6
814 12
815 10
816 14
817 10
818 9
819 13
820 9
821 10
822 11
823 13
824 11
825 13
826 12
827 4
828 7
829 11
830 9
831 10
832 8
833 10
834 2
835 11
836 8
837 10
838 12
839 7
840 10
841 11
842 5
843 6
844 14
845 12
846 14
847 10
848 13
849 6
850 4
851 8
852 4
853 10
854 5
855 9
856 7
857 10
858 12
859 10
860 5
861 7
862 4
863 13
864 10
865 18
866 12
867 8
868 9
869 11
870 6
871 17
872 14
873 11
874 15
875 11
876 11
877 10
878 7
879 13
880 8
881 12
882 14
883 8
884 6
885 12
886 8
887 14
888 11
889 10
890 8
891 9
892 14
893 11
894 13
895 7
896 8
897 9
898 12
899 10
900 11
901 15
902 14
903 10
904 10
905 11
906 12
907 16
908 10
909 16
910 10
911 12
912 9
913 11
914 8
915 11
916 18
917 9
918 14
919 6
920 15
921 10
922 12
923 6
924 14
925 12
926 12
927 11
928 11
929 11
930 7
931 11
932 6
933 6
934 17
935 9
936 13
937 15
938 9
939 8
940 10
941 12
942 9
943 8
944 11
945 7
946 6
947 7
948 11
949 16
950 13
951 13
952 12
953 9
954 10
955 10
956 10
957 7
958 8
959 11
960 11
961 7
962 12
963 14
964 8
965 12
966 13
967 12
968 12
969 6
970 14
971 11
972 8
973 9
974 14
975 15
976 10
977 11
978 7
979 9
980 9
981 14
982 14
983 3
984 6
985 12
986 11
987 14
988 7
989 17
990 13
991 14
992 16
993 17
994 12
995 14
996 14
997 14
998 15
999 18
1000 16
1001 13
1002 11
1003 10
1004 15
1005 8
1006 3
1007 19
1008 11
1009 14
1010 13
1011 12
1012 9
1013 8
1014 18
1015 19
1016 14
1017 16
1018 5
1019 15
1020 21
1021 14
1022 15
1023 16
1024 15
1025 16
1026 9
1027 19
1028 19
1029 15
1030 16
1031 12
1032 9
1033 9
1034 15
1035 8
1036 14
1037 9
1038 15
1039 15
1040 11
1041 13
1042 10
1043 7
1044 6
1045 14
1046 13
1047 8
1048 21
1049 13
1050 24
1051 14
1052 12
1053 12
1054 17
1055 14
1056 12
1057 12
1058 16
1059 7
1060 23
1061 18
1062 15
1063 19
1064 15
1065 13
1066 19
1067 21
1068 14
1069 23
1070 18
1071 15
1072 14
1073 14
1074 15
1075 22
1076 18
1077 19
1078 16
1079 16
1080 20
1081 11
1082 20
1083 16
1084 16
1085 20
1086 13
1087 10
1088 18
1089 16
1090 21
1091 25
1092 19
1093 16
1094 14
1095 25
1096 17
1097 16
1098 15
1099 19
1100 19
1101 14
1102 15
1103 19
1104 21
1105 16
1106 14
1107 24
1108 15
1109 11
1110 16
1111 20
1112 14
1113 33
1114 21
1115 30
1116 20
1117 22
1118 27
1119 25
1120 22
1121 28
1122 14
1123 21
1124 13
1125 20
1126 26
1127 19
1128 20
1129 35
1130 25
1131 16
1132 25
1133 15
1134 19
1135 25
1136 28
1137 22
1138 24
1139 22
1140 19
1141 22
1142 18
1143 33
1144 23
1145 24
1146 20
1147 26
1148 27
1149 17
1150 35
1151 19
1152 27
1153 25
1154 23
1155 18
1156 22
1157 26
1158 17
1159 22
1160 18
1161 22
1162 25
1163 24
1164 19
1165 21
1166 35
1167 22
1168 21
1169 23
1170 20
1171 20
1172 15
1173 24
1174 22
1175 19
1176 23
1177 17
1178 24
1179 11
1180 21
1181 17
1182 20
1183 23
1184 26
1185 20
1186 25
1187 25
1188 26
1189 26
1190 22
1191 26
1192 30
1193 23
1194 22
1195 17
1196 32
1197 23
1198 22
1199 19
1200 17
1201 24
1202 28
1203 20
1204 18
1205 22
1206 20
1207 21
1208 24
1209 24
1210 16
1211 14
1212 17
1213 17
1214 29
1215 25
1216 21
1217 22
1218 24
1219 27
1220 18
1221 31
1222 22
1223 22
1224 31
1225 21
1226 26
1227 35
1228 24
1229 19
1230 20
1231 24
1232 23
1233 24
1234 27
1235 30
1236 25
1237 30
1238 25
1239 25
1240 24
1241 28
1242 33
1243 25
1244 20
1245 31
1246 31
1247 34
1248 26
1249 30
1250 40
1251 31
1252 35
1253 33
1254 35
1255 36
1256 31
1257 39
1258 36
1259 31
1260 28
1261 33
1262 43
1263 15
1264 31
1265 37
1266 24
1267 35
1268 30
1269 37
1270 32
1271 38
1272 31
1273 25
1274 37
1275 39
1276 42
1277 30
1278 28
1279 27
1280 31
1281 26
1282 38
1283 32
1284 24
1285 35
1286 28
1287 25
1288 37
1289 32
1290 38
1291 33
1292 33
1293 20
1294 31
1295 36
1296 31
1297 25
1298 34
1299 34
1300 39
1301 39
1302 39
1303 31
1304 32
1305 38
1306 37
1307 32
1308 35
1309 44
1310 33
1311 32
1312 26
1313 29
1314 33
1315 33
1316 29
1317 24
1318 34
1319 34
1320 35
1321 32
1322 38
1323 35
1324 32
1325 15
1326 32
1327 30
1328 24
1329 29
1330 28
1331 32
1332 30
1333 29
1334 30
1335 23
1336 22
1337 19
1338 28
1339 30
1340 30
1341 34
1342 25
1343 39
1344 29
1345 30
1346 22
1347 26
1348 22
1349 23
1350 22
1351 31
1352 32
1353 24
1354 22
1355 22
1356 13
1357 24
1358 22
1359 26
1360 26
1361 17
1362 11
1363 15
1364 17
1365 20
1366 18
1367 15
1368 24
1369 23
1370 27
1371 25
1372 21
1373 16
1374 27
1375 16
1376 20
1377 25
1378 22
1379 20
1380 28
1381 24
1382 26
1383 22
1384 17
1385 22
1386 21
1387 22
1388 23
1389 21
1390 21
1391 22
1392 25
1393 21
1394 21
1395 28
1396 23
1397 26
1398 28
1399 27
1400 27
1401 23
1402 26
1403 18
1404 24
1405 25
1406 30
1407 24
1408 34
1409 31
1410 27
1411 25
1412 28
1413 31
1414 24
1415 34
1416 37
1417 41
1418 37
1419 25
1420 21
1421 28
1422 30
1423 36
1424 31
1425 30
1426 43
1427 34
1428 25
1429 33
1430 37
1431 34
1432 30
1433 41
1434 29
1435 41
1436 42
1437 29
1438 37
1439 38
1440 39
1441 31
1442 45
1443 31
1444 38
1445 37
1446 39
1447 39
1448 45
1449 37
1450 34
1451 32
1452 38
1453 39
1454 32
1455 38
1456 24
1457 46
1458 39
1459 46
1460 34
1461 42
1462 36
1463 42
1464 32
1465 36
1466 43
1467 33
1468 48
1469 36
1470 29
1471 33
1472 40
1473 28
1474 29
1475 35
1476 31
1477 50
1478 28
1479 24
1480 34
1481 31
1482 30
1483 33
1484 27
1485 29
1486 36
1487 31
1488 27
1489 25
1490 34
1491 25
1492 33
1493 28
1494 32
1495 26
1496 15
1497 22
1498 30
1499 30
1500 16
1501 21
1502 29
1503 24
1504 25
1505 18
1506 26
1507 13
1508 22
1509 13
1510 21
1511 17
1512 17
1513 19
1514 25
1515 11
1516 17
1517 24
1518 15
1519 15
1520 5
1521 16
1522 6
1523 13
1524 10
1525 14
1526 16
1527 11
1528 14
1529 7
1530 9
1531 14
1532 5
1533 11
1534 14
1535 11
1536 13
1537 10
1538 9
1539 11
1540 8
1541 8
1542 9
1543 9
1544 7
1545 2
1546 13
1547 5
1548 9
1549 12
1550 4
1551 8
1552 5
1553 9
1554 9
1555 8
1556 8
1557 8
1558 5
1559 4
1560 10
1561 11
1562 8
1563 7
1564 8
1565 5
1566 3
1567 5
1568 5
1569 9
1570 7
1571 3
1572 5
1573 6
1574 4
1575 8
1576 9
1577 5
1578 5
1579 4
1580 4
1581 10
1582 8
1583 10
1584 4
1585 11
1586 16
1587 6
1588 9
1589 7
1590 8
1591 9
1592 8
1593 14
1594 9
1595 9
1596 6
1597 8
1598 7
1599 6
1600 7
1601 6
1602 9
1603 10
1604 7
1605 13
1606 11
1607 12
1608 6
1609 14
1610 13
1611 4
1612 7
1613 7
1614 13
1615 16
1616 11
1617 11
1618 15
1619 13
1620 8
1621 17
1622 8
1623 11
1624 11
1625 9
1626 9
1627 13
1628 7
1629 13
1630 15
1631 6
1632 9
1633 9
1634 11
1635 8
1636 7
1637 5
1638 7
1639 6
1640 13
1641 9
1642 8
1643 7
1644 6
1645 3
1646 3
1647 5
1648 4
1649 4
1650 2
1651 9
1652 9
1653 7
1654 8
1655 8
1656 3
1657 3
1658 2
1659 6
1660 6
1661 8
1662 7
1663 3
1664 6
1665 2
1666 2
1667 2
1668 1
1669 2
1670 5
1671 2
1672 1
1673 2
1674 4
1675 2
1676 2
1677 1
1678 4
1679 3
1680 1
1681 2
1682 2
1683 3
1684 1
1685 0
1686 3
1687 0
1688 0
1689 0
1690 2
1691 3
1692 2
1693 2
1694 1
1695 1
1696 0
1697 0
1698 1
1699 0
1700 0
1701 0
1702 0
1703 0
1704 1
1705 1
1706 0
1707 3
1708 0
1709 0
1710 0
1711 0
1712 0
1713 0
1714 0
1715 3
1716 0
1717 1
1718 0
1719 1
1720 1
1721 0
1722 0
1723 2
1724 1
1725 0
1726 0
1727 0
1728 0
1729 1
1730 1
1731 1
1732 0
1733 0
1734 0
1735 0
1736 1
1737 1
1738 1
1739 0
1740 0
1741 0
1742 0
1743 1
1744 0
1745 0
1746 0
1747 0
1748 0
1749 0
1750 1
1751 0
1752 0
1753 0
1754 0
1755 1
1756 0
1757 0
1758 0
1759 0
1760 0
1761 0
1762 0
1763 0
1764 0
1765 0
1766 1
1767 0
1768 0
1769 0
1770 0
1771 0
1772 0
1773 0
1774 1
1775 0
1776 0
1777 0
1778 1
1779 0
1780 0
1781 0
1782 1
1783 2
1784 2
1785 0
1786 0
1787 0
1788 1
1789 1
1790 1
1791 0
1792 0
1793 0
1794 0
1795 1
1796 0
1797 0
1798 1
1799 0
1800 1
1801 0
1802 0
1803 0
1804 0
1805 0
1806 0
1807 1
1808 0
1809 0
1810 1
1811 0
1812 2
1813 0
1814 2
1815 1
1816 0
1817 0
1818 0
1819 0
1820 0
1821 0
1822 1
1823 0
1824 0
1825 1
1826 0
1827 0
1828 0
1829 0
1830 0
1831 0
1832 2
1833 0
1834 0
1835 0
1836 0
1837 0
1838 0
1839 0
1840 0
1841 1
1842 1
1843 0
1844 0
1845 0
1846 0
1847 0
1848 1
1849 0
1850 0
1851 0
1852 1
1853 0
1854 1
1855 1
1856 0
1857 1
1858 2
1859 1
1860 0
1861 0
1862 0
1863 0
1864 1
1865 0
1866 0
1867 1
1868 0
1869 0
1870 0
1871 0
1872 0
1873 0
1874 1
1875 1
1876 0
1877 0
1878 0
1879 0
1880 0
1881 0
1882 0
1883 0
1884 0
1885 1
1886 0
1887 0
1888 0
1889 0
1890 0
1891 1
1892 0
1893 0
1894 0
1895 1
1896 1
1897 0
1898 0
1899 0
1900 0
1901 0
1902 0
1903 0
1904 0
1905 0
1906 0
1907 0
1908 0
1909 0
1910 1
1911 0
1912 0
1913 0
1914 0
1915 0
1916 0
1917 0
1918 3
1919 0
1920 2
1921 0
1922 0
1923 2
1924 0
1925 0
1926 2
1927 1
1928 0
1929 0
1930 2
1931 0
1932 0
1933 0
1934 0
1935 0
1936 0
1937 0
1938 0
1939 0
1940 1
1941 0
1942 1
1943 0
1944 0
1945 0
1946 2
1947 0
1948 0
1949 0
1950 0
1951 0
1952 1
1953 2
1954 1
1955 0
1956 0
1957 0
1958 0
1959 0
1960 1
1961 2
1962 0
1963 0
1964 0
1965 1
1966 0
1967 1
1968 0
1969 0
1970 1
1971 0
1972 0
1973 0
1974 1
1975 0
1976 0
1977 2
1978 0
1979 0
1980 1
1981 0
1982 1
1983 0
1984 0
1985 0
1986 0
1987 3
1988 0
1989 0
1990 0
1991 0
1992 0
1993 0
1994 1
1995 1
1996 0
1997 1
1998 1
1999 1
2000 0
2001 0
2002 1
2003 1
2004 0
2005 0
2006 0
2007 1
2008 0
2009 0
2010 0
2011 0
2012 0
2013 1
2014 0
2015 0
2016 1
2017 0
2018 0
2019 1
2020 0
2021 0
2022 1
2023 0
2024 0
2025 1
2026 1
2027 1
2028 0
2029 0
2030 0
2031 0
2032 0
2033 0
2034 0
2035 0
2036 0
2037 0
2038 0
2039 0
2040 0
2041 0
2042 0
2043 0
2044 0
2045 0
2046 0
2047 0
