# Dead time factor = 1.00000
0 0
1 0
2 0
3 0
4 0
5 0
6 0
7 0
8 0
9 0
10 0
11 0
12 0
13 0
14 0
15 0
16 0
17 0
18 19
19 18
20 6
21 11
22 13
23 17
24 13
25 11
26 12
27 16
28 6
29 13
30 16
31 11
32 5
33 11
34 14
35 5
36 11
37 14
38 14
39 15
40 17
41 13
42 10
43 8
44 6
45 15
46 8
47 18
48 15
49 12
50 11
51 8
52 8
53 13
54 8
55 11
56 9
57 8
58 9
59 11
60 9
61 12
62 6
63 4
64 8
65 4
66 12
67 10
68 3
69 4
70 7
71 7
72 12
73 11
74 8
75 6
76 5
77 12
78 8
79 3
80 10
81 4
82 8
83 7
84 6
85 7
86 11
87 3
88 9
89 5
90 9
91 5
92 7
93 2
94 8
95 7
96 5
97 6
98 7
99 4
100 5
101 4
102 8
103 3
104 4
105 1
106 6
107 4
108 8
109 8
110 9
111 4
112 10
113 6
114 5
115 3
116 5
117 3
118 3
119 4
120 4
121 2
122 3
123 5
124 4
125 2
126 2
127 1
128 2
129 6
130 3
131 5
132 3
133 4
134 7
135 7
136 6
137 1
138 4
139 3
140 1
141 3
142 4
143 3
144 5
145 5
146 5
147 8
148 6
149 3
150 9
151 8
152 6
153 6
154 5
155 7
156 3
157 7
158 5
159 4
160 7
161 6
162 6
163 3
164 4
165 4
166 3
167 4
168 6
169 4
170 7
171 1
172 4
173 4
174 4
175 6
176 4
177 2
178 4
179 4
180 1
181 2
182 2
183 3
184 4
185 1
186 3
187 2
188 4
189 2
190 4
191 3
192 6
193 1
194 1
195 5
196 5
197 2
198 1
199 6
200 2
201 2
202 3
203 4
204 1
205 2
206 2
207 2
208 3
209 2
210 3
211 3
212 5
213 3
214 2
215 2
216 5
217 2
218 1
219 3
220 2
221 3
222 3
223 1
224 2
225 4
226 2
227 6
228 0
229 3
230 1
231 3
232 2
233 3
234 3
235 1
236 3
237 6
238 4
239 0
240 1
241 3
242 6
243 1
244 0
245 3
246 3
247 3
248 4
249 3
250 2
251 3
252 3
253 2
254 2
255 2
256 2
257 1
258 2
259 4
260 1
261 2
262 1
263 3
264 1
265 3
266 1
267 0
268 0
269 3
270 2
271 4
272 1
273 1
274 1
275 0
276 1
277 3
278 3
279 4
280 2
281 3
282 0
283 0
284 1
285 1
286 1
287 1
288 2
289 1
290 3
291 3
292 2
293 5
294 2
295 4
296 2
297 0
298 2
299 4
300 1
301 1
302 1
303 2
304 2
305 3
306 2
307 5
308 3
309 3
310 3
311 1
312 3
313 4
314 2
315 7
316 4
317 4
318 3
319 1
320 1
321 1
322 2
323 5
324 1
325 0
326 3
327 0
328 1
329 1
330 1
331 2
332 2
333 1
334 0
335 2
336 2
337 1
338 2
339 1
340 4
341 1
342 1
343 0
344 2
345 2
346 0
347 0
348 3
349 0
350 4
351 2
352 1
353 4
354 1
355 1
356 0
357 2
358 3
359 2
360 0
361 0
362 1
363 0
364 1
365 1
366 1
367 4
368 1
369 1
370 1
371 1
372 1
373 1
374 2
375 1
376 2
377 5
378 0
379 3
380 0
381 3
382 1
383 1
384 1
385 1
386 2
387 0
388 1
389 0
390 0
391 2
392 2
393 2
394 4
395 2
396 2
397 1
398 0
399 5
400 0
401 0
402 0
403 1
404 0
405 0
406 2
407 1
408 2
409 4
410 2
411 4
412 3
413 0
414 1
415 2
416 2
417 5
418 0
419 1
420 3
421 3
422 0
423 0
424 0
425 2
426 2
427 0
428 1
429 0
430 1
431 2
432 0
433 2
434 2
435 2
436 1
437 2
438 1
439 0
440 3
441 3
442 1
443 2
444 1
445 2
446 3
447 2
448 2
449 3
450 5
451 1
452 0
453 0
454 2
455 0
456 1
457 2
458 0
459 2
460 3
461 0
462 3
463 1
464 2
465 1
466 1
467 1
468 2
469 1
470 1
471 0
472 1
473 4
474 2
475 2
476 1
477 0
478 1
479 4
480 2
481 1
482 1
483 2
484 3
485 1
486 1
487 0
488 3
489 4
490 1
491 1
492 1
493 1
494 1
495 2
496 2
497 0
498 0
499 3
500 1
501 2
502 3
503 0
504 1
505 0
506 1
507 0
508 2
509 1
510 3
511 2
512 0
513 2
514 3
515 1
516 2
517 2
518 0
519 2
520 1
521 3
522 1
523 1
524 0
525 1
526 2
527 3
528 4
529 0
530 3
531 2
532 2
533 3
534 2
535 0
536 3
537 1
538 1
539 2
540 2
541 2
542 1
543 2
544 0
545 5
546 3
547 2
548 1
549 5
550 1
551 1
552 2
553 2
554 0
555 3
556 1
557 1
558 2
559 0
560 0
561 0
562 2
563 0
564 1
565 3
566 2
567 1
568 1
569 2
570 1
571 1
572 0
573 1
574 1
575 1
576 2
577 0
578 2
579 0
580 1
581 1
582 3
583 1
584 2
585 3
586 1
587 2
588 1
589 1
590 1
591 2
592 1
593 1
594 0
595 3
596 0
597 3
598 0
599 1
600 1
601 2
602 3
603 0
604 2
605 1
606 3
607 0
608 1
609 1
610 1
611 2
612 0
613 0
614 2
615 2
616 1
617 2
618 0
619 3
620 0
621 2
622 0
623 1
624 2
625 1
626 1
627 1
628 1
629 1
630 1
631 3
632 0
633 0
634 1
635 1
636 1
637 0
638 1
639 1
640 2
641 1
642 2
643 2
644 1
645 0
646 1
647 0
648 2
649 2
650 2
651 0
652 2
653 2
654 1
655 0
656 0
657 1
658 2
659 2
660 2
661 1
662 0
663 3
664 1
665 0
666 0
667 1
668 2
669 2
670 3
671 3
672 3
673 0
674 0
675 0
676 2
677 0
678 2
679 3
680 1
681 3
682 1
683 2
684 0
685 3
686 1
687 3
688 2
689 2
690 2
691 1
692 2
693 2
694 3
695 1
696 1
697 1
698 3
699 2
700 5
701 2
702 1
703 0
704 1
705 2
706 2
707 2
708 1
709 0
710 0
711 1
712 1
713 1
714 0
715 1
716 0
717 3
718 1
719 2
720 2
721 1
722 2
723 0
724 0
725 0
726 3
727 1
728 1
729 2
730 3
731 2
732 4
733 1
734 2
735 0
736 0
737 1
738 0
739 1
740 1
741 2
742 1
743 0
744 4
745 0
746 1
747 2
748 0
749 0
750 0
751 0
752 2
753 1
754 1
755 2
756 1
757 1
758 1
759 4
760 1
761 1
762 4
763 0
764 2
765 1
766 2
767 1
768 0
769 3
770 1
771 3
772 1
773 0
774 2
775 1
776 1
777 0
778 2
779 0
780 1
781 3
782 0
783 1
784 4
785 2
786 3
787 4
788 1
789 0
790 1
791 0
792 1
793 0
794 1
795 3
796 2
797 1
798 4
799 1
800 2
801 1
802 5
803 0
804 1
805 0
806 1
807 2
808 3
809 1
810 2
811 1
812 1
813 1
814 3
815 0
816 2
817 2
818 1
819 2
820 5
821 7
822 1
823 3
824 3
825 2
826 2
827 0
828 1
829 3
830 4
831 2
832 1
833 2
834 2
835 0
836 1
837 2
838 1
839 4
840 0
841 0
842 1
843 0
844 1
845 0
846 3
847 1
848 5
849 4
850 4
851 1
852 1
853 6
854 0
855 1
856 2
857 0
858 3
859 1
860 2
861 1
862 1
863 1
864 1
865 3
866 2
867 0
868 3
869 0
870 0
871 1
872 0
873 1
874 2
875 1
876 1
877 2
878 2
879 0
880 0
881 0
882 1
883 1
884 3
885 1
886 1
887 4
888 0
889 1
890 1
891 1
892 2
893 1
894 1
895 1
896 2
897 1
898 2
899 1
900 2
901 0
902 1
903 1
904 0
905 2
906 1
907 2
908 1
909 1
910 2
911 3
912 2
913 1
914 6
915 3
916 0
917 4
918 3
919 1
920 2
921 1
922 1
923 0
924 2
925 1
926 0
927 0
928 4
929 2
930 4
931 1
932 1
933 1
934 3
935 2
936 2
937 2
938 2
939 4
940 2
941 0
942 1
943 1
944 1
945 2
946 1
947 2
948 0
949 2
950 3
951 2
952 4
953 3
954 5
955 4
956 3
957 5
958 2
959 4
960 2
961 3
962 3
963 2
964 1
965 1
966 1
967 4
968 1
969 2
970 2
971 3
972 2
973 3
974 2
975 2
976 2
977 6
978 4
979 3
980 4
981 3
982 1
983 2
984 2
985 1
986 3
987 2
988 2
989 3
990 1
991 2
992 3
993 2
994 3
995 0
996 1
997 1
998 2
999 2
1000 3
1001 5
1002 1
1003 0
1004 2
1005 1
1006 6
1007 5
1008 1
1009 4
1010 3
1011 2
1012 3
1013 3
1014 2
1015 6
1016 6
1017 3
1018 3
1019 3
1020 5
1021 4
1022 4
1023 2
1024 3
1025 7
1026 5
1027 5
1028 5
1029 5
1030 3
1031 2
1032 0
1033 6
1034 1
1035 1
1036 1
1037 1
1038 3
1039 2
1040 5
1041 3
1042 3
1043 1
1044 1
1045 3
1046 1
1047 6
1048 2
1049 2
1050 2
1051 2
1052 4
1053 1
1054 3
1055 7
1056 3
1057 2
1058 3
1059 0
1060 2
1061 5
1062 3
1063 2
1064 7
1065 3
1066 3
1067 5
1068 1
1069 1
1070 5
1071 2
1072 2
1073 1
1074 1
1075 2
1076 2
1077 4
1078 4
1079 6
1080 0
1081 0
1082 6
1083 3
1084 3
1085 4
1086 4
1087 2
1088 2
1089 4
1090 5
1091 1
1092 2
1093 5
1094 2
1095 2
1096 5
1097 0
1098 4
1099 6
1100 3
1101 7
1102 4
1103 3
1104 2
1105 5
1106 7
1107 2
1108 4
1109 3
1110 5
1111 5
1112 6
1113 3
1114 3
1115 3
1116 2
1117 8
1118 2
1119 1
1120 4
1121 3
1122 3
1123 8
1124 2
1125 0
1126 4
1127 4
1128 6
1129 5
1130 2
1131 5
1132 2
1133 2
1134 6
1135 9
1136 4
1137 4
1138 2
1139 4
1140 4
1141 6
1142 8
1143 2
1144 4
1145 7
1146 7
1147 5
1148 5
1149 4
1150 8
1151 1
1152 5
1153 1
1154 7
1155 4
1156 4
1157 7
1158 2
1159 9
1160 6
1161 4
1162 3
1163 8
1164 8
1165 4
1166 5
1167 3
1168 7
1169 6
1170 4
1171 7
1172 4
1173 0
1174 7
1175 7
1176 4
1177 7
1178 1
1179 3
1180 5
1181 4
1182 3
1183 11
1184 8
1185 5
1186 3
1187 7
1188 6
1189 4
1190 4
1191 5
1192 7
1193 6
1194 5
1195 2
1196 7
1197 1
1198 7
1199 2
1200 10
1201 6
1202 8
1203 2
1204 1
1205 7
1206 5
1207 9
1208 2
1209 5
1210 4
1211 5
1212 4
1213 3
1214 5
1215 5
1216 4
1217 5
1218 5
1219 2
1220 2
1221 4
1222 5
1223 4
1224 5
1225 3
1226 1
1227 5
1228 9
1229 3
1230 0
1231 3
1232 4
1233 2
1234 5
1235 5
1236 3
1237 4
1238 2
1239 1
1240 3
1241 7
1242 5
1243 7
1244 6
1245 2
1246 4
1247 3
1248 7
1249 3
1250 0
1251 3
1252 7
1253 2
1254 2
1255 2
1256 4
1257 1
1258 5
1259 5
1260 1
1261 5
1262 3
1263 5
1264 4
1265 5
1266 3
1267 2
1268 3
1269 1
1270 1
1271 5
1272 4
1273 2
1274 4
1275 4
1276 3
1277 6
1278 3
1279 4
1280 4
1281 2
1282 9
1283 6
1284 0
1285 3
1286 4
1287 8
1288 5
1289 5
1290 4
1291 4
1292 5
1293 7
1294 6
1295 6
1296 2
1297 5
1298 5
1299 3
1300 7
1301 5
1302 5
1303 7
1304 5
1305 3
1306 2
1307 8
1308 4
1309 5
1310 8
1311 2
1312 5
1313 7
1314 11
1315 6
1316 4
1317 4
1318 5
1319 5
1320 5
1321 4
1322 7
1323 0
1324 5
1325 7
1326 4
1327 5
1328 6
1329 7
1330 3
1331 3
1332 8
1333 6
1334 4
1335 2
1336 6
1337 1
1338 4
1339 6
1340 4
1341 3
1342 4
1343 5
1344 5
1345 7
1346 4
1347 3
1348 5
1349 3
1350 3
1351 4
1352 3
1353 5
1354 2
1355 1
1356 4
1357 2
1358 2
1359 7
1360 1
1361 4
1362 4
1363 0
1364 3
1365 2
1366 5
1367 2
1368 2
1369 4
1370 3
1371 1
1372 3
1373 3
1374 1
1375 4
1376 1
1377 2
1378 2
1379 1
1380 3
1381 2
1382 3
1383 0
1384 1
1385 4
1386 0
1387 3
1388 1
1389 1
1390 1
1391 2
1392 5
1393 3
1394 2
1395 3
1396 0
1397 2
1398 1
1399 1
1400 1
1401 2
1402 3
1403 1
1404 2
1405 2
1406 0
1407 4
1408 3
1409 1
1410 3
1411 3
1412 1
1413 3
1414 1
1415 1
1416 1
1417 2
1418 1
1419 2
1420 1
1421 3
1422 2
1423 1
1424 2
1425 1
1426 2
1427 1
1428 2
1429 0
1430 0
1431 3
1432 3
1433 1
1434 0
1435 2
1436 0
1437 0
1438 4
1439 1
1440 1
1441 1
1442 0
1443 3
1444 2
1445 2
1446 3
1447 1
1448 3
1449 1
1450 0
1451 0
1452 2
1453 1
1454 3
1455 1
1456 0
1457 3
1458 2
1459 0
1460 3
1461 3
1462 0
1463 1
1464 1
1465 6
1466 3
1467 1
1468 1
1469 0
1470 2
1471 1
1472 0
1473 0
1474 3
1475 1
1476 4
1477 2
1478 3
1479 1
1480 3
1481 0
1482 0
1483 1
1484 0
1485 2
1486 1
1487 6
1488 2
1489 1
1490 1
1491 1
1492 1
1493 0
1494 0
1495 0
1496 2
1497 1
1498 0
1499 0
1500 1
1501 1
1502 1
1503 1
1504 0
1505 2
1506 0
1507 1
1508 2
1509 0
1510 1
1511 1
1512 0
1513 0
1514 0
1515 0
1516 2
1517 1
1518 1
1519 0
1520 0
1521 1
1522 0
1523 0
1524 0
1525 1
1526 0
1527 1
1528 0
1529 0
1530 0
1531 0
1532 0
1533 0
1534 0
1535 0
1536 0
1537 0
1538 0
1539 0
1540 0
1541 0
1542 0
1543 0
1544 0
1545 0
1546 0
1547 0
1548 0
1549 0
1550 0
1551 0
1552 0
1553 0
1554 0
1555 0
1556 0
1557 0
1558 0
1559 0
1560 0
1561 1
1562 0
1563 0
1564 0
1565 0
1566 0
1567 0
1568 0
1569 0
1570 0
1571 0
1572 0
1573 0
1574 0
1575 0
1576 0
1577 0
1578 0
1579 0
1580 0
1581 0
1582 0
1583 0
1584 0
1585 0
1586 0
1587 0
1588 0
1589 0
1590 0
1591 0
1592 0
1593 0
1594 0
1595 0
1596 0
1597 0
1598 1
1599 0
1600 0
1601 0
1602 1
1603 0
1604 0
1605 0
1606 0
1607 0
1608 0
1609 0
1610 0
1611 0
1612 0
1613 0
1614 0
1615 0
1616 0
1617 0
1618 0
1619 0
1620 0
1621 0
1622 0
1623 0
1624 0
1625 0
1626 0
1627 0
1628 0
1629 0
1630 0
1631 0
1632 0
1633 0
1634 0
1635 0
1636 0
1637 0
1638 0
1639 0
1640 0
1641 0
1642 0
1643 0
1644 0
1645 0
1646 1
1647 0
1648 0
1649 0
1650 0
1651 0
1652 0
1653 0
1654 0
1655 0
1656 0
1657 0
1658 0
1659 0
1660 0
1661 0
1662 0
1663 0
1664 0
1665 0
1666 0
1667 0
1668 0
1669 0
1670 0
1671 0
1672 0
1673 1
1674 0
1675 1
1676 0
1677 0
1678 0
1679 0
1680 0
1681 0
1682 0
1683 0
1684 0
1685 0
1686 0
1687 0
1688 0
1689 0
1690 0
1691 0
1692 0
1693 0
1694 0
1695 0
1696 0
1697 1
1698 0
1699 0
1700 0
1701 1
1702 0
1703 1
1704 0
1705 0
1706 0
1707 0
1708 0
1709 0
1710 0
1711 0
1712 0
1713 0
1714 0
1715 0
1716 0
1717 0
1718 0
1719 1
1720 0
1721 0
1722 0
1723 0
1724 0
1725 0
1726 0
1727 0
1728 0
1729 0
1730 0
1731 0
1732 0
1733 0
1734 0
1735 0
1736 0
1737 0
1738 0
1739 0
1740 1
1741 0
1742 0
1743 1
1744 0
1745 0
1746 0
1747 0
1748 0
1749 0
1750 0
1751 0
1752 0
1753 0
1754 0
1755 0
1756 0
1757 0
1758 0
1759 0
1760 0
1761 0
1762 0
1763 0
1764 0
1765 0
1766 0
1767 0
1768 0
1769 0
1770 0
1771 0
1772 0
1773 0
1774 0
1775 0
1776 0
1777 0
1778 0
1779 0
1780 0
1781 0
1782 0
1783 0
1784 1
1785 0
1786 0
1787 0
1788 0
1789 0
1790 0
1791 0
1792 0
1793 0
1794 0
1795 0
1796 0
1797 0
1798 0
1799 0
1800 0
1801 0
1802 0
1803 0
1804 0
1805 0
1806 0
1807 0
1808 0
1809 0
1810 0
1811 0
1812 0
1813 0
1814 0
1815 0
1816 0
1817 0
1818 0
1819 0
1820 0
1821 0
1822 0
1823 0
1824 0
1825 0
1826 0
1827 0
1828 0
1829 0
1830 0
1831 0
1832 0
1833 0
1834 0
1835 0
1836 0
1837 0
1838 0
1839 0
1840 0
1841 0
1842 0
1843 0
1844 0
1845 0
1846 0
1847 0
1848 0
1849 0
1850 0
1851 0
1852 0
1853 0
1854 0
1855 0
1856 0
1857 0
1858 0
1859 0
1860 0
1861 0
1862 0
1863 0
1864 0
1865 0
1866 0
1867 0
1868 0
1869 0
1870 0
1871 0
1872 0
1873 0
1874 0
1875 0
1876 0
1877 0
1878 0
1879 0
1880 0
1881 0
1882 0
1883 0
1884 0
1885 0
1886 0
1887 0
1888 0
1889 0
1890 0
1891 0
1892 0
1893 0
1894 0
1895 0
1896 0
1897 0
1898 0
1899 0
1900 0
1901 0
1902 0
1903 0
1904 0
1905 0
1906 0
1907 0
1908 0
1909 0
1910 0
1911 0
1912 0
1913 0
1914 0
1915 0
1916 0
1917 0
1918 0
1919 0
1920 0
1921 0
1922 0
1923 0
1924 0
1925 0
1926 0
1927 0
1928 0
1929 0
1930 0
1931 0
1932 0
1933 0
1934 0
1935 0
1936 0
1937 0
1938 0
1939 0
1940 0
1941 0
1942 0
1943 1
1944 0
1945 0
1946 0
1947 0
1948 0
1949 0
1950 0
1951 0
1952 0
1953 0
1954 0
1955 0
1956 0
1957 0
1958 0
1959 0
1960 0
1961 0
1962 0
1963 0
1964 0
1965 0
1966 0
1967 0
1968 0
1969 0
1970 0
1971 0
1972 0
1973 0
1974 0
1975 0
1976 0
1977 0
1978 0
1979 0
1980 0
1981 0
1982 0
1983 0
1984 0
1985 0
1986 0
1987 0
1988 0
1989 0
1990 0
1991 0
1992 0
1993 0
1994 0
1995 0
1996 0
1997 0
1998 0
1999 0
2000 0
2001 0
2002 0
2003 0
2004 0
2005 0
2006 0
2007 0
2008 0
2009 0
2010 0
2011 0
2012 0
2013 0
2014 0
2015 0
2016 0
2017 0
2018 0
2019 0
2020 0
2021 0
2022 0
2023 0
2024 0
2025 0
2026 0
2027 0
2028 0
2029 0
2030 0
2031 0
2032 0
2033 0
2034 0
2035 0
2036 0
2037 0
2038 0
2039 0
2040 0
2041 0
2042 0
2043 0
2044 0
2045 0
2046 0
2047 0
