# Dead time factor = 1.00000
0 0
1 0
2 0
3 0
4 0
5 0
6 0
7 0
8 0
9 0
10 0
11 0
12 0
13 0
14 0
15 0
16 0
17 15
18 84
19 98
20 85
21 95
22 101
23 108
24 101
25 100
26 87
27 82
28 98
29 104
30 102
31 87
32 95
33 82
34 102
35 90
36 75
37 88
38 81
39 81
40 81
41 68
42 75
43 84
44 76
45 67
46 73
47 54
48 73
49 75
50 71
51 72
52 78
53 62
54 90
55 66
56 71
57 74
58 62
59 74
60 67
61 82
62 69
63 62
64 72
65 65
66 65
67 65
68 75
69 89
70 69
71 61
72 77
73 71
74 78
75 70
76 70
77 61
78 69
79 62
80 75
81 46
82 58
83 62
84 69
85 67
86 58
87 40
88 51
89 65
90 52
91 49
92 65
93 59
94 55
95 48
96 60
97 42
98 46
99 43
100 59
101 37
102 53
103 42
104 35
105 32
106 44
107 41
108 40
109 39
110 39
111 33
112 31
113 34
114 39
115 26
116 42
117 33
118 30
119 37
120 23
121 41
122 31
123 26
124 36
125 25
126 28
127 26
128 32
129 26
130 36
131 29
132 28
133 46
134 29
135 41
136 38
137 25
138 25
139 26
140 38
141 40
142 43
143 37
144 57
145 65
146 79
147 84
148 68
149 97
150 101
151 102
152 92
153 117
154 119
155 85
156 87
157 104
158 82
159 82
160 68
161 55
162 50
163 33
164 39
165 30
166 40
167 30
168 29
169 33
170 33
171 21
172 22
173 24
174 19
175 21
176 19
177 20
178 13
179 28
180 18
181 17
182 15
183 11
184 14
185 9
186 14
187 14
188 11
189 23
190 13
191 15
192 13
193 11
194 12
195 16
196 14
197 14
198 15
199 10
200 16
201 19
202 15
203 14
204 11
205 11
206 15
207 5
208 12
209 13
210 24
211 12
212 12
213 24
214 16
215 7
216 12
217 11
218 11
219 10
220 13
221 16
222 13
223 10
224 14
225 11
226 10
227 17
228 13
229 9
230 11
231 7
232 10
233 15
234 17
235 16
236 16
237 12
238 12
239 11
240 14
241 18
242 12
243 12
244 12
245 15
246 9
247 12
248 16
249 12
250 13
251 17
252 11
253 10
254 8
255 11
256 10
257 6
258 6
259 15
260 15
261 12
262 12
263 9
264 11
265 10
266 12
267 18
268 15
269 9
270 11
271 8
272 9
273 10
274 14
275 16
276 10
277 12
278 11
279 17
280 7
281 12
282 15
283 8
284 13
285 11
286 17
287 10
288 10
289 12
290 12
291 9
292 11
293 7
294 15
295 17
296 10
297 10
298 9
299 10
300 8
301 13
302 12
303 6
304 12
305 6
306 6
307 8
308 12
309 9
310 12
311 7
312 13
313 7
314 14
315 10
316 9
317 8
318 7
319 12
320 8
321 9
322 8
323 8
324 6
325 10
326 5
327 10
328 8
329 8
330 12
331 6
332 12
333 11
334 5
335 11
336 12
337 8
338 4
339 9
340 9
341 13
342 7
343 6
344 16
345 9
346 14
347 11
348 11
349 8
350 9
351 8
352 10
353 15
354 11
355 9
356 12
357 6
358 15
359 13
360 7
361 7
362 12
363 12
364 10
365 11
366 10
367 6
368 7
369 5
370 7
371 10
372 8
373 10
374 16
375 9
376 16
377 7
378 10
379 10
380 12
381 9
382 7
383 7
384 15
385 9
386 8
387 9
388 10
389 8
390 15
391 9
392 5
393 5
394 10
395 9
396 7
397 9
398 9
399 10
400 6
401 11
402 9
403 8
404 9
405 13
406 10
407 7
408 11
409 7
410 7
411 8
412 14
413 13
414 9
415 7
416 9
417 8
418 9
419 10
420 16
421 11
422 6
423 12
424 10
425 12
426 12
427 11
428 13
429 9
430 8
431 6
432 9
433 7
434 11
435 12
436 9
437 13
438 7
439 8
440 5
441 11
442 10
443 13
444 5
445 13
446 8
447 10
448 7
449 10
450 9
451 14
452 14
453 10
454 14
455 12
456 6
457 10
458 11
459 10
460 9
461 10
462 7
463 8
464 9
465 10
466 8
467 8
468 8
469 5
470 11
471 9
472 7
473 15
474 4
475 11
476 5
477 11
478 7
479 9
480 11
481 10
482 17
483 12
484 8
485 8
486 10
487 11
488 10
489 9
490 6
491 4
492 5
493 12
494 9
495 7
496 9
497 16
498 8
499 10
500 7
501 5
502 14
503 9
504 10
505 7
506 11
507 7
508 7
509 9
510 8
511 6
512 13
513 6
514 11
515 12
516 8
517 7
518 14
519 8
520 13
521 4
522 8
523 7
524 10
525 10
526 14
527 12
528 9
529 10
530 8
531 16
532 9
533 12
534 5
535 14
536 6
537 12
538 5
539 10
540 9
541 9
542 6
543 4
544 14
545 4
546 6
547 10
548 4
549 7
550 8
551 6
552 9
553 9
554 12
555 13
556 7
557 7
558 7
559 9
560 5
561 7
562 12
563 5
564 12
565 10
566 10
567 10
568 6
569 11
570 4
571 7
572 7
573 7
574 7
575 8
576 11
577 10
578 11
579 7
580 10
581 13
582 9
583 6
584 12
585 7
586 12
587 7
588 7
589 14
590 12
591 9
592 11
593 12
594 6
595 9
596 9
597 10
598 9
599 10
600 9
601 15
602 15
603 6
604 5
605 4
606 8
607 5
608 6
609 12
610 7
611 5
612 8
613 12
614 5
615 9
616 9
617 9
618 6
619 14
620 5
621 7
622 10
623 16
624 11
625 9
626 8
627 7
628 10
629 13
630 5
631 12
632 9
633 11
634 11
635 4
636 12
637 8
638 10
639 10
640 11
641 15
642 10
643 14
644 6
645 10
646 14
647 4
648 3
649 6
650 12
651 13
652 8
653 6
654 12
655 5
656 8
657 13
658 9
659 10
660 12
661 10
662 14
663 18
664 8
665 5
666 10
667 5
668 10
669 10
670 8
671 5
672 10
673 12
674 6
675 10
676 15
677 13
678 11
679 9
680 8
681 14
682 10
683 11
684 9
685 7
686 7
687 12
688 17
689 8
690 13
691 6
692 6
693 9
694 6
695 8
696 9
697 6
698 11
699 12
700 8
701 9
702 13
703 4
704 16
705 12
706 12
707 11
708 9
709 9
710 5
711 6
712 9
713 5
714 11
715 8
716 10
717 7
718 15
719 4
720 17
721 12
722 10
723 5
724 7
725 9
726 15
727 8
728 7
729 13
730 10
731 6
732 11
733 11
734 13
735 15
736 9
737 11
738 9
739 6
740 9
741 9
742 12
743 8
744 10
745 12
746 12
747 8
748 17
749 9
750 8
751 14
752 11
753 12
754 8
755 8
756 6
757 12
758 5
759 13
760 10
761 7
762 11
763 9
764 8
765 15
766 13
767 10
768 12
769 15
770 5
771 11
772 12
773 7
774 9
775 7
776 9
777 6
778 15
779 9
780 9
781 9
782 6
783 13
784 12
785 7
786 17
787 8
788 12
789 7
790 11
791 11
792 13
793 14
794 19
795 17
796 18
797 11
798 10
799 12
800 9
801 13
802 15
803 9
804 10
805 13
806 13
807 10
808 8
809 11
810 9
811 11
812 15
813 15
814 9
815 8
816 15
817 11
818 10
819 11
820 14
821 6
822 13
823 13
824 16
825 17
826 6
827 11
828 11
829 18
830 11
831 10
832 10
833 9
834 13
835 13
836 19
837 13
838 9
839 9
840 9
841 8
842 11
843 11
844 9
845 9
846 12
847 12
848 11
849 13
850 7
851 10
852 19
853 16
854 11
855 11
856 8
857 13
858 12
859 16
860 10
861 10
862 14
863 6
864 11
865 15
866 12
867 9
868 11
869 9
870 13
871 15
872 13
873 15
874 16
875 14
876 6
877 11
878 15
879 9
880 16
881 6
882 10
883 11
884 14
885 13
886 9
887 11
888 15
889 14
890 17
891 8
892 14
893 16
894 9
895 12
896 18
897 10
898 12
899 16
900 16
901 11
902 17
903 13
904 18
905 19
906 16
907 13
908 11
909 14
910 11
911 8
912 18
913 20
914 5
915 10
916 11
917 11
918 12
919 16
920 13
921 24
922 15
923 10
924 19
925 18
926 14
927 25
928 8
929 10
930 15
931 13
932 18
933 14
934 12
935 16
936 9
937 18
938 16
939 17
940 19
941 12
942 16
943 16
944 15
945 15
946 12
947 9
948 13
949 17
950 21
951 18
952 11
953 13
954 15
955 19
956 12
957 14
958 13
959 16
960 18
961 16
962 13
963 19
964 19
965 15
966 11
967 12
968 18
969 15
970 22
971 20
972 16
973 20
974 17
975 20
976 14
977 24
978 13
979 13
980 15
981 14
982 15
983 17
984 18
985 15
986 17
987 18
988 13
989 19
990 17
991 15
992 21
993 13
994 14
995 22
996 17
997 23
998 22
999 18
1000 17
1001 28
1002 25
1003 14
1004 18
1005 34
1006 24
1007 25
1008 26
1009 28
1010 27
1011 28
1012 37
1013 30
1014 28
1015 27
1016 30
1017 32
1018 32
1019 28
1020 32
1021 24
1022 35
1023 37
1024 43
1025 30
1026 34
1027 30
1028 29
1029 32
1030 31
1031 40
1032 32
1033 42
1034 52
1035 39
1036 42
1037 32
1038 33
1039 20
1040 27
1041 27
1042 23
1043 26
1044 26
1045 38
1046 34
1047 38
1048 28
1049 36
1050 32
1051 22
1052 33
1053 33
1054 39
1055 36
1056 33
1057 29
1058 21
1059 25
1060 18
1061 28
1062 19
1063 44
1064 22
1065 23
1066 30
1067 25
1068 27
1069 30
1070 24
1071 28
1072 21
1073 23
1074 20
1075 26
1076 20
1077 24
1078 22
1079 30
1080 22
1081 18
1082 26
1083 35
1084 30
1085 25
1086 27
1087 23
1088 27
1089 26
1090 32
1091 25
1092 33
1093 20
1094 28
1095 35
1096 18
1097 40
1098 37
1099 31
1100 31
1101 25
1102 27
1103 39
1104 25
1105 29
1106 24
1107 30
1108 24
1109 33
1110 27
1111 26
1112 38
1113 25
1114 20
1115 33
1116 25
1117 30
1118 30
1119 35
1120 37
1121 32
1122 24
1123 29
1124 31
1125 25
1126 40
1127 33
1128 24
1129 26
1130 29
1131 18
1132 21
1133 24
1134 31
1135 23
1136 27
1137 25
1138 26
1139 18
1140 36
1141 28
1142 24
1143 34
1144 27
1145 24
1146 44
1147 31
1148 25
1149 28
1150 27
1151 44
1152 24
1153 33
1154 40
1155 30
1156 38
1157 32
1158 31
1159 30
1160 35
1161 47
1162 45
1163 40
1164 35
1165 38
1166 43
1167 43
1168 37
1169 42
1170 56
1171 52
1172 53
1173 47
1174 54
1175 56
1176 58
1177 41
1178 39
1179 50
1180 48
1181 54
1182 57
1183 65
1184 56
1185 61
1186 59
1187 61
1188 82
1189 82
1190 55
1191 49
1192 72
1193 53
1194 64
1195 59
1196 50
1197 54
1198 65
1199 46
1200 59
1201 53
1202 41
1203 57
1204 48
1205 54
1206 58
1207 46
1208 60
1209 52
1210 41
1211 55
1212 52
1213 59
1214 51
1215 38
1216 47
1217 54
1218 45
1219 49
1220 53
1221 51
1222 47
1223 45
1224 40
1225 45
1226 48
1227 52
1228 36
1229 50
1230 45
1231 35
1232 30
1233 39
1234 41
1235 41
1236 43
1237 30
1238 33
1239 35
1240 47
1241 34
1242 39
1243 37
1244 42
1245 32
1246 33
1247 38
1248 47
1249 26
1250 29
1251 27
1252 28
1253 26
1254 32
1255 22
1256 25
1257 39
1258 28
1259 34
1260 24
1261 19
1262 21
1263 36
1264 24
1265 29
1266 27
1267 26
1268 25
1269 27
1270 17
1271 17
1272 18
1273 18
1274 21
1275 24
1276 24
1277 19
1278 22
1279 17
1280 17
1281 25
1282 18
1283 17
1284 14
1285 19
1286 17
1287 27
1288 13
1289 20
1290 17
1291 16
1292 30
1293 22
1294 18
1295 17
1296 17
1297 26
1298 24
1299 18
1300 19
1301 24
1302 29
1303 18
1304 29
1305 13
1306 32
1307 37
1308 45
1309 14
1310 30
1311 37
1312 36
1313 32
1314 32
1315 33
1316 40
1317 28
1318 56
1319 39
1320 44
1321 49
1322 42
1323 51
1324 44
1325 45
1326 51
1327 41
1328 45
1329 55
1330 50
1331 54
1332 46
1333 65
1334 60
1335 66
1336 48
1337 67
1338 56
1339 54
1340 49
1341 54
1342 47
1343 48
1344 62
1345 62
1346 48
1347 58
1348 38
1349 52
1350 52
1351 54
1352 52
1353 32
1354 42
1355 43
1356 45
1357 38
1358 52
1359 40
1360 42
1361 47
1362 38
1363 39
1364 39
1365 37
1366 43
1367 36
1368 38
1369 38
1370 33
1371 29
1372 32
1373 29
1374 37
1375 27
1376 38
1377 23
1378 16
1379 22
1380 20
1381 21
1382 20
1383 23
1384 13
1385 17
1386 24
1387 22
1388 7
1389 17
1390 14
1391 11
1392 13
1393 14
1394 10
1395 22
1396 18
1397 8
1398 17
1399 12
1400 8
1401 14
1402 6
1403 12
1404 6
1405 3
1406 9
1407 7
1408 7
1409 4
1410 6
1411 10
1412 4
1413 10
1414 7
1415 10
1416 1
1417 4
1418 6
1419 4
1420 8
1421 8
1422 2
1423 5
1424 9
1425 5
1426 7
1427 4
1428 3
1429 6
1430 4
1431 3
1432 3
1433 3
1434 7
1435 8
1436 5
1437 7
1438 7
1439 10
1440 5
1441 7
1442 6
1443 6
1444 2
1445 8
1446 6
1447 8
1448 6
1449 7
1450 9
1451 4
1452 1
1453 5
1454 7
1455 5
1456 1
1457 6
1458 2
1459 8
1460 6
1461 6
1462 7
1463 9
1464 8
1465 2
1466 2
1467 10
1468 7
1469 7
1470 3
1471 6
1472 1
1473 7
1474 4
1475 6
1476 5
1477 2
1478 3
1479 2
1480 5
1481 6
1482 5
1483 6
1484 7
1485 4
1486 4
1487 5
1488 2
1489 2
1490 5
1491 1
1492 2
1493 1
1494 4
1495 5
1496 3
1497 2
1498 2
1499 4
1500 5
1501 2
1502 2
1503 3
1504 2
1505 5
1506 1
1507 2
1508 2
1509 2
1510 0
1511 1
1512 4
1513 3
1514 0
1515 1
1516 1
1517 1
1518 1
1519 0
1520 1
1521 2
1522 2
1523 2
1524 2
1525 0
1526 0
1527 0
1528 0
1529 1
1530 0
1531 1
1532 0
1533 2
1534 0
1535 1
1536 0
1537 0
1538 0
1539 1
1540 0
1541 1
1542 0
1543 0
1544 0
1545 0
1546 0
1547 0
1548 1
1549 1
1550 0
1551 1
1552 0
1553 1
1554 0
1555 1
1556 1
1557 0
1558 0
1559 0
1560 0
1561 0
1562 0
1563 0
1564 0
1565 1
1566 0
1567 0
1568 0
1569 0
1570 0
1571 0
1572 0
1573 0
1574 0
1575 0
1576 0
1577 0
1578 0
1579 0
1580 0
1581 0
1582 0
1583 1
1584 0
1585 0
1586 0
1587 0
1588 1
1589 0
1590 0
1591 0
1592 0
1593 2
1594 0
1595 0
1596 0
1597 0
1598 0
1599 0
1600 1
1601 0
1602 1
1603 0
1604 0
1605 0
1606 1
1607 0
1608 0
1609 0
1610 0
1611 0
1612 0
1613 0
1614 0
1615 0
1616 2
1617 0
1618 0
1619 1
1620 1
1621 0
1622 0
1623 0
1624 1
1625 0
1626 1
1627 0
1628 0
1629 0
1630 1
1631 0
1632 1
1633 0
1634 0
1635 0
1636 0
1637 0
1638 2
1639 0
1640 0
1641 0
1642 0
1643 0
1644 0
1645 1
1646 0
1647 1
1648 1
1649 0
1650 1
1651 0
1652 1
1653 0
1654 0
1655 0
1656 0
1657 0
1658 1
1659 0
1660 2
1661 0
1662 0
1663 0
1664 0
1665 0
1666 1
1667 0
1668 0
1669 0
1670 0
1671 1
1672 0
1673 0
1674 0
1675 0
1676 0
1677 0
1678 0
1679 0
1680 0
1681 0
1682 0
1683 0
1684 0
1685 0
1686 1
1687 0
1688 0
1689 0
1690 0
1691 1
1692 1
1693 0
1694 0
1695 0
1696 0
1697 0
1698 0
1699 0
1700 0
1701 0
1702 0
1703 0
1704 2
1705 1
1706 0
1707 0
1708 0
1709 1
1710 1
1711 0
1712 0
1713 0
1714 1
1715 0
1716 1
1717 0
1718 0
1719 1
1720 0
1721 0
1722 0
1723 0
1724 0
1725 1
1726 0
1727 0
1728 0
1729 0
1730 0
1731 0
1732 0
1733 0
1734 0
1735 0
1736 0
1737 0
1738 0
1739 0
1740 0
1741 0
1742 1
1743 0
1744 0
1745 0
1746 0
1747 1
1748 0
1749 0
1750 0
1751 0
1752 0
1753 0
1754 0
1755 0
1756 1
1757 0
1758 0
1759 0
1760 0
1761 1
1762 1
1763 0
1764 0
1765 0
1766 0
1767 0
1768 0
1769 0
1770 1
1771 0
1772 0
1773 0
1774 0
1775 0
1776 1
1777 0
1778 0
1779 1
1780 0
1781 1
1782 0
1783 0
1784 0
1785 0
1786 0
1787 0
1788 0
1789 0
1790 0
1791 1
1792 0
1793 1
1794 0
1795 2
1796 1
1797 0
1798 0
1799 0
1800 0
1801 0
1802 0
1803 0
1804 1
1805 0
1806 0
1807 0
1808 0
1809 1
1810 0
1811 0
1812 0
1813 0
1814 1
1815 0
1816 0
1817 0
1818 0
1819 0
1820 0
1821 0
1822 0
1823 0
1824 0
1825 1
1826 0
1827 0
1828 0
1829 0
1830 0
1831 0
1832 0
1833 1
1834 0
1835 0
1836 0
1837 0
1838 0
1839 0
1840 1
1841 0
1842 1
1843 0
1844 0
1845 0
1846 0
1847 0
1848 0
1849 0
1850 0
1851 0
1852 0
1853 0
1854 0
1855 0
1856 0
1857 0
1858 0
1859 0
1860 0
1861 1
1862 0
1863 0
1864 0
1865 0
1866 0
1867 0
1868 0
1869 0
1870 1
1871 0
1872 0
1873 0
1874 1
1875 1
1876 1
1877 0
1878 0
1879 0
1880 0
1881 0
1882 0
1883 1
1884 0
1885 0
1886 0
1887 0
1888 0
1889 0
1890 0
1891 0
1892 0
1893 0
1894 0
1895 0
1896 1
1897 0
1898 0
1899 0
1900 0
1901 0
1902 0
1903 0
1904 1
1905 0
1906 0
1907 1
1908 0
1909 0
1910 0
1911 0
1912 0
1913 0
1914 0
1915 0
1916 0
1917 0
1918 0
1919 0
1920 2
1921 0
1922 0
1923 1
1924 0
1925 0
1926 0
1927 0
1928 0
1929 0
1930 0
1931 0
1932 0
1933 1
1934 0
1935 0
1936 1
1937 0
1938 0
1939 0
1940 1
1941 0
1942 0
1943 0
1944 0
1945 0
1946 0
1947 1
1948 0
1949 0
1950 2
1951 0
1952 0
1953 0
1954 0
1955 0
1956 0
1957 0
1958 0
1959 0
1960 0
1961 0
1962 0
1963 0
1964 0
1965 0
1966 0
1967 0
1968 0
1969 0
1970 0
1971 0
1972 0
1973 0
1974 0
1975 0
1976 0
1977 0
1978 0
1979 1
1980 0
1981 0
1982 0
1983 0
1984 0
1985 0
1986 0
1987 0
1988 0
1989 1
1990 0
1991 0
1992 0
1993 0
1994 0
1995 0
1996 1
1997 0
1998 1
1999 0
2000 0
2001 0
2002 0
2003 0
2004 0
2005 0
2006 0
2007 0
2008 0
2009 0
2010 0
2011 0
2012 0
2013 1
2014 0
2015 0
2016 0
2017 0
2018 0
2019 0
2020 0
2021 0
2022 1
2023 0
2024 0
2025 0
2026 1
2027 0
2028 0
2029 0
2030 0
2031 0
2032 0
2033 0
2034 0
2035 0
2036 0
2037 0
2038 0
2039 0
2040 0
2041 0
2042 0
2043 0
2044 0
2045 0
2046 0
2047 0
