# Dead time factor = 1.00000
0 0
1 0
2 0
3 0
4 0
5 0
6 0
7 0
8 0
9 0
10 0
11 0
12 0
13 0
14 0
15 0
16 0
17 4
18 23
19 29
20 30
21 36
22 27
23 32
24 20
25 31
26 23
27 31
28 25
29 36
30 23
31 17
32 16
33 27
34 32
35 19
36 19
37 20
38 25
39 23
40 25
41 21
42 18
43 23
44 14
45 23
46 26
47 24
48 26
49 18
50 19
51 16
52 29
53 21
54 29
55 17
56 15
57 16
58 26
59 24
60 16
61 20
62 20
63 20
64 19
65 30
66 17
67 15
68 18
69 23
70 16
71 15
72 20
73 23
74 22
75 24
76 22
77 29
78 19
79 16
80 30
81 28
82 15
83 17
84 14
85 19
86 18
87 21
88 10
89 25
90 14
91 20
92 21
93 14
94 17
95 11
96 24
97 17
98 17
99 14
100 15
101 17
102 10
103 15
104 14
105 16
106 11
107 10
108 15
109 18
110 20
111 14
112 20
113 11
114 15
115 13
116 10
117 15
118 10
119 5
120 11
121 15
122 9
123 12
124 7
125 10
126 11
127 8
128 9
129 10
130 12
131 8
132 8
133 11
134 10
135 14
136 8
137 9
138 7
139 9
140 14
141 14
142 6
143 11
144 17
145 9
146 21
147 17
148 15
149 28
150 27
151 25
152 20
153 21
154 19
155 20
156 22
157 17
158 18
159 12
160 21
161 10
162 15
163 21
164 14
165 13
166 9
167 21
168 10
169 10
170 13
171 15
172 14
173 7
174 11
175 7
176 12
177 10
178 12
179 6
180 8
181 9
182 11
183 9
184 12
185 14
186 10
187 5
188 12
189 9
190 5
191 7
192 11
193 13
194 13
195 12
196 8
197 10
198 8
199 6
200 11
201 3
202 13
203 8
204 11
205 7
206 10
207 5
208 11
209 8
210 11
211 9
212 11
213 7
214 5
215 16
216 12
217 6
218 11
219 14
220 10
221 8
222 7
223 9
224 4
225 3
226 10
227 7
228 4
229 6
230 11
231 6
232 7
233 9
234 10
235 5
236 8
237 8
238 7
239 5
240 8
241 7
242 10
243 5
244 4
245 8
246 7
247 9
248 5
249 10
250 4
251 6
252 4
253 10
254 6
255 7
256 12
257 12
258 6
259 9
260 9
261 5
262 6
263 5
264 2
265 8
266 5
267 8
268 4
269 8
270 5
271 9
272 8
273 9
274 7
275 6
276 6
277 6
278 3
279 3
280 7
281 9
282 4
283 11
284 7
285 5
286 6
287 9
288 9
289 8
290 7
291 8
292 8
293 9
294 13
295 6
296 6
297 5
298 8
299 7
300 9
301 2
302 2
303 6
304 5
305 16
306 10
307 11
308 10
309 6
310 5
311 12
312 7
313 6
314 10
315 8
316 12
317 9
318 6
319 13
320 4
321 8
322 12
323 6
324 7
325 5
326 9
327 7
328 5
329 9
330 12
331 3
332 7
333 7
334 4
335 8
336 7
337 8
338 2
339 2
340 10
341 7
342 4
343 6
344 3
345 2
346 7
347 12
348 6
349 9
350 11
351 1
352 6
353 6
354 11
355 10
356 2
357 8
358 3
359 3
360 5
361 5
362 7
363 8
364 10
365 7
366 4
367 7
368 7
369 5
370 8
371 5
372 9
373 6
374 7
375 5
376 9
377 2
378 3
379 6
380 6
381 5
382 4
383 3
384 2
385 3
386 6
387 2
388 6
389 8
390 6
391 9
392 4
393 4
394 4
395 4
396 5
397 1
398 8
399 5
400 7
401 7
402 7
403 3
404 5
405 8
406 5
407 3
408 6
409 8
410 10
411 6
412 0
413 5
414 2
415 3
416 7
417 6
418 2
419 5
420 5
421 5
422 4
423 7
424 3
425 6
426 4
427 6
428 6
429 5
430 4
431 6
432 3
433 4
434 4
435 4
436 6
437 9
438 3
439 2
440 6
441 7
442 7
443 6
444 2
445 9
446 8
447 3
448 4
449 4
450 8
451 7
452 8
453 8
454 6
455 6
456 2
457 5
458 5
459 4
460 6
461 4
462 1
463 8
464 2
465 3
466 6
467 3
468 7
469 7
470 2
471 5
472 6
473 6
474 5
475 4
476 7
477 4
478 7
479 6
480 5
481 7
482 8
483 7
484 3
485 5
486 8
487 2
488 4
489 4
490 5
491 2
492 5
493 9
494 5
495 5
496 3
497 7
498 7
499 6
500 4
501 5
502 2
503 7
504 7
505 5
506 9
507 10
508 4
509 3
510 5
511 3
512 6
513 3
514 4
515 3
516 7
517 6
518 8
519 7
520 6
521 7
522 7
523 5
524 2
525 2
526 7
527 9
528 4
529 4
530 3
531 5
532 6
533 4
534 4
535 4
536 5
537 4
538 8
539 3
540 7
541 6
542 6
543 4
544 4
545 6
546 5
547 2
548 6
549 2
550 4
551 7
552 3
553 5
554 4
555 7
556 7
557 6
558 5
559 1
560 6
561 3
562 6
563 7
564 3
565 6
566 6
567 3
568 1
569 5
570 7
571 2
572 2
573 3
574 4
575 4
576 5
577 5
578 3
579 6
580 5
581 8
582 5
583 3
584 5
585 7
586 9
587 8
588 5
589 8
590 5
591 6
592 5
593 4
594 7
595 4
596 4
597 3
598 5
599 4
600 5
601 7
602 3
603 7
604 9
605 9
606 7
607 9
608 6
609 5
610 6
611 5
612 6
613 4
614 5
615 4
616 8
617 7
618 4
619 8
620 5
621 2
622 4
623 4
624 9
625 5
626 7
627 9
628 4
629 9
630 6
631 3
632 5
633 3
634 3
635 7
636 2
637 8
638 7
639 7
640 4
641 7
642 1
643 3
644 7
645 7
646 3
647 2
648 9
649 6
650 3
651 5
652 2
653 9
654 6
655 5
656 6
657 8
658 5
659 3
660 7
661 5
662 8
663 5
664 7
665 17
666 6
667 4
668 9
669 8
670 4
671 6
672 3
673 6
674 5
675 6
676 7
677 8
678 3
679 5
680 3
681 6
682 6
683 3
684 4
685 6
686 2
687 8
688 3
689 5
690 5
691 3
692 7
693 4
694 7
695 7
696 4
697 5
698 6
699 6
700 7
701 4
702 4
703 3
704 3
705 4
706 5
707 10
708 7
709 6
710 11
711 5
712 6
713 4
714 4
715 10
716 4
717 2
718 12
719 9
720 9
721 5
722 4
723 12
724 6
725 3
726 7
727 7
728 5
729 6
730 2
731 6
732 6
733 3
734 7
735 4
736 4
737 6
738 10
739 7
740 7
741 4
742 10
743 6
744 5
745 3
746 5
747 4
748 5
749 9
750 11
751 7
752 6
753 3
754 6
755 10
756 6
757 5
758 6
759 3
760 3
761 4
762 5
763 4
764 8
765 8
766 3
767 7
768 6
769 9
770 5
771 2
772 4
773 3
774 7
775 3
776 7
777 5
778 6
779 3
780 6
781 4
782 6
783 9
784 7
785 2
786 10
787 6
788 5
789 10
790 8
791 7
792 6
793 3
794 4
795 2
796 4
797 6
798 10
799 4
800 4
801 6
802 7
803 11
804 5
805 4
806 3
807 4
808 10
809 6
810 11
811 5
812 2
813 4
814 2
815 3
816 11
817 5
818 8
819 8
820 8
821 6
822 6
823 7
824 6
825 7
826 7
827 12
828 9
829 7
830 2
831 5
832 13
833 3
834 4
835 3
836 9
837 6
838 8
839 9
840 9
841 9
842 8
843 6
844 6
845 9
846 4
847 11
848 6
849 8
850 4
851 6
852 8
853 9
854 11
855 4
856 4
857 5
858 12
859 4
860 5
861 8
862 5
863 5
864 6
865 4
866 4
867 6
868 3
869 9
870 6
871 6
872 7
873 5
874 6
875 5
876 5
877 3
878 9
879 9
880 8
881 5
882 7
883 12
884 9
885 9
886 8
887 2
888 4
889 5
890 7
891 5
892 6
893 11
894 9
895 8
896 8
897 8
898 6
899 6
900 6
901 8
902 6
903 8
904 5
905 12
906 5
907 6
908 10
909 8
910 7
911 9
912 4
913 11
914 5
915 9
916 7
917 9
918 4
919 5
920 8
921 8
922 5
923 11
924 6
925 4
926 4
927 8
928 2
929 8
930 14
931 3
932 7
933 7
934 11
935 9
936 8
937 11
938 7
939 7
940 5
941 4
942 9
943 6
944 6
945 13
946 6
947 7
948 5
949 3
950 9
951 11
952 7
953 9
954 12
955 11
956 10
957 7
958 6
959 8
960 9
961 11
962 12
963 9
964 8
965 9
966 12
967 5
968 9
969 15
970 4
971 15
972 7
973 9
974 5
975 7
976 11
977 20
978 7
979 7
980 8
981 11
982 12
983 12
984 16
985 15
986 5
987 9
988 13
989 12
990 5
991 10
992 9
993 18
994 13
995 6
996 10
997 11
998 9
999 10
1000 8
1001 12
1002 10
1003 5
1004 18
1005 13
1006 12
1007 6
1008 11
1009 11
1010 6
1011 8
1012 16
1013 12
1014 13
1015 8
1016 16
1017 13
1018 12
1019 12
1020 7
1021 9
1022 5
1023 18
1024 10
1025 9
1026 13
1027 11
1028 15
1029 8
1030 13
1031 8
1032 10
1033 16
1034 16
1035 12
1036 7
1037 11
1038 12
1039 13
1040 13
1041 13
1042 10
1043 12
1044 11
1045 11
1046 10
1047 9
1048 8
1049 12
1050 18
1051 12
1052 18
1053 11
1054 11
1055 10
1056 16
1057 14
1058 13
1059 20
1060 9
1061 12
1062 16
1063 12
1064 7
1065 6
1066 11
1067 13
1068 9
1069 11
1070 18
1071 11
1072 14
1073 10
1074 10
1075 13
1076 10
1077 11
1078 16
1079 16
1080 14
1081 9
1082 7
1083 8
1084 8
1085 8
1086 13
1087 8
1088 14
1089 17
1090 21
1091 10
1092 15
1093 11
1094 18
1095 8
1096 16
1097 8
1098 9
1099 8
1100 10
1101 13
1102 11
1103 12
1104 16
1105 9
1106 13
1107 14
1108 14
1109 10
1110 19
1111 14
1112 20
1113 12
1114 18
1115 16
1116 17
1117 17
1118 15
1119 10
1120 15
1121 12
1122 16
1123 15
1124 21
1125 20
1126 12
1127 15
1128 20
1129 16
1130 12
1131 16
1132 18
1133 21
1134 15
1135 21
1136 21
1137 26
1138 18
1139 18
1140 16
1141 14
1142 19
1143 13
1144 22
1145 23
1146 19
1147 20
1148 14
1149 20
1150 22
1151 19
1152 17
1153 16
1154 14
1155 18
1156 20
1157 15
1158 15
1159 18
1160 27
1161 23
1162 24
1163 16
1164 21
1165 18
1166 20
1167 16
1168 21
1169 26
1170 14
1171 16
1172 19
1173 15
1174 22
1175 21
1176 19
1177 21
1178 20
1179 16
1180 18
1181 17
1182 25
1183 21
1184 26
1185 27
1186 18
1187 23
1188 17
1189 14
1190 14
1191 20
1192 26
1193 23
1194 22
1195 12
1196 18
1197 12
1198 13
1199 18
1200 17
1201 15
1202 24
1203 18
1204 8
1205 16
1206 22
1207 14
1208 18
1209 18
1210 14
1211 20
1212 23
1213 21
1214 12
1215 15
1216 10
1217 18
1218 11
1219 15
1220 21
1221 16
1222 9
1223 13
1224 11
1225 20
1226 15
1227 16
1228 6
1229 10
1230 14
1231 15
1232 8
1233 19
1234 10
1235 15
1236 6
1237 10
1238 8
1239 19
1240 11
1241 15
1242 13
1243 14
1244 14
1245 14
1246 8
1247 10
1248 14
1249 12
1250 18
1251 16
1252 14
1253 9
1254 19
1255 7
1256 17
1257 10
1258 22
1259 11
1260 7
1261 10
1262 16
1263 15
1264 20
1265 14
1266 8
1267 14
1268 15
1269 14
1270 14
1271 17
1272 13
1273 22
1274 21
1275 17
1276 20
1277 17
1278 8
1279 15
1280 21
1281 15
1282 19
1283 12
1284 24
1285 21
1286 17
1287 10
1288 13
1289 22
1290 17
1291 23
1292 19
1293 26
1294 23
1295 20
1296 25
1297 17
1298 22
1299 16
1300 21
1301 12
1302 11
1303 24
1304 16
1305 23
1306 22
1307 25
1308 24
1309 20
1310 13
1311 18
1312 24
1313 21
1314 24
1315 12
1316 15
1317 25
1318 23
1319 24
1320 28
1321 18
1322 23
1323 22
1324 25
1325 22
1326 36
1327 15
1328 27
1329 24
1330 25
1331 15
1332 13
1333 17
1334 15
1335 23
1336 26
1337 17
1338 18
1339 12
1340 20
1341 16
1342 12
1343 11
1344 12
1345 9
1346 17
1347 17
1348 15
1349 14
1350 16
1351 15
1352 16
1353 15
1354 10
1355 18
1356 13
1357 13
1358 8
1359 12
1360 8
1361 11
1362 13
1363 9
1364 5
1365 16
1366 9
1367 11
1368 12
1369 10
1370 5
1371 11
1372 10
1373 11
1374 12
1375 9
1376 7
1377 6
1378 9
1379 7
1380 3
1381 4
1382 3
1383 2
1384 4
1385 8
1386 1
1387 8
1388 11
1389 2
1390 2
1391 5
1392 2
1393 4
1394 6
1395 7
1396 6
1397 6
1398 8
1399 9
1400 7
1401 6
1402 4
1403 3
1404 7
1405 4
1406 8
1407 3
1408 5
1409 6
1410 1
1411 7
1412 2
1413 1
1414 5
1415 6
1416 5
1417 3
1418 3
1419 5
1420 9
1421 2
1422 1
1423 5
1424 4
1425 2
1426 7
1427 3
1428 4
1429 6
1430 3
1431 5
1432 9
1433 3
1434 9
1435 5
1436 5
1437 4
1438 12
1439 3
1440 11
1441 10
1442 5
1443 8
1444 9
1445 7
1446 4
1447 1
1448 6
1449 7
1450 3
1451 3
1452 5
1453 5
1454 9
1455 5
1456 4
1457 6
1458 3
1459 6
1460 7
1461 6
1462 6
1463 11
1464 8
1465 2
1466 10
1467 8
1468 8
1469 6
1470 9
1471 3
1472 8
1473 8
1474 4
1475 2
1476 4
1477 9
1478 0
1479 3
1480 7
1481 9
1482 9
1483 7
1484 0
1485 3
1486 5
1487 4
1488 4
1489 4
1490 3
1491 4
1492 2
1493 7
1494 4
1495 4
1496 6
1497 2
1498 3
1499 5
1500 1
1501 3
1502 2
1503 4
1504 1
1505 0
1506 3
1507 7
1508 0
1509 1
1510 1
1511 3
1512 2
1513 4
1514 1
1515 1
1516 2
1517 1
1518 0
1519 3
1520 3
1521 0
1522 1
1523 1
1524 2
1525 1
1526 2
1527 1
1528 0
1529 0
1530 1
1531 2
1532 0
1533 1
1534 2
1535 2
1536 0
1537 0
1538 0
1539 0
1540 1
1541 1
1542 1
1543 0
1544 0
1545 0
1546 0
1547 0
1548 1
1549 0
1550 1
1551 1
1552 0
1553 0
1554 0
1555 0
1556 0
1557 0
1558 0
1559 0
1560 0
1561 0
1562 1
1563 0
1564 0
1565 1
1566 0
1567 0
1568 0
1569 0
1570 0
1571 0
1572 0
1573 0
1574 0
1575 0
1576 0
1577 0
1578 0
1579 0
1580 0
1581 2
1582 0
1583 0
1584 0
1585 0
1586 0
1587 0
1588 0
1589 0
1590 0
1591 0
1592 0
1593 1
1594 0
1595 0
1596 0
1597 0
1598 0
1599 0
1600 0
1601 0
1602 0
1603 0
1604 0
1605 0
1606 0
1607 0
1608 1
1609 0
1610 0
1611 0
1612 0
1613 0
1614 0
1615 0
1616 0
1617 1
1618 0
1619 0
1620 0
1621 0
1622 0
1623 0
1624 0
1625 0
1626 0
1627 0
1628 0
1629 0
1630 0
1631 0
1632 0
1633 0
1634 0
1635 1
1636 0
1637 0
1638 0
1639 0
1640 0
1641 0
1642 0
1643 0
1644 0
1645 0
1646 0
1647 0
1648 0
1649 0
1650 0
1651 0
1652 0
1653 1
1654 0
1655 0
1656 0
1657 0
1658 0
1659 0
1660 1
1661 1
1662 0
1663 0
1664 0
1665 0
1666 0
1667 0
1668 0
1669 0
1670 0
1671 0
1672 0
1673 0
1674 0
1675 0
1676 0
1677 0
1678 0
1679 0
1680 0
1681 0
1682 0
1683 0
1684 0
1685 0
1686 0
1687 1
1688 0
1689 0
1690 0
1691 0
1692 0
1693 0
1694 0
1695 0
1696 0
1697 0
1698 0
1699 0
1700 0
1701 0
1702 0
1703 0
1704 0
1705 0
1706 0
1707 0
1708 0
1709 0
1710 0
1711 0
1712 0
1713 0
1714 0
1715 0
1716 0
1717 0
1718 0
1719 0
1720 1
1721 0
1722 1
1723 0
1724 0
1725 0
1726 0
1727 0
1728 1
1729 0
1730 0
1731 0
1732 0
1733 0
1734 0
1735 0
1736 0
1737 1
1738 0
1739 1
1740 0
1741 0
1742 0
1743 0
1744 0
1745 0
1746 1
1747 0
1748 0
1749 0
1750 0
1751 0
1752 0
1753 0
1754 0
1755 0
1756 0
1757 0
1758 0
1759 0
1760 0
1761 0
1762 0
1763 0
1764 1
1765 0
1766 0
1767 0
1768 0
1769 1
1770 0
1771 0
1772 1
1773 0
1774 0
1775 0
1776 0
1777 0
1778 1
1779 0
1780 0
1781 0
1782 1
1783 0
1784 0
1785 0
1786 0
1787 0
1788 0
1789 0
1790 0
1791 0
1792 0
1793 0
1794 0
1795 0
1796 0
1797 0
1798 0
1799 0
1800 0
1801 0
1802 1
1803 1
1804 0
1805 0
1806 0
1807 0
1808 0
1809 0
1810 0
1811 0
1812 0
1813 0
1814 0
1815 1
1816 0
1817 0
1818 0
1819 0
1820 0
1821 0
1822 0
1823 0
1824 0
1825 0
1826 0
1827 0
1828 0
1829 0
1830 0
1831 0
1832 0
1833 0
1834 0
1835 1
1836 0
1837 0
1838 0
1839 0
1840 0
1841 0
1842 0
1843 0
1844 0
1845 0
1846 0
1847 0
1848 0
1849 0
1850 0
1851 0
1852 0
1853 0
1854 0
1855 0
1856 0
1857 0
1858 0
1859 0
1860 0
1861 0
1862 1
1863 0
1864 1
1865 0
1866 0
1867 0
1868 1
1869 0
1870 0
1871 1
1872 0
1873 0
1874 0
1875 0
1876 0
1877 0
1878 0
1879 0
1880 0
1881 0
1882 0
1883 0
1884 0
1885 0
1886 0
1887 0
1888 0
1889 0
1890 0
1891 0
1892 0
1893 0
1894 1
1895 0
1896 0
1897 0
1898 0
1899 0
1900 0
1901 0
1902 0
1903 0
1904 0
1905 0
1906 0
1907 0
1908 0
1909 0
1910 0
1911 0
1912 0
1913 0
1914 0
1915 0
1916 0
1917 0
1918 0
1919 0
1920 0
1921 0
1922 0
1923 0
1924 0
1925 0
1926 0
1927 0
1928 0
1929 0
1930 0
1931 0
1932 0
1933 0
1934 0
1935 0
1936 0
1937 0
1938 0
1939 0
1940 0
1941 0
1942 0
1943 0
1944 0
1945 0
1946 0
1947 0
1948 0
1949 0
1950 0
1951 0
1952 0
1953 0
1954 0
1955 0
1956 0
1957 0
1958 0
1959 0
1960 0
1961 0
1962 0
1963 0
1964 0
1965 0
1966 0
1967 0
1968 0
1969 0
1970 0
1971 0
1972 0
1973 0
1974 0
1975 0
1976 0
1977 0
1978 0
1979 0
1980 0
1981 0
1982 0
1983 0
1984 0
1985 0
1986 0
1987 1
1988 0
1989 1
1990 0
1991 0
1992 2
1993 0
1994 0
1995 1
1996 0
1997 0
1998 0
1999 0
2000 0
2001 1
2002 0
2003 0
2004 0
2005 0
2006 0
2007 0
2008 0
2009 0
2010 0
2011 0
2012 0
2013 1
2014 0
2015 0
2016 0
2017 0
2018 0
2019 0
2020 0
2021 0
2022 0
2023 0
2024 0
2025 1
2026 0
2027 0
2028 0
2029 0
2030 0
2031 0
2032 0
2033 0
2034 0
2035 0
2036 0
2037 0
2038 0
2039 0
2040 0
2041 0
2042 0
2043 0
2044 0
2045 0
2046 0
2047 0
