# Dead time factor = 1.00000
0 0
1 0
2 0
3 0
4 0
5 0
6 0
7 0
8 0
9 0
10 0
11 0
12 0
13 0
14 0
15 0
16 0
17 2
18 11
19 11
20 11
21 11
22 15
23 8
24 14
25 12
26 6
27 11
28 18
29 12
30 7
31 13
32 10
33 13
34 5
35 11
36 9
37 9
38 15
39 12
40 10
41 10
42 13
43 13
44 7
45 12
46 14
47 14
48 13
49 9
50 10
51 12
52 10
53 16
54 12
55 14
56 8
57 9
58 17
59 15
60 7
61 13
62 10
63 17
64 13
65 7
66 12
67 14
68 12
69 7
70 6
71 7
72 5
73 9
74 12
75 10
76 9
77 14
78 8
79 7
80 9
81 8
82 6
83 5
84 11
85 12
86 3
87 13
88 6
89 10
90 10
91 7
92 7
93 5
94 5
95 3
96 4
97 9
98 10
99 5
100 5
101 7
102 6
103 13
104 4
105 3
106 7
107 4
108 6
109 9
110 11
111 6
112 10
113 10
114 8
115 3
116 6
117 4
118 6
119 8
120 6
121 5
122 5
123 6
124 4
125 11
126 6
127 4
128 4
129 1
130 1
131 4
132 5
133 1
134 4
135 3
136 7
137 5
138 5
139 6
140 2
141 8
142 5
143 6
144 2
145 6
146 6
147 14
148 5
149 4
150 8
151 7
152 8
153 7
154 7
155 9
156 4
157 12
158 6
159 6
160 9
161 7
162 7
163 3
164 9
165 1
166 6
167 1
168 3
169 1
170 7
171 7
172 4
173 4
174 6
175 3
176 3
177 1
178 4
179 8
180 3
181 7
182 6
183 6
184 6
185 4
186 4
187 3
188 6
189 4
190 3
191 2
192 1
193 3
194 3
195 0
196 6
197 4
198 5
199 5
200 8
201 5
202 3
203 2
204 4
205 4
206 5
207 5
208 5
209 5
210 6
211 3
212 1
213 8
214 3
215 5
216 3
217 4
218 5
219 6
220 2
221 4
222 1
223 5
224 4
225 4
226 6
227 3
228 2
229 4
230 1
231 1
232 5
233 4
234 3
235 3
236 3
237 2
238 7
239 2
240 4
241 3
242 1
243 2
244 2
245 3
246 3
247 1
248 1
249 1
250 3
251 4
252 2
253 0
254 2
255 3
256 3
257 5
258 0
259 6
260 2
261 3
262 3
263 5
264 4
265 2
266 3
267 2
268 2
269 0
270 0
271 5
272 1
273 6
274 2
275 3
276 1
277 2
278 5
279 2
280 2
281 3
282 2
283 1
284 3
285 3
286 0
287 3
288 1
289 1
290 4
291 1
292 4
293 2
294 4
295 6
296 3
297 3
298 1
299 3
300 3
301 5
302 6
303 1
304 2
305 0
306 5
307 4
308 4
309 4
310 4
311 2
312 3
313 5
314 2
315 1
316 5
317 6
318 3
319 6
320 3
321 2
322 3
323 3
324 6
325 4
326 3
327 2
328 2
329 1
330 5
331 3
332 4
333 3
334 2
335 5
336 6
337 2
338 4
339 2
340 2
341 2
342 2
343 1
344 3
345 4
346 0
347 2
348 3
349 2
350 4
351 3
352 1
353 5
354 4
355 4
356 1
357 2
358 1
359 5
360 3
361 4
362 3
363 2
364 6
365 2
366 3
367 1
368 4
369 3
370 4
371 0
372 0
373 2
374 3
375 0
376 4
377 1
378 4
379 5
380 2
381 1
382 2
383 5
384 2
385 0
386 3
387 2
388 1
389 3
390 1
391 3
392 5
393 4
394 1
395 4
396 2
397 3
398 2
399 6
400 3
401 0
402 2
403 1
404 3
405 2
406 0
407 0
408 3
409 1
410 1
411 3
412 0
413 3
414 1
415 1
416 0
417 1
418 3
419 3
420 2
421 2
422 1
423 3
424 3
425 4
426 2
427 0
428 2
429 0
430 2
431 2
432 6
433 2
434 4
435 0
436 2
437 1
438 4
439 0
440 0
441 1
442 2
443 2
444 3
445 0
446 1
447 2
448 0
449 4
450 3
451 2
452 1
453 3
454 1
455 2
456 2
457 6
458 4
459 3
460 0
461 1
462 0
463 1
464 1
465 3
466 1
467 4
468 3
469 1
470 0
471 3
472 1
473 3
474 1
475 3
476 2
477 1
478 0
479 1
480 1
481 2
482 1
483 5
484 3
485 2
486 3
487 2
488 0
489 1
490 3
491 2
492 3
493 4
494 1
495 0
496 2
497 3
498 5
499 4
500 1
501 1
502 3
503 1
504 2
505 4
506 4
507 3
508 1
509 0
510 0
511 1
512 2
513 1
514 3
515 2
516 1
517 0
518 3
519 0
520 3
521 1
522 1
523 3
524 2
525 1
526 1
527 3
528 4
529 2
530 1
531 1
532 2
533 4
534 2
535 6
536 0
537 3
538 1
539 2
540 0
541 2
542 2
543 1
544 3
545 2
546 2
547 1
548 1
549 1
550 3
551 1
552 3
553 0
554 2
555 2
556 2
557 0
558 2
559 4
560 0
561 2
562 0
563 1
564 0
565 3
566 1
567 0
568 4
569 2
570 4
571 3
572 0
573 2
574 2
575 1
576 4
577 1
578 2
579 2
580 0
581 2
582 5
583 1
584 2
585 2
586 2
587 2
588 3
589 2
590 0
591 0
592 0
593 2
594 3
595 1
596 3
597 1
598 2
599 1
600 1
601 1
602 2
603 3
604 1
605 2
606 2
607 2
608 2
609 1
610 2
611 1
612 2
613 2
614 3
615 2
616 4
617 0
618 1
619 1
620 2
621 2
622 4
623 4
624 2
625 3
626 2
627 2
628 2
629 2
630 1
631 3
632 4
633 1
634 2
635 5
636 2
637 0
638 4
639 4
640 3
641 1
642 4
643 1
644 3
645 1
646 2
647 0
648 1
649 0
650 2
651 1
652 1
653 3
654 0
655 2
656 2
657 3
658 4
659 0
660 2
661 1
662 1
663 0
664 1
665 2
666 2
667 3
668 1
669 1
670 4
671 2
672 3
673 3
674 1
675 0
676 4
677 0
678 3
679 3
680 1
681 0
682 2
683 4
684 2
685 1
686 3
687 2
688 3
689 4
690 4
691 2
692 2
693 2
694 1
695 3
696 2
697 1
698 4
699 3
700 2
701 2
702 3
703 3
704 2
705 0
706 1
707 4
708 5
709 0
710 2
711 0
712 1
713 4
714 0
715 1
716 0
717 4
718 2
719 1
720 2
721 5
722 1
723 6
724 0
725 5
726 1
727 1
728 2
729 2
730 4
731 3
732 0
733 2
734 2
735 1
736 1
737 1
738 2
739 2
740 1
741 0
742 2
743 0
744 4
745 2
746 0
747 1
748 2
749 0
750 3
751 4
752 0
753 1
754 3
755 4
756 1
757 2
758 0
759 1
760 2
761 5
762 1
763 3
764 4
765 1
766 0
767 3
768 3
769 1
770 0
771 3
772 2
773 3
774 1
775 3
776 2
777 1
778 1
779 4
780 4
781 4
782 4
783 4
784 4
785 1
786 1
787 2
788 2
789 3
790 2
791 5
792 1
793 4
794 4
795 3
796 0
797 2
798 1
799 2
800 4
801 1
802 3
803 1
804 1
805 2
806 2
807 1
808 2
809 1
810 4
811 2
812 3
813 2
814 5
815 2
816 4
817 1
818 3
819 2
820 3
821 2
822 0
823 2
824 2
825 6
826 1
827 0
828 4
829 5
830 3
831 2
832 0
833 0
834 0
835 1
836 4
837 5
838 2
839 1
840 1
841 4
842 3
843 3
844 6
845 1
846 1
847 3
848 1
849 3
850 3
851 2
852 4
853 2
854 1
855 3
856 5
857 0
858 1
859 3
860 2
861 2
862 5
863 5
864 0
865 3
866 3
867 3
868 0
869 1
870 2
871 5
872 1
873 4
874 2
875 3
876 6
877 5
878 3
879 1
880 4
881 3
882 0
883 3
884 1
885 1
886 0
887 2
888 2
889 2
890 1
891 0
892 0
893 5
894 2
895 2
896 1
897 1
898 2
899 0
900 0
901 3
902 4
903 3
904 4
905 2
906 0
907 8
908 4
909 3
910 4
911 5
912 3
913 8
914 3
915 2
916 0
917 3
918 1
919 1
920 6
921 0
922 3
923 1
924 2
925 7
926 1
927 3
928 3
929 0
930 2
931 3
932 5
933 1
934 4
935 1
936 3
937 5
938 0
939 3
940 5
941 2
942 3
943 4
944 4
945 2
946 3
947 3
948 4
949 2
950 3
951 3
952 3
953 0
954 4
955 1
956 8
957 5
958 4
959 4
960 2
961 2
962 5
963 4
964 4
965 5
966 3
967 9
968 8
969 6
970 4
971 6
972 3
973 2
974 6
975 6
976 3
977 7
978 0
979 2
980 4
981 3
982 3
983 4
984 1
985 5
986 5
987 5
988 2
989 4
990 2
991 2
992 3
993 5
994 5
995 3
996 7
997 1
998 3
999 4
1000 7
1001 3
1002 2
1003 4
1004 1
1005 3
1006 2
1007 5
1008 2
1009 6
1010 2
1011 2
1012 2
1013 6
1014 3
1015 1
1016 5
1017 2
1018 2
1019 4
1020 4
1021 6
1022 4
1023 5
1024 5
1025 3
1026 5
1027 2
1028 5
1029 5
1030 7
1031 5
1032 5
1033 5
1034 9
1035 4
1036 6
1037 10
1038 4
1039 3
1040 5
1041 6
1042 6
1043 0
1044 5
1045 4
1046 2
1047 7
1048 8
1049 4
1050 6
1051 3
1052 7
1053 5
1054 7
1055 5
1056 3
1057 8
1058 5
1059 1
1060 5
1061 5
1062 2
1063 2
1064 10
1065 1
1066 4
1067 1
1068 4
1069 1
1070 8
1071 2
1072 4
1073 8
1074 4
1075 6
1076 3
1077 5
1078 5
1079 2
1080 6
1081 8
1082 3
1083 3
1084 10
1085 1
1086 1
1087 11
1088 4
1089 7
1090 4
1091 6
1092 7
1093 5
1094 0
1095 5
1096 5
1097 8
1098 7
1099 5
1100 7
1101 5
1102 9
1103 10
1104 4
1105 8
1106 5
1107 6
1108 8
1109 6
1110 4
1111 5
1112 1
1113 4
1114 2
1115 6
1116 6
1117 9
1118 6
1119 7
1120 7
1121 5
1122 5
1123 6
1124 8
1125 6
1126 5
1127 7
1128 7
1129 5
1130 10
1131 6
1132 6
1133 8
1134 2
1135 6
1136 4
1137 6
1138 5
1139 4
1140 9
1141 7
1142 6
1143 1
1144 7
1145 6
1146 2
1147 6
1148 11
1149 5
1150 11
1151 6
1152 6
1153 10
1154 9
1155 3
1156 8
1157 10
1158 5
1159 6
1160 9
1161 6
1162 5
1163 3
1164 7
1165 9
1166 5
1167 7
1168 7
1169 2
1170 7
1171 3
1172 5
1173 5
1174 8
1175 5
1176 9
1177 7
1178 5
1179 14
1180 11
1181 9
1182 8
1183 5
1184 12
1185 10
1186 3
1187 6
1188 9
1189 4
1190 10
1191 7
1192 5
1193 6
1194 10
1195 6
1196 4
1197 4
1198 11
1199 10
1200 9
1201 10
1202 8
1203 4
1204 6
1205 7
1206 7
1207 5
1208 5
1209 3
1210 4
1211 9
1212 4
1213 9
1214 6
1215 7
1216 5
1217 7
1218 2
1219 6
1220 2
1221 7
1222 5
1223 7
1224 5
1225 5
1226 3
1227 5
1228 3
1229 6
1230 6
1231 4
1232 2
1233 4
1234 8
1235 5
1236 9
1237 6
1238 5
1239 3
1240 3
1241 3
1242 5
1243 4
1244 10
1245 2
1246 2
1247 4
1248 5
1249 6
1250 3
1251 6
1252 3
1253 7
1254 6
1255 1
1256 6
1257 3
1258 5
1259 3
1260 6
1261 9
1262 7
1263 6
1264 3
1265 6
1266 4
1267 7
1268 4
1269 3
1270 3
1271 8
1272 6
1273 5
1274 7
1275 4
1276 3
1277 4
1278 7
1279 7
1280 4
1281 1
1282 8
1283 10
1284 6
1285 9
1286 3
1287 11
1288 6
1289 5
1290 7
1291 8
1292 12
1293 5
1294 5
1295 5
1296 9
1297 6
1298 9
1299 3
1300 9
1301 7
1302 4
1303 5
1304 4
1305 7
1306 4
1307 10
1308 9
1309 16
1310 9
1311 10
1312 9
1313 9
1314 4
1315 12
1316 6
1317 9
1318 8
1319 5
1320 6
1321 9
1322 12
1323 9
1324 4
1325 12
1326 6
1327 5
1328 8
1329 9
1330 7
1331 13
1332 5
1333 11
1334 8
1335 7
1336 6
1337 7
1338 5
1339 5
1340 2
1341 5
1342 5
1343 4
1344 9
1345 7
1346 3
1347 5
1348 3
1349 4
1350 5
1351 5
1352 10
1353 7
1354 7
1355 4
1356 4
1357 3
1358 6
1359 3
1360 5
1361 2
1362 4
1363 4
1364 3
1365 2
1366 5
1367 6
1368 2
1369 5
1370 2
1371 1
1372 4
1373 2
1374 5
1375 3
1376 2
1377 2
1378 6
1379 3
1380 3
1381 2
1382 1
1383 4
1384 1
1385 1
1386 4
1387 4
1388 1
1389 1
1390 3
1391 3
1392 2
1393 2
1394 3
1395 3
1396 1
1397 2
1398 3
1399 4
1400 3
1401 1
1402 2
1403 2
1404 4
1405 4
1406 1
1407 1
1408 2
1409 1
1410 3
1411 1
1412 2
1413 1
1414 2
1415 3
1416 1
1417 1
1418 1
1419 2
1420 2
1421 3
1422 1
1423 1
1424 3
1425 0
1426 0
1427 0
1428 2
1429 2
1430 1
1431 1
1432 0
1433 5
1434 1
1435 2
1436 1
1437 1
1438 2
1439 2
1440 1
1441 2
1442 2
1443 1
1444 4
1445 2
1446 2
1447 4
1448 3
1449 2
1450 4
1451 0
1452 4
1453 2
1454 2
1455 1
1456 3
1457 3
1458 2
1459 4
1460 2
1461 6
1462 5
1463 3
1464 3
1465 3
1466 2
1467 4
1468 1
1469 0
1470 2
1471 5
1472 1
1473 1
1474 4
1475 1
1476 2
1477 3
1478 2
1479 1
1480 2
1481 4
1482 2
1483 1
1484 4
1485 4
1486 2
1487 3
1488 5
1489 1
1490 1
1491 3
1492 2
1493 1
1494 5
1495 0
1496 2
1497 1
1498 1
1499 0
1500 2
1501 2
1502 2
1503 2
1504 2
1505 2
1506 1
1507 1
1508 1
1509 1
1510 2
1511 1
1512 1
1513 0
1514 1
1515 0
1516 1
1517 2
1518 0
1519 1
1520 1
1521 1
1522 0
1523 0
1524 0
1525 0
1526 1
1527 1
1528 1
1529 1
1530 0
1531 0
1532 1
1533 1
1534 1
1535 0
1536 1
1537 0
1538 1
1539 0
1540 0
1541 0
1542 0
1543 0
1544 0
1545 0
1546 0
1547 1
1548 0
1549 1
1550 0
1551 0
1552 0
1553 0
1554 0
1555 0
1556 0
1557 0
1558 0
1559 0
1560 0
1561 0
1562 0
1563 0
1564 0
1565 0
1566 0
1567 0
1568 1
1569 0
1570 0
1571 0
1572 0
1573 0
1574 0
1575 0
1576 0
1577 0
1578 0
1579 0
1580 0
1581 0
1582 0
1583 0
1584 0
1585 0
1586 0
1587 0
1588 0
1589 0
1590 0
1591 0
1592 0
1593 0
1594 0
1595 0
1596 0
1597 1
1598 0
1599 0
1600 0
1601 0
1602 0
1603 0
1604 0
1605 1
1606 0
1607 0
1608 0
1609 0
1610 0
1611 0
1612 0
1613 0
1614 0
1615 0
1616 0
1617 0
1618 0
1619 0
1620 0
1621 0
1622 0
1623 0
1624 1
1625 0
1626 0
1627 0
1628 0
1629 0
1630 0
1631 0
1632 0
1633 0
1634 0
1635 0
1636 0
1637 0
1638 1
1639 0
1640 0
1641 0
1642 0
1643 0
1644 0
1645 0
1646 0
1647 0
1648 0
1649 0
1650 1
1651 0
1652 0
1653 0
1654 0
1655 0
1656 0
1657 0
1658 0
1659 0
1660 0
1661 0
1662 0
1663 0
1664 0
1665 0
1666 0
1667 0
1668 0
1669 0
1670 0
1671 0
1672 0
1673 0
1674 0
1675 0
1676 0
1677 0
1678 0
1679 0
1680 0
1681 0
1682 0
1683 0
1684 0
1685 0
1686 0
1687 0
1688 0
1689 0
1690 0
1691 0
1692 0
1693 1
1694 0
1695 0
1696 0
1697 0
1698 0
1699 0
1700 1
1701 0
1702 0
1703 0
1704 0
1705 0
1706 0
1707 0
1708 0
1709 0
1710 0
1711 0
1712 0
1713 0
1714 0
1715 0
1716 0
1717 0
1718 0
1719 0
1720 0
1721 0
1722 0
1723 0
1724 0
1725 0
1726 0
1727 0
1728 0
1729 0
1730 0
1731 0
1732 0
1733 0
1734 0
1735 0
1736 0
1737 0
1738 0
1739 0
1740 0
1741 0
1742 0
1743 0
1744 0
1745 0
1746 0
1747 0
1748 0
1749 0
1750 1
1751 0
1752 1
1753 0
1754 0
1755 0
1756 0
1757 0
1758 0
1759 0
1760 0
1761 0
1762 0
1763 0
1764 1
1765 0
1766 0
1767 0
1768 0
1769 0
1770 0
1771 0
1772 0
1773 0
1774 0
1775 0
1776 0
1777 0
1778 0
1779 0
1780 0
1781 0
1782 0
1783 0
1784 0
1785 0
1786 0
1787 0
1788 0
1789 0
1790 0
1791 0
1792 0
1793 0
1794 0
1795 0
1796 0
1797 0
1798 0
1799 0
1800 0
1801 0
1802 0
1803 0
1804 0
1805 0
1806 0
1807 0
1808 0
1809 0
1810 0
1811 0
1812 0
1813 0
1814 0
1815 0
1816 1
1817 0
1818 0
1819 0
1820 0
1821 0
1822 0
1823 0
1824 0
1825 0
1826 0
1827 0
1828 1
1829 0
1830 0
1831 0
1832 0
1833 0
1834 0
1835 1
1836 0
1837 0
1838 0
1839 0
1840 0
1841 0
1842 0
1843 0
1844 0
1845 0
1846 0
1847 0
1848 0
1849 0
1850 0
1851 0
1852 0
1853 0
1854 0
1855 0
1856 0
1857 0
1858 0
1859 0
1860 0
1861 0
1862 0
1863 0
1864 0
1865 1
1866 0
1867 0
1868 0
1869 0
1870 0
1871 0
1872 0
1873 0
1874 0
1875 0
1876 0
1877 0
1878 0
1879 0
1880 0
1881 0
1882 0
1883 0
1884 0
1885 0
1886 0
1887 0
1888 0
1889 0
1890 1
1891 0
1892 0
1893 0
1894 1
1895 0
1896 0
1897 0
1898 0
1899 0
1900 0
1901 0
1902 0
1903 0
1904 0
1905 0
1906 0
1907 0
1908 0
1909 0
1910 0
1911 0
1912 0
1913 0
1914 0
1915 0
1916 0
1917 0
1918 0
1919 0
1920 0
1921 0
1922 0
1923 0
1924 0
1925 0
1926 0
1927 0
1928 0
1929 1
1930 0
1931 0
1932 0
1933 0
1934 0
1935 0
1936 0
1937 0
1938 0
1939 0
1940 0
1941 0
1942 0
1943 0
1944 0
1945 0
1946 0
1947 0
1948 0
1949 0
1950 0
1951 1
1952 0
1953 0
1954 0
1955 0
1956 0
1957 0
1958 1
1959 0
1960 0
1961 0
1962 0
1963 0
1964 0
1965 0
1966 0
1967 0
1968 0
1969 0
1970 0
1971 0
1972 0
1973 0
1974 0
1975 0
1976 0
1977 0
1978 0
1979 0
1980 0
1981 0
1982 0
1983 0
1984 0
1985 0
1986 0
1987 0
1988 0
1989 0
1990 0
1991 0
1992 0
1993 0
1994 0
1995 0
1996 0
1997 0
1998 0
1999 0
2000 0
2001 0
2002 0
2003 0
2004 0
2005 0
2006 0
2007 0
2008 0
2009 0
2010 0
2011 0
2012 0
2013 0
2014 0
2015 0
2016 0
2017 0
2018 0
2019 0
2020 0
2021 0
2022 0
2023 0
2024 0
2025 0
2026 0
2027 0
2028 0
2029 0
2030 0
2031 0
2032 0
2033 0
2034 0
2035 0
2036 0
2037 0
2038 0
2039 0
2040 0
2041 0
2042 0
2043 0
2044 0
2045 0
2046 0
2047 0
