# Dead time factor = 1.00000
0 0
1 0
2 0
3 0
4 0
5 0
6 0
7 0
8 0
9 0
10 0
11 0
12 0
13 0
14 0
15 0
16 0
17 20
18 120
19 99
20 119
21 113
22 139
23 130
24 99
25 118
26 111
27 122
28 123
29 137
30 128
31 155
32 141
33 132
34 146
35 150
36 146
37 135
38 137
39 135
40 133
41 114
42 128
43 126
44 135
45 126
46 126
47 101
48 133
49 128
50 125
51 125
52 131
53 133
54 122
55 122
56 130
57 141
58 133
59 126
60 117
61 135
62 114
63 122
64 122
65 120
66 115
67 119
68 137
69 133
70 135
71 145
72 164
73 155
74 160
75 158
76 158
77 168
78 151
79 159
80 163
81 144
82 150
83 118
84 119
85 149
86 124
87 107
88 131
89 105
90 118
91 131
92 113
93 110
94 103
95 130
96 120
97 114
98 95
99 104
100 92
101 106
102 98
103 100
104 77
105 74
106 89
107 105
108 92
109 113
110 91
111 85
112 93
113 74
114 74
115 95
116 104
117 103
118 86
119 75
120 88
121 80
122 87
123 92
124 104
125 84
126 79
127 87
128 83
129 81
130 81
131 94
132 86
133 70
134 94
135 79
136 83
137 79
138 89
139 88
140 77
141 89
142 78
143 86
144 102
145 102
146 93
147 119
148 119
149 131
150 134
151 138
152 166
153 159
154 169
155 187
156 157
157 167
158 174
159 151
160 141
161 124
162 105
163 146
164 111
165 105
166 109
167 82
168 94
169 78
170 111
171 86
172 86
173 85
174 70
175 83
176 71
177 84
178 67
179 69
180 61
181 72
182 81
183 63
184 58
185 67
186 80
187 86
188 76
189 67
190 80
191 67
192 81
193 63
194 74
195 59
196 66
197 47
198 70
199 78
200 55
201 75
202 45
203 69
204 73
205 66
206 62
207 63
208 82
209 62
210 73
211 64
212 60
213 65
214 70
215 62
216 67
217 60
218 85
219 69
220 59
221 58
222 73
223 54
224 64
225 55
226 57
227 47
228 72
229 72
230 52
231 74
232 61
233 66
234 71
235 57
236 59
237 72
238 42
239 79
240 56
241 68
242 55
243 65
244 60
245 63
246 58
247 57
248 58
249 55
250 64
251 66
252 40
253 50
254 46
255 71
256 53
257 62
258 67
259 69
260 44
261 59
262 57
263 76
264 63
265 48
266 40
267 55
268 38
269 55
270 49
271 39
272 66
273 61
274 54
275 59
276 39
277 54
278 51
279 58
280 57
281 50
282 59
283 49
284 45
285 31
286 64
287 57
288 46
289 49
290 48
291 47
292 60
293 59
294 51
295 55
296 42
297 48
298 63
299 50
300 48
301 46
302 55
303 52
304 60
305 50
306 62
307 68
308 56
309 62
310 58
311 66
312 58
313 65
314 55
315 66
316 66
317 68
318 74
319 53
320 56
321 63
322 62
323 63
324 54
325 64
326 63
327 55
328 54
329 35
330 67
331 46
332 46
333 51
334 46
335 53
336 43
337 46
338 40
339 35
340 46
341 45
342 33
343 37
344 34
345 43
346 49
347 55
348 51
349 53
350 51
351 48
352 27
353 52
354 53
355 40
356 36
357 51
358 48
359 39
360 45
361 47
362 38
363 49
364 43
365 40
366 38
367 39
368 38
369 44
370 57
371 47
372 34
373 45
374 45
375 37
376 42
377 36
378 48
379 53
380 43
381 46
382 45
383 47
384 44
385 40
386 45
387 41
388 33
389 36
390 50
391 39
392 42
393 25
394 40
395 47
396 27
397 30
398 51
399 46
400 53
401 45
402 48
403 44
404 29
405 35
406 41
407 46
408 49
409 42
410 45
411 40
412 59
413 33
414 33
415 40
416 37
417 41
418 44
419 37
420 48
421 42
422 43
423 48
424 45
425 37
426 33
427 40
428 44
429 40
430 43
431 41
432 43
433 36
434 34
435 32
436 34
437 27
438 52
439 42
440 40
441 45
442 52
443 40
444 34
445 35
446 22
447 47
448 30
449 42
450 46
451 48
452 44
453 46
454 36
455 39
456 44
457 42
458 39
459 34
460 37
461 42
462 52
463 46
464 32
465 35
466 39
467 29
468 37
469 34
470 47
471 39
472 42
473 50
474 29
475 50
476 35
477 39
478 44
479 40
480 44
481 25
482 46
483 30
484 35
485 34
486 45
487 45
488 38
489 30
490 36
491 52
492 41
493 36
494 43
495 44
496 33
497 41
498 25
499 37
500 41
501 33
502 45
503 33
504 47
505 27
506 42
507 25
508 51
509 27
510 41
511 37
512 32
513 29
514 40
515 38
516 41
517 48
518 39
519 44
520 37
521 32
522 37
523 38
524 36
525 35
526 42
527 55
528 43
529 37
530 33
531 41
532 35
533 47
534 34
535 47
536 34
537 39
538 34
539 32
540 44
541 26
542 38
543 30
544 38
545 35
546 40
547 47
548 40
549 36
550 30
551 38
552 36
553 37
554 46
555 30
556 43
557 43
558 39
559 42
560 39
561 41
562 39
563 50
564 32
565 28
566 43
567 42
568 39
569 38
570 47
571 31
572 46
573 35
574 48
575 42
576 43
577 37
578 36
579 27
580 36
581 45
582 38
583 43
584 43
585 32
586 37
587 36
588 37
589 38
590 42
591 35
592 40
593 38
594 38
595 43
596 37
597 31
598 41
599 48
600 34
601 34
602 44
603 44
604 26
605 31
606 41
607 34
608 34
609 42
610 45
611 50
612 33
613 40
614 36
615 42
616 40
617 40
618 40
619 39
620 39
621 47
622 40
623 29
624 39
625 35
626 48
627 34
628 34
629 37
630 41
631 39
632 28
633 47
634 42
635 44
636 33
637 41
638 37
639 38
640 41
641 25
642 40
643 47
644 36
645 25
646 30
647 32
648 45
649 27
650 36
651 40
652 29
653 45
654 50
655 41
656 24
657 47
658 29
659 34
660 28
661 33
662 38
663 43
664 36
665 34
666 37
667 30
668 39
669 38
670 41
671 50
672 43
673 49
674 40
675 46
676 43
677 40
678 41
679 34
680 47
681 30
682 37
683 42
684 32
685 36
686 47
687 38
688 55
689 45
690 47
691 44
692 37
693 36
694 33
695 38
696 37
697 31
698 51
699 52
700 38
701 32
702 31
703 38
704 33
705 44
706 34
707 40
708 47
709 35
710 49
711 42
712 49
713 40
714 38
715 47
716 42
717 30
718 44
719 57
720 42
721 45
722 49
723 37
724 44
725 36
726 36
727 46
728 36
729 36
730 24
731 46
732 40
733 37
734 45
735 43
736 40
737 43
738 33
739 36
740 43
741 40
742 40
743 35
744 41
745 54
746 30
747 44
748 33
749 41
750 32
751 42
752 41
753 45
754 43
755 38
756 41
757 43
758 39
759 45
760 45
761 40
762 50
763 42
764 45
765 52
766 55
767 42
768 40
769 37
770 37
771 43
772 50
773 52
774 48
775 42
776 47
777 48
778 51
779 46
780 46
781 44
782 38
783 46
784 37
785 45
786 37
787 44
788 42
789 44
790 35
791 33
792 58
793 32
794 47
795 35
796 42
797 54
798 43
799 43
800 51
801 43
802 36
803 54
804 46
805 46
806 47
807 45
808 43
809 37
810 61
811 40
812 55
813 44
814 50
815 50
816 45
817 48
818 41
819 47
820 34
821 55
822 43
823 57
824 46
825 50
826 60
827 35
828 59
829 46
830 35
831 38
832 43
833 45
834 44
835 50
836 51
837 48
838 38
839 57
840 42
841 58
842 41
843 35
844 38
845 35
846 50
847 46
848 39
849 32
850 40
851 50
852 47
853 47
854 35
855 36
856 39
857 37
858 55
859 52
860 54
861 46
862 58
863 54
864 40
865 43
866 45
867 54
868 52
869 29
870 41
871 58
872 43
873 40
874 51
875 46
876 43
877 50
878 42
879 51
880 43
881 42
882 51
883 37
884 55
885 50
886 52
887 40
888 50
889 49
890 30
891 47
892 48
893 42
894 30
895 47
896 58
897 46
898 46
899 52
900 56
901 57
902 46
903 41
904 63
905 48
906 54
907 46
908 54
909 53
910 42
911 48
912 42
913 63
914 48
915 43
916 56
917 52
918 50
919 40
920 52
921 55
922 51
923 46
924 48
925 42
926 60
927 62
928 61
929 51
930 71
931 55
932 54
933 52
934 57
935 52
936 65
937 57
938 65
939 55
940 37
941 50
942 54
943 61
944 72
945 60
946 52
947 53
948 60
949 57
950 56
951 76
952 63
953 55
954 70
955 68
956 59
957 75
958 63
959 61
960 59
961 65
962 69
963 69
964 55
965 70
966 64
967 56
968 70
969 87
970 61
971 69
972 66
973 71
974 61
975 65
976 49
977 80
978 79
979 70
980 58
981 67
982 77
983 79
984 71
985 68
986 82
987 69
988 74
989 60
990 62
991 75
992 79
993 79
994 71
995 76
996 76
997 74
998 69
999 66
1000 80
1001 87
1002 90
1003 57
1004 84
1005 78
1006 71
1007 78
1008 62
1009 71
1010 81
1011 78
1012 106
1013 78
1014 92
1015 89
1016 73
1017 103
1018 97
1019 82
1020 78
1021 74
1022 75
1023 88
1024 101
1025 88
1026 81
1027 79
1028 86
1029 99
1030 101
1031 75
1032 100
1033 85
1034 97
1035 90
1036 92
1037 88
1038 92
1039 77
1040 101
1041 83
1042 86
1043 96
1044 100
1045 81
1046 94
1047 91
1048 72
1049 79
1050 89
1051 98
1052 78
1053 68
1054 82
1055 88
1056 90
1057 88
1058 89
1059 82
1060 86
1061 96
1062 85
1063 78
1064 89
1065 79
1066 89
1067 80
1068 88
1069 90
1070 73
1071 81
1072 87
1073 83
1074 64
1075 101
1076 86
1077 73
1078 71
1079 71
1080 81
1081 95
1082 85
1083 104
1084 89
1085 77
1086 86
1087 76
1088 84
1089 101
1090 71
1091 84
1092 85
1093 86
1094 79
1095 88
1096 74
1097 79
1098 94
1099 76
1100 95
1101 75
1102 94
1103 117
1104 112
1105 104
1106 113
1107 76
1108 81
1109 87
1110 88
1111 88
1112 106
1113 92
1114 87
1115 105
1116 95
1117 95
1118 112
1119 112
1120 116
1121 123
1122 114
1123 113
1124 116
1125 116
1126 114
1127 103
1128 127
1129 90
1130 132
1131 125
1132 116
1133 103
1134 115
1135 140
1136 126
1137 113
1138 123
1139 134
1140 114
1141 146
1142 117
1143 138
1144 132
1145 122
1146 127
1147 129
1148 118
1149 143
1150 143
1151 135
1152 142
1153 139
1154 119
1155 134
1156 121
1157 141
1158 138
1159 113
1160 131
1161 122
1162 143
1163 140
1164 140
1165 153
1166 134
1167 121
1168 136
1169 142
1170 119
1171 119
1172 141
1173 139
1174 132
1175 160
1176 129
1177 144
1178 141
1179 126
1180 131
1181 137
1182 159
1183 130
1184 155
1185 157
1186 136
1187 106
1188 143
1189 130
1190 139
1191 150
1192 140
1193 131
1194 145
1195 126
1196 142
1197 145
1198 133
1199 116
1200 121
1201 115
1202 120
1203 128
1204 144
1205 139
1206 114
1207 122
1208 121
1209 129
1210 117
1211 105
1212 120
1213 104
1214 113
1215 125
1216 100
1217 110
1218 117
1219 105
1220 103
1221 122
1222 99
1223 102
1224 101
1225 89
1226 93
1227 102
1228 74
1229 98
1230 98
1231 79
1232 109
1233 110
1234 97
1235 84
1236 94
1237 94
1238 90
1239 93
1240 96
1241 80
1242 95
1243 93
1244 103
1245 73
1246 107
1247 104
1248 95
1249 87
1250 94
1251 94
1252 76
1253 90
1254 89
1255 73
1256 83
1257 73
1258 97
1259 104
1260 110
1261 106
1262 103
1263 86
1264 92
1265 100
1266 104
1267 100
1268 99
1269 116
1270 96
1271 106
1272 118
1273 99
1274 102
1275 129
1276 98
1277 102
1278 109
1279 128
1280 110
1281 132
1282 112
1283 139
1284 132
1285 107
1286 138
1287 109
1288 106
1289 134
1290 128
1291 132
1292 153
1293 162
1294 124
1295 139
1296 146
1297 130
1298 123
1299 126
1300 135
1301 149
1302 140
1303 129
1304 136
1305 148
1306 150
1307 131
1308 162
1309 141
1310 143
1311 135
1312 155
1313 152
1314 153
1315 167
1316 166
1317 131
1318 138
1319 159
1320 154
1321 163
1322 152
1323 155
1324 177
1325 144
1326 136
1327 139
1328 151
1329 131
1330 134
1331 152
1332 137
1333 150
1334 139
1335 160
1336 152
1337 134
1338 132
1339 145
1340 136
1341 140
1342 130
1343 122
1344 115
1345 133
1346 118
1347 141
1348 108
1349 147
1350 113
1351 105
1352 118
1353 103
1354 119
1355 102
1356 112
1357 102
1358 99
1359 93
1360 107
1361 85
1362 79
1363 86
1364 94
1365 83
1366 82
1367 105
1368 81
1369 82
1370 72
1371 67
1372 69
1373 74
1374 69
1375 64
1376 65
1377 57
1378 71
1379 61
1380 77
1381 61
1382 53
1383 57
1384 57
1385 52
1386 39
1387 52
1388 44
1389 39
1390 38
1391 46
1392 34
1393 40
1394 47
1395 43
1396 29
1397 37
1398 35
1399 35
1400 29
1401 41
1402 41
1403 24
1404 41
1405 31
1406 27
1407 46
1408 48
1409 30
1410 37
1411 22
1412 33
1413 25
1414 31
1415 35
1416 32
1417 26
1418 38
1419 34
1420 37
1421 26
1422 51
1423 28
1424 28
1425 32
1426 31
1427 22
1428 35
1429 39
1430 23
1431 38
1432 32
1433 33
1434 28
1435 27
1436 34
1437 27
1438 27
1439 30
1440 42
1441 45
1442 24
1443 37
1444 32
1445 30
1446 36
1447 46
1448 37
1449 38
1450 33
1451 36
1452 41
1453 46
1454 39
1455 23
1456 58
1457 47
1458 30
1459 33
1460 42
1461 42
1462 43
1463 38
1464 33
1465 44
1466 40
1467 34
1468 45
1469 38
1470 40
1471 33
1472 31
1473 48
1474 43
1475 43
1476 37
1477 41
1478 38
1479 35
1480 48
1481 44
1482 35
1483 42
1484 37
1485 27
1486 41
1487 38
1488 40
1489 38
1490 40
1491 29
1492 47
1493 37
1494 27
1495 31
1496 33
1497 25
1498 27
1499 28
1500 30
1501 28
1502 26
1503 27
1504 27
1505 11
1506 25
1507 21
1508 15
1509 14
1510 27
1511 19
1512 19
1513 24
1514 14
1515 20
1516 21
1517 16
1518 14
1519 10
1520 14
1521 14
1522 13
1523 6
1524 9
1525 12
1526 15
1527 8
1528 11
1529 11
1530 7
1531 12
1532 11
1533 6
1534 7
1535 11
1536 5
1537 7
1538 7
1539 6
1540 2
1541 9
1542 2
1543 3
1544 1
1545 2
1546 3
1547 4
1548 1
1549 6
1550 4
1551 1
1552 3
1553 1
1554 4
1555 4
1556 2
1557 2
1558 1
1559 2
1560 1
1561 3
1562 2
1563 2
1564 3
1565 1
1566 1
1567 2
1568 2
1569 1
1570 3
1571 2
1572 0
1573 4
1574 2
1575 1
1576 3
1577 4
1578 0
1579 1
1580 0
1581 0
1582 3
1583 0
1584 3
1585 2
1586 3
1587 0
1588 5
1589 1
1590 2
1591 2
1592 0
1593 3
1594 3
1595 1
1596 0
1597 1
1598 1
1599 1
1600 0
1601 1
1602 1
1603 1
1604 3
1605 1
1606 2
1607 1
1608 0
1609 1
1610 1
1611 1
1612 0
1613 1
1614 1
1615 2
1616 0
1617 2
1618 0
1619 2
1620 2
1621 0
1622 0
1623 1
1624 2
1625 1
1626 1
1627 1
1628 2
1629 3
1630 2
1631 4
1632 0
1633 0
1634 2
1635 0
1636 0
1637 4
1638 4
1639 0
1640 1
1641 2
1642 1
1643 3
1644 1
1645 1
1646 2
1647 2
1648 1
1649 1
1650 0
1651 1
1652 2
1653 0
1654 1
1655 1
1656 0
1657 1
1658 2
1659 2
1660 2
1661 0
1662 0
1663 1
1664 2
1665 1
1666 2
1667 1
1668 3
1669 1
1670 3
1671 2
1672 2
1673 4
1674 1
1675 3
1676 4
1677 2
1678 2
1679 4
1680 2
1681 1
1682 4
1683 1
1684 0
1685 3
1686 2
1687 0
1688 0
1689 1
1690 2
1691 1
1692 0
1693 2
1694 4
1695 2
1696 4
1697 4
1698 2
1699 0
1700 0
1701 2
1702 1
1703 2
1704 2
1705 1
1706 1
1707 4
1708 0
1709 2
1710 2
1711 3
1712 1
1713 3
1714 2
1715 2
1716 2
1717 0
1718 0
1719 2
1720 1
1721 3
1722 0
1723 2
1724 1
1725 0
1726 0
1727 2
1728 1
1729 0
1730 4
1731 2
1732 1
1733 1
1734 1
1735 1
1736 0
1737 2
1738 3
1739 0
1740 3
1741 2
1742 1
1743 1
1744 0
1745 1
1746 1
1747 1
1748 1
1749 4
1750 2
1751 2
1752 2
1753 2
1754 3
1755 3
1756 1
1757 0
1758 1
1759 0
1760 1
1761 1
1762 0
1763 6
1764 1
1765 1
1766 0
1767 0
1768 2
1769 2
1770 3
1771 2
1772 1
1773 3
1774 3
1775 2
1776 3
1777 1
1778 2
1779 1
1780 0
1781 1
1782 1
1783 0
1784 2
1785 1
1786 2
1787 2
1788 1
1789 0
1790 1
1791 2
1792 1
1793 3
1794 0
1795 3
1796 2
1797 1
1798 1
1799 3
1800 1
1801 3
1802 3
1803 2
1804 2
1805 2
1806 1
1807 1
1808 0
1809 4
1810 0
1811 1
1812 1
1813 2
1814 1
1815 3
1816 2
1817 2
1818 3
1819 1
1820 3
1821 5
1822 3
1823 1
1824 0
1825 1
1826 0
1827 2
1828 1
1829 2
1830 0
1831 0
1832 1
1833 2
1834 3
1835 1
1836 1
1837 4
1838 0
1839 3
1840 0
1841 1
1842 2
1843 2
1844 1
1845 1
1846 0
1847 3
1848 8
1849 1
1850 2
1851 1
1852 1
1853 3
1854 1
1855 1
1856 1
1857 2
1858 2
1859 2
1860 0
1861 1
1862 1
1863 3
1864 0
1865 2
1866 2
1867 2
1868 1
1869 1
1870 0
1871 0
1872 1
1873 2
1874 1
1875 0
1876 1
1877 2
1878 1
1879 0
1880 1
1881 0
1882 0
1883 0
1884 0
1885 0
1886 0
1887 2
1888 4
1889 1
1890 1
1891 1
1892 1
1893 0
1894 1
1895 2
1896 0
1897 0
1898 1
1899 1
1900 3
1901 2
1902 3
1903 0
1904 1
1905 0
1906 0
1907 2
1908 2
1909 0
1910 0
1911 1
1912 2
1913 1
1914 0
1915 0
1916 1
1917 2
1918 1
1919 1
1920 4
1921 1
1922 0
1923 0
1924 4
1925 0
1926 1
1927 2
1928 0
1929 0
1930 2
1931 0
1932 0
1933 0
1934 1
1935 0
1936 0
1937 2
1938 1
1939 0
1940 0
1941 0
1942 0
1943 1
1944 0
1945 2
1946 1
1947 1
1948 0
1949 0
1950 2
1951 1
1952 0
1953 1
1954 2
1955 2
1956 0
1957 1
1958 0
1959 0
1960 1
1961 3
1962 1
1963 0
1964 1
1965 1
1966 3
1967 1
1968 1
1969 0
1970 0
1971 1
1972 1
1973 1
1974 0
1975 1
1976 1
1977 0
1978 0
1979 2
1980 0
1981 1
1982 1
1983 0
1984 2
1985 1
1986 0
1987 0
1988 0
1989 1
1990 0
1991 1
1992 0
1993 2
1994 1
1995 0
1996 1
1997 2
1998 1
1999 1
2000 0
2001 1
2002 1
2003 2
2004 0
2005 0
2006 1
2007 0
2008 0
2009 0
2010 3
2011 1
2012 1
2013 1
2014 2
2015 1
2016 1
2017 1
2018 0
2019 1
2020 0
2021 0
2022 0
2023 0
2024 0
2025 1
2026 0
2027 0
2028 0
2029 0
2030 0
2031 0
2032 0
2033 0
2034 0
2035 0
2036 0
2037 0
2038 0
2039 0
2040 0
2041 0
2042 0
2043 0
2044 0
2045 0
2046 0
2047 0
