# Dead time factor = 1.00000
0 0
1 0
2 0
3 0
4 0
5 0
6 0
7 0
8 0
9 0
10 0
11 0
12 0
13 0
14 0
15 0
16 0
17 4
18 14
19 10
20 12
21 10
22 15
23 10
24 11
25 9
26 4
27 8
28 13
29 11
30 8
31 12
32 12
33 5
34 6
35 3
36 4
37 7
38 6
39 4
40 10
41 5
42 4
43 5
44 11
45 13
46 5
47 4
48 7
49 4
50 5
51 1
52 7
53 8
54 5
55 7
56 3
57 12
58 8
59 7
60 5
61 3
62 7
63 6
64 7
65 6
66 6
67 5
68 1
69 3
70 8
71 4
72 4
73 3
74 4
75 6
76 5
77 4
78 8
79 3
80 4
81 4
82 3
83 2
84 2
85 3
86 3
87 6
88 7
89 4
90 7
91 1
92 2
93 2
94 4
95 3
96 6
97 3
98 2
99 2
100 1
101 3
102 1
103 2
104 5
105 3
106 3
107 0
108 1
109 8
110 4
111 4
112 4
113 1
114 5
115 4
116 1
117 2
118 2
119 4
120 1
121 2
122 3
123 3
124 5
125 6
126 1
127 2
128 5
129 3
130 1
131 3
132 2
133 3
134 0
135 1
136 2
137 3
138 3
139 3
140 6
141 2
142 3
143 1
144 6
145 5
146 3
147 3
148 3
149 4
150 2
151 4
152 5
153 3
154 2
155 2
156 3
157 3
158 8
159 2
160 1
161 2
162 5
163 1
164 2
165 2
166 2
167 3
168 2
169 3
170 3
171 2
172 1
173 1
174 1
175 0
176 6
177 6
178 2
179 2
180 2
181 3
182 4
183 3
184 3
185 2
186 0
187 2
188 0
189 3
190 1
191 1
192 1
193 0
194 2
195 1
196 2
197 1
198 0
199 2
200 1
201 1
202 3
203 4
204 2
205 0
206 1
207 2
208 1
209 0
210 0
211 0
212 0
213 0
214 1
215 2
216 0
217 0
218 0
219 3
220 2
221 4
222 0
223 1
224 0
225 0
226 4
227 1
228 2
229 0
230 0
231 0
232 3
233 2
234 2
235 1
236 0
237 1
238 1
239 0
240 3
241 0
242 1
243 0
244 1
245 0
246 0
247 0
248 1
249 4
250 2
251 0
252 1
253 0
254 3
255 4
256 1
257 2
258 0
259 1
260 0
261 1
262 3
263 0
264 5
265 0
266 1
267 1
268 2
269 1
270 1
271 0
272 1
273 2
274 0
275 1
276 1
277 0
278 3
279 0
280 4
281 0
282 3
283 1
284 1
285 1
286 3
287 0
288 2
289 2
290 1
291 2
292 1
293 0
294 0
295 0
296 0
297 2
298 2
299 3
300 2
301 4
302 2
303 0
304 1
305 1
306 0
307 0
308 0
309 2
310 0
311 0
312 1
313 0
314 1
315 3
316 3
317 1
318 0
319 2
320 2
321 2
322 0
323 0
324 0
325 0
326 0
327 2
328 0
329 1
330 0
331 2
332 0
333 1
334 1
335 0
336 2
337 4
338 2
339 0
340 1
341 0
342 1
343 1
344 0
345 0
346 0
347 2
348 1
349 1
350 0
351 0
352 3
353 1
354 1
355 0
356 0
357 1
358 1
359 1
360 1
361 0
362 1
363 2
364 1
365 0
366 2
367 0
368 1
369 0
370 3
371 0
372 0
373 0
374 0
375 2
376 0
377 2
378 0
379 3
380 1
381 1
382 0
383 1
384 1
385 1
386 2
387 0
388 2
389 1
390 3
391 0
392 0
393 3
394 0
395 0
396 2
397 0
398 2
399 0
400 0
401 0
402 1
403 1
404 1
405 1
406 3
407 2
408 3
409 2
410 0
411 0
412 0
413 1
414 0
415 1
416 2
417 0
418 0
419 0
420 0
421 0
422 1
423 0
424 2
425 1
426 0
427 0
428 0
429 1
430 2
431 1
432 0
433 1
434 0
435 0
436 1
437 1
438 2
439 0
440 0
441 2
442 2
443 2
444 2
445 1
446 0
447 1
448 2
449 1
450 1
451 2
452 0
453 0
454 0
455 0
456 0
457 2
458 0
459 0
460 0
461 2
462 1
463 1
464 0
465 0
466 1
467 0
468 0
469 1
470 3
471 0
472 1
473 1
474 1
475 0
476 2
477 0
478 0
479 0
480 0
481 0
482 0
483 2
484 2
485 0
486 1
487 0
488 0
489 0
490 0
491 2
492 2
493 1
494 0
495 0
496 2
497 3
498 3
499 0
500 0
501 1
502 3
503 1
504 1
505 1
506 1
507 0
508 0
509 2
510 0
511 0
512 1
513 0
514 0
515 1
516 0
517 0
518 1
519 0
520 0
521 1
522 0
523 1
524 0
525 0
526 0
527 1
528 0
529 1
530 1
531 0
532 1
533 1
534 0
535 0
536 0
537 1
538 1
539 0
540 2
541 0
542 1
543 1
544 0
545 0
546 2
547 0
548 0
549 2
550 3
551 0
552 0
553 0
554 2
555 0
556 0
557 1
558 2
559 0
560 0
561 1
562 2
563 1
564 0
565 0
566 0
567 1
568 3
569 1
570 0
571 0
572 0
573 0
574 0
575 0
576 0
577 1
578 1
579 1
580 0
581 1
582 2
583 1
584 0
585 0
586 0
587 0
588 0
589 0
590 0
591 1
592 1
593 0
594 0
595 0
596 0
597 0
598 0
599 0
600 0
601 1
602 1
603 0
604 1
605 3
606 1
607 0
608 0
609 1
610 0
611 0
612 0
613 0
614 0
615 0
616 1
617 0
618 1
619 0
620 1
621 3
622 0
623 1
624 2
625 1
626 0
627 0
628 0
629 0
630 1
631 1
632 0
633 1
634 0
635 0
636 1
637 1
638 1
639 1
640 0
641 1
642 0
643 1
644 0
645 0
646 1
647 0
648 0
649 0
650 0
651 0
652 0
653 0
654 0
655 0
656 0
657 1
658 0
659 0
660 0
661 0
662 0
663 0
664 1
665 0
666 2
667 1
668 0
669 0
670 0
671 1
672 2
673 1
674 0
675 0
676 0
677 1
678 0
679 0
680 1
681 0
682 3
683 0
684 1
685 1
686 1
687 1
688 1
689 0
690 0
691 0
692 1
693 1
694 0
695 1
696 0
697 1
698 1
699 0
700 0
701 0
702 2
703 0
704 3
705 0
706 0
707 0
708 1
709 1
710 0
711 0
712 2
713 1
714 1
715 0
716 2
717 0
718 0
719 0
720 1
721 1
722 2
723 0
724 0
725 0
726 0
727 0
728 0
729 0
730 0
731 0
732 1
733 0
734 1
735 1
736 2
737 0
738 0
739 2
740 1
741 0
742 0
743 1
744 1
745 0
746 3
747 0
748 0
749 1
750 0
751 0
752 0
753 0
754 0
755 1
756 1
757 0
758 1
759 0
760 0
761 0
762 0
763 1
764 1
765 2
766 0
767 0
768 0
769 0
770 1
771 0
772 1
773 2
774 1
775 1
776 1
777 1
778 0
779 0
780 1
781 0
782 1
783 1
784 1
785 0
786 0
787 1
788 0
789 0
790 0
791 1
792 0
793 1
794 0
795 0
796 3
797 1
798 0
799 1
800 0
801 0
802 0
803 0
804 1
805 0
806 1
807 1
808 1
809 0
810 1
811 1
812 0
813 0
814 0
815 0
816 1
817 0
818 0
819 0
820 1
821 0
822 0
823 2
824 0
825 1
826 1
827 0
828 0
829 1
830 0
831 0
832 0
833 1
834 2
835 1
836 0
837 0
838 0
839 0
840 1
841 0
842 0
843 0
844 1
845 0
846 0
847 1
848 0
849 0
850 0
851 1
852 1
853 0
854 1
855 0
856 1
857 0
858 2
859 0
860 1
861 1
862 4
863 0
864 0
865 1
866 1
867 0
868 0
869 1
870 0
871 0
872 1
873 1
874 0
875 0
876 1
877 1
878 0
879 0
880 1
881 0
882 0
883 0
884 0
885 0
886 0
887 0
888 0
889 0
890 0
891 1
892 0
893 1
894 1
895 0
896 2
897 0
898 0
899 0
900 1
901 1
902 1
903 0
904 0
905 1
906 0
907 1
908 0
909 1
910 1
911 0
912 0
913 0
914 1
915 1
916 1
917 1
918 0
919 0
920 0
921 1
922 0
923 0
924 1
925 0
926 0
927 2
928 0
929 1
930 1
931 1
932 0
933 0
934 1
935 0
936 0
937 0
938 3
939 0
940 0
941 1
942 2
943 0
944 1
945 1
946 0
947 1
948 1
949 1
950 1
951 0
952 1
953 3
954 0
955 1
956 1
957 1
958 1
959 0
960 1
961 0
962 1
963 2
964 0
965 1
966 1
967 1
968 1
969 0
970 0
971 1
972 0
973 1
974 1
975 1
976 2
977 0
978 2
979 0
980 2
981 0
982 1
983 0
984 0
985 0
986 1
987 0
988 0
989 0
990 1
991 1
992 0
993 2
994 1
995 0
996 1
997 1
998 2
999 0
1000 2
1001 0
1002 3
1003 0
1004 3
1005 2
1006 1
1007 0
1008 2
1009 0
1010 1
1011 2
1012 1
1013 2
1014 0
1015 0
1016 1
1017 1
1018 2
1019 2
1020 0
1021 0
1022 3
1023 2
1024 3
1025 3
1026 1
1027 2
1028 1
1029 1
1030 0
1031 0
1032 0
1033 3
1034 1
1035 0
1036 0
1037 1
1038 1
1039 2
1040 1
1041 1
1042 0
1043 4
1044 2
1045 0
1046 1
1047 1
1048 3
1049 2
1050 1
1051 2
1052 2
1053 4
1054 1
1055 0
1056 2
1057 1
1058 0
1059 1
1060 2
1061 1
1062 0
1063 1
1064 1
1065 0
1066 0
1067 1
1068 1
1069 0
1070 0
1071 4
1072 1
1073 1
1074 0
1075 1
1076 1
1077 0
1078 2
1079 0
1080 0
1081 1
1082 0
1083 1
1084 0
1085 2
1086 2
1087 2
1088 2
1089 0
1090 1
1091 1
1092 0
1093 1
1094 0
1095 0
1096 0
1097 2
1098 2
1099 0
1100 1
1101 1
1102 0
1103 3
1104 4
1105 1
1106 0
1107 2
1108 2
1109 1
1110 1
1111 1
1112 4
1113 0
1114 2
1115 3
1116 0
1117 0
1118 1
1119 1
1120 0
1121 0
1122 1
1123 2
1124 3
1125 1
1126 0
1127 1
1128 1
1129 1
1130 2
1131 2
1132 3
1133 2
1134 3
1135 3
1136 2
1137 1
1138 1
1139 2
1140 1
1141 4
1142 1
1143 0
1144 0
1145 1
1146 2
1147 1
1148 1
1149 0
1150 1
1151 0
1152 2
1153 2
1154 1
1155 0
1156 1
1157 0
1158 2
1159 1
1160 1
1161 1
1162 2
1163 2
1164 0
1165 1
1166 3
1167 2
1168 1
1169 3
1170 1
1171 1
1172 1
1173 0
1174 1
1175 1
1176 0
1177 3
1178 2
1179 1
1180 4
1181 5
1182 2
1183 1
1184 0
1185 4
1186 1
1187 3
1188 4
1189 2
1190 1
1191 1
1192 0
1193 0
1194 1
1195 1
1196 0
1197 0
1198 0
1199 4
1200 2
1201 1
1202 2
1203 0
1204 1
1205 2
1206 1
1207 3
1208 1
1209 1
1210 2
1211 1
1212 0
1213 1
1214 1
1215 1
1216 2
1217 1
1218 0
1219 1
1220 2
1221 0
1222 0
1223 2
1224 3
1225 2
1226 4
1227 2
1228 2
1229 2
1230 2
1231 0
1232 1
1233 1
1234 0
1235 1
1236 0
1237 4
1238 1
1239 5
1240 1
1241 0
1242 0
1243 0
1244 2
1245 1
1246 0
1247 4
1248 1
1249 1
1250 1
1251 2
1252 1
1253 0
1254 1
1255 3
1256 0
1257 0
1258 1
1259 0
1260 2
1261 2
1262 1
1263 1
1264 1
1265 2
1266 1
1267 0
1268 2
1269 1
1270 1
1271 1
1272 0
1273 0
1274 3
1275 1
1276 2
1277 2
1278 0
1279 1
1280 1
1281 1
1282 0
1283 3
1284 2
1285 3
1286 2
1287 0
1288 2
1289 1
1290 0
1291 2
1292 2
1293 0
1294 0
1295 0
1296 3
1297 5
1298 5
1299 3
1300 0
1301 4
1302 0
1303 3
1304 2
1305 1
1306 0
1307 5
1308 0
1309 2
1310 1
1311 0
1312 3
1313 2
1314 3
1315 2
1316 0
1317 3
1318 3
1319 1
1320 1
1321 2
1322 1
1323 3
1324 2
1325 3
1326 1
1327 1
1328 0
1329 1
1330 0
1331 1
1332 2
1333 1
1334 1
1335 4
1336 1
1337 0
1338 0
1339 5
1340 4
1341 0
1342 3
1343 2
1344 2
1345 1
1346 1
1347 1
1348 0
1349 0
1350 0
1351 0
1352 2
1353 0
1354 1
1355 0
1356 3
1357 1
1358 2
1359 2
1360 0
1361 1
1362 0
1363 0
1364 0
1365 1
1366 3
1367 1
1368 3
1369 0
1370 0
1371 0
1372 1
1373 1
1374 0
1375 1
1376 1
1377 0
1378 2
1379 0
1380 1
1381 1
1382 0
1383 1
1384 0
1385 0
1386 2
1387 2
1388 0
1389 0
1390 0
1391 0
1392 0
1393 0
1394 0
1395 0
1396 0
1397 0
1398 0
1399 0
1400 0
1401 1
1402 0
1403 1
1404 0
1405 0
1406 0
1407 1
1408 1
1409 1
1410 1
1411 0
1412 1
1413 0
1414 0
1415 0
1416 2
1417 0
1418 1
1419 0
1420 0
1421 0
1422 0
1423 0
1424 1
1425 0
1426 0
1427 0
1428 0
1429 0
1430 0
1431 0
1432 0
1433 2
1434 3
1435 1
1436 0
1437 0
1438 1
1439 0
1440 1
1441 0
1442 1
1443 1
1444 0
1445 1
1446 0
1447 0
1448 0
1449 1
1450 2
1451 0
1452 1
1453 0
1454 0
1455 0
1456 0
1457 0
1458 0
1459 0
1460 0
1461 1
1462 0
1463 0
1464 1
1465 0
1466 0
1467 0
1468 1
1469 0
1470 0
1471 0
1472 0
1473 0
1474 0
1475 1
1476 0
1477 0
1478 0
1479 0
1480 1
1481 2
1482 0
1483 0
1484 1
1485 1
1486 0
1487 0
1488 0
1489 2
1490 0
1491 1
1492 0
1493 1
1494 0
1495 0
1496 0
1497 0
1498 0
1499 0
1500 0
1501 0
1502 2
1503 0
1504 0
1505 0
1506 0
1507 1
1508 0
1509 0
1510 0
1511 0
1512 0
1513 0
1514 0
1515 1
1516 0
1517 0
1518 0
1519 0
1520 0
1521 0
1522 0
1523 0
1524 0
1525 0
1526 1
1527 1
1528 0
1529 0
1530 0
1531 0
1532 0
1533 0
1534 0
1535 0
1536 0
1537 0
1538 0
1539 0
1540 0
1541 0
1542 0
1543 0
1544 0
1545 0
1546 0
1547 0
1548 0
1549 0
1550 0
1551 0
1552 0
1553 0
1554 0
1555 0
1556 0
1557 0
1558 0
1559 0
1560 0
1561 0
1562 0
1563 0
1564 0
1565 0
1566 0
1567 0
1568 0
1569 0
1570 0
1571 0
1572 0
1573 0
1574 0
1575 0
1576 0
1577 0
1578 0
1579 0
1580 0
1581 0
1582 0
1583 0
1584 0
1585 0
1586 0
1587 0
1588 0
1589 0
1590 0
1591 0
1592 0
1593 0
1594 0
1595 0
1596 0
1597 0
1598 0
1599 0
1600 0
1601 0
1602 0
1603 0
1604 0
1605 0
1606 0
1607 0
1608 0
1609 0
1610 0
1611 0
1612 0
1613 0
1614 0
1615 0
1616 1
1617 0
1618 0
1619 0
1620 0
1621 0
1622 0
1623 0
1624 0
1625 0
1626 0
1627 0
1628 0
1629 0
1630 0
1631 0
1632 0
1633 0
1634 0
1635 0
1636 0
1637 0
1638 0
1639 0
1640 0
1641 0
1642 0
1643 0
1644 0
1645 0
1646 0
1647 0
1648 0
1649 0
1650 0
1651 0
1652 0
1653 0
1654 0
1655 0
1656 0
1657 0
1658 0
1659 0
1660 0
1661 0
1662 0
1663 1
1664 0
1665 1
1666 0
1667 1
1668 0
1669 0
1670 0
1671 0
1672 0
1673 0
1674 0
1675 0
1676 0
1677 0
1678 0
1679 0
1680 0
1681 0
1682 0
1683 0
1684 0
1685 0
1686 0
1687 0
1688 0
1689 0
1690 0
1691 0
1692 0
1693 0
1694 0
1695 0
1696 0
1697 0
1698 0
1699 0
1700 0
1701 0
1702 0
1703 0
1704 0
1705 0
1706 0
1707 0
1708 0
1709 0
1710 0
1711 0
1712 0
1713 0
1714 0
1715 0
1716 0
1717 0
1718 0
1719 0
1720 0
1721 0
1722 0
1723 0
1724 0
1725 0
1726 0
1727 0
1728 0
1729 0
1730 0
1731 0
1732 0
1733 0
1734 0
1735 0
1736 0
1737 0
1738 0
1739 0
1740 0
1741 0
1742 0
1743 0
1744 0
1745 0
1746 0
1747 0
1748 0
1749 0
1750 0
1751 0
1752 0
1753 0
1754 0
1755 0
1756 0
1757 0
1758 0
1759 0
1760 0
1761 0
1762 0
1763 0
1764 0
1765 0
1766 0
1767 0
1768 0
1769 0
1770 0
1771 0
1772 0
1773 0
1774 0
1775 0
1776 0
1777 0
1778 0
1779 0
1780 0
1781 0
1782 0
1783 0
1784 0
1785 0
1786 0
1787 0
1788 0
1789 0
1790 0
1791 0
1792 0
1793 0
1794 1
1795 0
1796 0
1797 0
1798 0
1799 0
1800 0
1801 0
1802 0
1803 0
1804 0
1805 0
1806 0
1807 0
1808 0
1809 0
1810 0
1811 0
1812 0
1813 0
1814 0
1815 0
1816 0
1817 0
1818 0
1819 0
1820 0
1821 0
1822 0
1823 0
1824 0
1825 0
1826 0
1827 0
1828 0
1829 0
1830 0
1831 0
1832 0
1833 0
1834 0
1835 1
1836 0
1837 0
1838 0
1839 0
1840 0
1841 0
1842 0
1843 0
1844 0
1845 0
1846 0
1847 0
1848 0
1849 0
1850 0
1851 0
1852 0
1853 0
1854 0
1855 0
1856 0
1857 0
1858 0
1859 0
1860 0
1861 0
1862 0
1863 1
1864 0
1865 0
1866 0
1867 0
1868 0
1869 0
1870 0
1871 0
1872 0
1873 0
1874 0
1875 0
1876 0
1877 0
1878 0
1879 0
1880 0
1881 0
1882 0
1883 1
1884 0
1885 0
1886 0
1887 0
1888 0
1889 0
1890 0
1891 0
1892 0
1893 0
1894 0
1895 0
1896 0
1897 0
1898 0
1899 0
1900 0
1901 0
1902 0
1903 0
1904 0
1905 0
1906 0
1907 0
1908 0
1909 0
1910 0
1911 0
1912 0
1913 0
1914 0
1915 0
1916 0
1917 0
1918 0
1919 0
1920 0
1921 0
1922 0
1923 0
1924 0
1925 0
1926 0
1927 1
1928 0
1929 0
1930 0
1931 0
1932 0
1933 0
1934 0
1935 0
1936 0
1937 0
1938 0
1939 0
1940 0
1941 0
1942 0
1943 0
1944 0
1945 0
1946 1
1947 0
1948 0
1949 0
1950 0
1951 0
1952 0
1953 0
1954 0
1955 0
1956 0
1957 0
1958 0
1959 0
1960 0
1961 0
1962 0
1963 0
1964 0
1965 0
1966 0
1967 0
1968 0
1969 0
1970 0
1971 0
1972 0
1973 0
1974 0
1975 0
1976 0
1977 0
1978 0
1979 0
1980 0
1981 0
1982 0
1983 0
1984 0
1985 0
1986 0
1987 0
1988 0
1989 0
1990 0
1991 0
1992 0
1993 0
1994 0
1995 0
1996 0
1997 0
1998 0
1999 0
2000 0
2001 0
2002 0
2003 0
2004 0
2005 0
2006 0
2007 0
2008 0
2009 0
2010 0
2011 0
2012 0
2013 0
2014 0
2015 0
2016 0
2017 0
2018 0
2019 0
2020 0
2021 0
2022 0
2023 0
2024 0
2025 0
2026 0
2027 0
2028 0
2029 0
2030 0
2031 0
2032 0
2033 0
2034 0
2035 0
2036 0
2037 0
2038 0
2039 0
2040 0
2041 0
2042 0
2043 0
2044 0
2045 0
2046 0
2047 0
