# Dead time factor = 1.00000
0 0
1 0
2 0
3 0
4 0
5 0
6 0
7 0
8 0
9 0
10 0
11 0
12 0
13 0
14 0
15 0
16 0
17 2
18 5
19 12
20 8
21 8
22 7
23 9
24 7
25 8
26 6
27 9
28 8
29 7
30 7
31 4
32 5
33 10
34 8
35 8
36 6
37 12
38 8
39 4
40 3
41 6
42 7
43 6
44 7
45 3
46 8
47 3
48 6
49 10
50 3
51 10
52 8
53 9
54 2
55 7
56 4
57 4
58 6
59 7
60 5
61 3
62 7
63 7
64 5
65 2
66 2
67 4
68 12
69 6
70 8
71 5
72 11
73 6
74 5
75 3
76 6
77 5
78 4
79 6
80 2
81 5
82 2
83 3
84 6
85 7
86 7
87 4
88 3
89 2
90 0
91 7
92 7
93 4
94 3
95 7
96 1
97 5
98 6
99 5
100 1
101 3
102 3
103 2
104 2
105 4
106 3
107 2
108 2
109 2
110 4
111 10
112 1
113 2
114 2
115 7
116 3
117 3
118 1
119 4
120 1
121 4
122 3
123 2
124 1
125 4
126 1
127 2
128 3
129 2
130 3
131 2
132 1
133 1
134 1
135 5
136 4
137 5
138 3
139 1
140 2
141 3
142 2
143 0
144 5
145 3
146 4
147 2
148 4
149 5
150 3
151 5
152 3
153 4
154 6
155 7
156 4
157 6
158 3
159 3
160 4
161 7
162 8
163 8
164 5
165 4
166 2
167 5
168 2
169 0
170 1
171 2
172 3
173 1
174 2
175 1
176 3
177 1
178 2
179 3
180 2
181 2
182 0
183 0
184 1
185 2
186 2
187 2
188 1
189 2
190 3
191 2
192 4
193 6
194 4
195 1
196 0
197 1
198 3
199 3
200 3
201 1
202 2
203 4
204 0
205 3
206 5
207 1
208 5
209 2
210 3
211 5
212 5
213 4
214 3
215 2
216 2
217 2
218 1
219 4
220 2
221 3
222 5
223 1
224 2
225 0
226 2
227 0
228 1
229 0
230 3
231 1
232 3
233 3
234 2
235 4
236 1
237 1
238 2
239 4
240 1
241 1
242 2
243 1
244 1
245 1
246 3
247 1
248 1
249 3
250 4
251 1
252 2
253 1
254 2
255 0
256 2
257 2
258 0
259 1
260 4
261 4
262 1
263 3
264 0
265 0
266 0
267 4
268 1
269 1
270 1
271 1
272 0
273 3
274 3
275 3
276 1
277 1
278 6
279 1
280 2
281 2
282 0
283 3
284 2
285 5
286 2
287 0
288 1
289 3
290 3
291 1
292 1
293 0
294 0
295 5
296 3
297 1
298 5
299 3
300 1
301 3
302 2
303 0
304 1
305 1
306 4
307 4
308 0
309 5
310 2
311 4
312 2
313 2
314 2
315 3
316 5
317 2
318 0
319 1
320 0
321 3
322 0
323 4
324 3
325 7
326 3
327 2
328 2
329 2
330 2
331 0
332 2
333 3
334 3
335 1
336 2
337 2
338 0
339 2
340 3
341 2
342 2
343 2
344 1
345 1
346 1
347 0
348 2
349 1
350 2
351 1
352 3
353 2
354 0
355 0
356 2
357 0
358 6
359 0
360 2
361 1
362 2
363 1
364 3
365 2
366 2
367 0
368 0
369 1
370 0
371 3
372 2
373 1
374 1
375 1
376 1
377 1
378 2
379 1
380 0
381 2
382 1
383 1
384 2
385 0
386 3
387 2
388 0
389 0
390 1
391 2
392 1
393 2
394 2
395 2
396 2
397 5
398 3
399 1
400 1
401 0
402 1
403 1
404 1
405 1
406 0
407 0
408 0
409 2
410 4
411 2
412 0
413 0
414 0
415 0
416 0
417 3
418 0
419 3
420 3
421 3
422 3
423 2
424 1
425 0
426 1
427 2
428 1
429 0
430 1
431 1
432 0
433 1
434 0
435 1
436 1
437 0
438 2
439 4
440 1
441 3
442 2
443 1
444 0
445 0
446 1
447 3
448 0
449 0
450 2
451 0
452 3
453 4
454 3
455 1
456 2
457 0
458 2
459 3
460 0
461 3
462 2
463 0
464 2
465 1
466 2
467 0
468 0
469 4
470 4
471 4
472 1
473 1
474 1
475 2
476 1
477 0
478 0
479 0
480 0
481 2
482 4
483 3
484 2
485 1
486 1
487 1
488 0
489 0
490 2
491 3
492 1
493 0
494 0
495 4
496 0
497 0
498 2
499 3
500 1
501 2
502 3
503 2
504 0
505 0
506 1
507 2
508 3
509 0
510 3
511 1
512 0
513 1
514 2
515 1
516 2
517 1
518 0
519 1
520 0
521 1
522 1
523 1
524 1
525 2
526 3
527 0
528 1
529 0
530 1
531 0
532 0
533 0
534 2
535 0
536 3
537 1
538 1
539 1
540 0
541 4
542 0
543 2
544 0
545 1
546 2
547 1
548 0
549 2
550 0
551 0
552 3
553 1
554 1
555 3
556 1
557 0
558 1
559 1
560 5
561 1
562 0
563 3
564 0
565 1
566 2
567 1
568 2
569 0
570 1
571 2
572 0
573 0
574 2
575 1
576 2
577 2
578 3
579 0
580 1
581 0
582 0
583 2
584 0
585 0
586 2
587 1
588 0
589 3
590 2
591 1
592 1
593 2
594 3
595 1
596 4
597 0
598 0
599 1
600 1
601 0
602 1
603 2
604 0
605 2
606 1
607 1
608 3
609 0
610 3
611 3
612 1
613 1
614 1
615 2
616 0
617 4
618 1
619 0
620 3
621 0
622 1
623 3
624 1
625 1
626 2
627 2
628 0
629 1
630 1
631 1
632 0
633 1
634 0
635 1
636 2
637 0
638 0
639 3
640 2
641 2
642 2
643 2
644 1
645 4
646 2
647 2
648 1
649 1
650 1
651 1
652 0
653 4
654 2
655 1
656 2
657 1
658 3
659 0
660 0
661 0
662 3
663 1
664 0
665 1
666 1
667 0
668 1
669 2
670 2
671 1
672 2
673 1
674 0
675 1
676 1
677 1
678 0
679 0
680 2
681 1
682 0
683 5
684 3
685 0
686 3
687 4
688 4
689 3
690 1
691 1
692 0
693 2
694 1
695 1
696 1
697 0
698 0
699 3
700 2
701 0
702 1
703 2
704 2
705 0
706 1
707 0
708 2
709 0
710 1
711 2
712 0
713 2
714 0
715 2
716 2
717 1
718 2
719 3
720 1
721 2
722 3
723 0
724 1
725 7
726 0
727 2
728 3
729 1
730 2
731 0
732 3
733 1
734 0
735 1
736 0
737 3
738 2
739 1
740 1
741 1
742 1
743 3
744 2
745 4
746 1
747 1
748 2
749 4
750 1
751 1
752 2
753 2
754 1
755 4
756 1
757 2
758 3
759 1
760 1
761 2
762 2
763 1
764 2
765 0
766 4
767 5
768 1
769 0
770 1
771 3
772 1
773 3
774 0
775 0
776 0
777 1
778 2
779 2
780 0
781 5
782 1
783 0
784 5
785 1
786 3
787 1
788 4
789 1
790 3
791 2
792 3
793 3
794 1
795 2
796 0
797 1
798 1
799 2
800 1
801 4
802 2
803 1
804 0
805 0
806 3
807 1
808 2
809 1
810 2
811 3
812 2
813 5
814 1
815 0
816 4
817 4
818 2
819 0
820 1
821 3
822 1
823 4
824 2
825 1
826 2
827 1
828 0
829 2
830 3
831 1
832 5
833 2
834 3
835 1
836 3
837 0
838 2
839 2
840 2
841 5
842 3
843 3
844 1
845 3
846 2
847 2
848 1
849 4
850 0
851 0
852 2
853 2
854 5
855 4
856 1
857 4
858 2
859 0
860 4
861 2
862 3
863 3
864 0
865 3
866 1
867 2
868 2
869 2
870 1
871 1
872 4
873 1
874 5
875 0
876 1
877 3
878 5
879 0
880 3
881 2
882 2
883 5
884 3
885 6
886 1
887 2
888 1
889 4
890 0
891 5
892 1
893 3
894 2
895 3
896 0
897 1
898 2
899 0
900 1
901 1
902 2
903 1
904 0
905 1
906 2
907 1
908 0
909 3
910 3
911 0
912 1
913 4
914 1
915 0
916 2
917 1
918 2
919 1
920 2
921 0
922 3
923 2
924 3
925 4
926 1
927 0
928 1
929 2
930 4
931 2
932 1
933 2
934 2
935 2
936 3
937 0
938 2
939 3
940 0
941 5
942 2
943 3
944 5
945 5
946 1
947 2
948 0
949 2
950 1
951 2
952 1
953 1
954 1
955 1
956 2
957 0
958 2
959 0
960 2
961 1
962 3
963 3
964 4
965 1
966 4
967 3
968 4
969 0
970 4
971 2
972 5
973 5
974 1
975 4
976 1
977 0
978 4
979 6
980 3
981 4
982 1
983 4
984 2
985 2
986 1
987 0
988 2
989 6
990 1
991 3
992 3
993 3
994 7
995 3
996 2
997 2
998 1
999 2
1000 1
1001 1
1002 7
1003 4
1004 3
1005 0
1006 2
1007 7
1008 2
1009 0
1010 1
1011 4
1012 1
1013 2
1014 4
1015 4
1016 6
1017 7
1018 5
1019 2
1020 4
1021 5
1022 1
1023 2
1024 3
1025 2
1026 2
1027 1
1028 5
1029 1
1030 1
1031 2
1032 6
1033 6
1034 2
1035 2
1036 3
1037 3
1038 7
1039 5
1040 2
1041 5
1042 2
1043 3
1044 7
1045 3
1046 3
1047 2
1048 2
1049 5
1050 7
1051 3
1052 4
1053 0
1054 1
1055 2
1056 2
1057 5
1058 4
1059 4
1060 2
1061 2
1062 6
1063 1
1064 1
1065 4
1066 8
1067 3
1068 4
1069 1
1070 2
1071 1
1072 5
1073 3
1074 2
1075 4
1076 4
1077 2
1078 2
1079 4
1080 4
1081 2
1082 0
1083 5
1084 4
1085 5
1086 4
1087 1
1088 2
1089 3
1090 1
1091 4
1092 10
1093 1
1094 2
1095 2
1096 4
1097 5
1098 2
1099 2
1100 8
1101 3
1102 4
1103 4
1104 3
1105 3
1106 4
1107 3
1108 6
1109 5
1110 5
1111 6
1112 4
1113 5
1114 7
1115 8
1116 5
1117 3
1118 8
1119 1
1120 7
1121 5
1122 4
1123 4
1124 5
1125 7
1126 5
1127 4
1128 5
1129 6
1130 6
1131 3
1132 6
1133 3
1134 3
1135 3
1136 5
1137 8
1138 4
1139 4
1140 1
1141 5
1142 7
1143 9
1144 3
1145 1
1146 3
1147 8
1148 2
1149 3
1150 4
1151 6
1152 7
1153 5
1154 3
1155 5
1156 2
1157 3
1158 6
1159 3
1160 2
1161 3
1162 7
1163 6
1164 3
1165 4
1166 4
1167 5
1168 6
1169 6
1170 5
1171 5
1172 6
1173 2
1174 7
1175 4
1176 4
1177 7
1178 8
1179 6
1180 4
1181 6
1182 6
1183 0
1184 10
1185 6
1186 7
1187 4
1188 4
1189 6
1190 5
1191 7
1192 4
1193 4
1194 5
1195 3
1196 7
1197 7
1198 7
1199 9
1200 10
1201 4
1202 5
1203 3
1204 3
1205 5
1206 3
1207 2
1208 4
1209 1
1210 7
1211 5
1212 5
1213 2
1214 7
1215 4
1216 6
1217 3
1218 4
1219 5
1220 3
1221 1
1222 4
1223 4
1224 3
1225 2
1226 6
1227 1
1228 6
1229 1
1230 1
1231 0
1232 12
1233 3
1234 5
1235 1
1236 2
1237 3
1238 1
1239 3
1240 5
1241 2
1242 5
1243 4
1244 1
1245 5
1246 4
1247 2
1248 3
1249 4
1250 4
1251 3
1252 0
1253 3
1254 4
1255 5
1256 3
1257 2
1258 3
1259 3
1260 3
1261 4
1262 2
1263 2
1264 2
1265 3
1266 2
1267 4
1268 2
1269 2
1270 5
1271 2
1272 3
1273 1
1274 7
1275 5
1276 2
1277 5
1278 3
1279 4
1280 4
1281 3
1282 5
1283 2
1284 8
1285 6
1286 3
1287 3
1288 5
1289 5
1290 8
1291 4
1292 3
1293 2
1294 2
1295 6
1296 7
1297 4
1298 3
1299 2
1300 1
1301 5
1302 5
1303 3
1304 8
1305 10
1306 5
1307 3
1308 4
1309 3
1310 2
1311 8
1312 4
1313 5
1314 3
1315 6
1316 2
1317 8
1318 3
1319 5
1320 6
1321 5
1322 4
1323 5
1324 6
1325 6
1326 9
1327 10
1328 0
1329 6
1330 7
1331 1
1332 3
1333 3
1334 6
1335 4
1336 6
1337 7
1338 5
1339 4
1340 4
1341 3
1342 3
1343 5
1344 4
1345 2
1346 2
1347 10
1348 1
1349 1
1350 5
1351 0
1352 4
1353 4
1354 4
1355 4
1356 2
1357 1
1358 6
1359 3
1360 2
1361 1
1362 4
1363 4
1364 2
1365 0
1366 5
1367 3
1368 4
1369 5
1370 1
1371 3
1372 5
1373 0
1374 3
1375 1
1376 2
1377 1
1378 3
1379 4
1380 2
1381 1
1382 0
1383 2
1384 3
1385 1
1386 3
1387 0
1388 1
1389 1
1390 1
1391 2
1392 0
1393 1
1394 4
1395 1
1396 2
1397 3
1398 1
1399 2
1400 2
1401 1
1402 1
1403 2
1404 1
1405 0
1406 1
1407 0
1408 1
1409 1
1410 1
1411 0
1412 2
1413 3
1414 0
1415 2
1416 3
1417 2
1418 3
1419 2
1420 4
1421 0
1422 2
1423 3
1424 0
1425 0
1426 1
1427 1
1428 1
1429 0
1430 1
1431 0
1432 4
1433 1
1434 1
1435 0
1436 2
1437 0
1438 1
1439 4
1440 0
1441 1
1442 1
1443 3
1444 2
1445 2
1446 1
1447 2
1448 0
1449 2
1450 0
1451 1
1452 1
1453 0
1454 1
1455 0
1456 1
1457 3
1458 2
1459 1
1460 2
1461 3
1462 3
1463 1
1464 1
1465 1
1466 4
1467 1
1468 2
1469 2
1470 0
1471 0
1472 2
1473 0
1474 1
1475 2
1476 1
1477 4
1478 2
1479 0
1480 0
1481 1
1482 1
1483 1
1484 3
1485 2
1486 2
1487 1
1488 3
1489 2
1490 0
1491 1
1492 1
1493 0
1494 1
1495 0
1496 0
1497 0
1498 0
1499 0
1500 2
1501 0
1502 0
1503 1
1504 2
1505 1
1506 0
1507 0
1508 0
1509 1
1510 0
1511 1
1512 1
1513 1
1514 1
1515 1
1516 0
1517 0
1518 3
1519 0
1520 0
1521 1
1522 0
1523 0
1524 0
1525 1
1526 0
1527 1
1528 0
1529 1
1530 0
1531 0
1532 0
1533 1
1534 1
1535 0
1536 0
1537 0
1538 0
1539 0
1540 0
1541 0
1542 0
1543 0
1544 0
1545 0
1546 0
1547 0
1548 0
1549 0
1550 0
1551 0
1552 0
1553 0
1554 0
1555 0
1556 0
1557 0
1558 0
1559 0
1560 0
1561 0
1562 0
1563 0
1564 0
1565 0
1566 0
1567 0
1568 0
1569 1
1570 0
1571 0
1572 0
1573 0
1574 0
1575 0
1576 0
1577 0
1578 0
1579 0
1580 0
1581 0
1582 0
1583 0
1584 0
1585 0
1586 0
1587 0
1588 0
1589 0
1590 0
1591 1
1592 0
1593 0
1594 0
1595 0
1596 0
1597 0
1598 0
1599 0
1600 0
1601 0
1602 0
1603 0
1604 0
1605 0
1606 0
1607 0
1608 0
1609 0
1610 0
1611 0
1612 0
1613 0
1614 0
1615 0
1616 0
1617 0
1618 0
1619 0
1620 0
1621 0
1622 0
1623 0
1624 0
1625 0
1626 0
1627 0
1628 0
1629 0
1630 0
1631 0
1632 0
1633 0
1634 1
1635 0
1636 0
1637 0
1638 0
1639 0
1640 0
1641 0
1642 0
1643 0
1644 0
1645 0
1646 0
1647 0
1648 0
1649 0
1650 0
1651 0
1652 0
1653 0
1654 0
1655 0
1656 0
1657 0
1658 0
1659 0
1660 0
1661 0
1662 0
1663 0
1664 0
1665 0
1666 0
1667 0
1668 0
1669 0
1670 0
1671 0
1672 0
1673 0
1674 0
1675 0
1676 0
1677 0
1678 0
1679 0
1680 0
1681 0
1682 0
1683 0
1684 0
1685 0
1686 0
1687 0
1688 0
1689 0
1690 0
1691 0
1692 0
1693 0
1694 0
1695 0
1696 0
1697 0
1698 0
1699 0
1700 0
1701 0
1702 0
1703 0
1704 0
1705 1
1706 0
1707 0
1708 0
1709 0
1710 0
1711 0
1712 0
1713 0
1714 0
1715 0
1716 0
1717 0
1718 0
1719 0
1720 0
1721 0
1722 0
1723 0
1724 0
1725 0
1726 0
1727 0
1728 0
1729 0
1730 0
1731 0
1732 0
1733 0
1734 0
1735 0
1736 0
1737 0
1738 0
1739 0
1740 0
1741 0
1742 1
1743 0
1744 0
1745 0
1746 0
1747 0
1748 0
1749 0
1750 1
1751 0
1752 0
1753 0
1754 0
1755 0
1756 0
1757 0
1758 0
1759 0
1760 0
1761 0
1762 0
1763 1
1764 0
1765 0
1766 0
1767 0
1768 0
1769 0
1770 0
1771 0
1772 0
1773 0
1774 0
1775 0
1776 0
1777 0
1778 0
1779 0
1780 0
1781 0
1782 0
1783 0
1784 0
1785 0
1786 0
1787 0
1788 0
1789 0
1790 0
1791 2
1792 0
1793 0
1794 0
1795 0
1796 0
1797 0
1798 0
1799 0
1800 0
1801 0
1802 0
1803 0
1804 0
1805 0
1806 0
1807 0
1808 0
1809 0
1810 0
1811 0
1812 0
1813 0
1814 0
1815 0
1816 0
1817 0
1818 0
1819 0
1820 0
1821 1
1822 0
1823 0
1824 0
1825 0
1826 0
1827 0
1828 0
1829 0
1830 0
1831 0
1832 0
1833 0
1834 0
1835 0
1836 0
1837 0
1838 0
1839 0
1840 0
1841 0
1842 0
1843 0
1844 0
1845 0
1846 0
1847 0
1848 0
1849 0
1850 0
1851 0
1852 0
1853 0
1854 0
1855 0
1856 0
1857 0
1858 0
1859 0
1860 0
1861 0
1862 0
1863 0
1864 0
1865 0
1866 0
1867 0
1868 0
1869 0
1870 0
1871 0
1872 0
1873 0
1874 0
1875 0
1876 0
1877 0
1878 0
1879 0
1880 0
1881 0
1882 0
1883 0
1884 0
1885 0
1886 0
1887 0
1888 0
1889 0
1890 0
1891 0
1892 0
1893 0
1894 0
1895 0
1896 0
1897 0
1898 0
1899 0
1900 0
1901 0
1902 0
1903 0
1904 0
1905 0
1906 0
1907 0
1908 0
1909 0
1910 0
1911 0
1912 0
1913 0
1914 0
1915 0
1916 0
1917 0
1918 0
1919 0
1920 0
1921 0
1922 0
1923 0
1924 0
1925 0
1926 0
1927 0
1928 0
1929 0
1930 0
1931 0
1932 0
1933 0
1934 0
1935 0
1936 0
1937 0
1938 0
1939 0
1940 0
1941 0
1942 0
1943 0
1944 0
1945 0
1946 0
1947 0
1948 0
1949 0
1950 0
1951 0
1952 0
1953 0
1954 1
1955 0
1956 0
1957 0
1958 0
1959 0
1960 0
1961 1
1962 0
1963 0
1964 0
1965 0
1966 0
1967 0
1968 0
1969 0
1970 0
1971 0
1972 0
1973 0
1974 0
1975 0
1976 0
1977 0
1978 0
1979 0
1980 0
1981 0
1982 0
1983 0
1984 0
1985 0
1986 0
1987 0
1988 0
1989 0
1990 0
1991 0
1992 0
1993 0
1994 0
1995 0
1996 0
1997 0
1998 0
1999 0
2000 0
2001 0
2002 0
2003 0
2004 0
2005 0
2006 0
2007 0
2008 0
2009 0
2010 0
2011 0
2012 0
2013 0
2014 0
2015 0
2016 0
2017 0
2018 0
2019 0
2020 0
2021 0
2022 0
2023 0
2024 0
2025 0
2026 0
2027 0
2028 0
2029 0
2030 0
2031 0
2032 0
2033 0
2034 0
2035 0
2036 0
2037 0
2038 0
2039 0
2040 0
2041 0
2042 0
2043 0
2044 0
2045 0
2046 0
2047 0
