# Dead time factor = 1.00000
0 0
1 0
2 0
3 0
4 0
5 0
6 0
7 0
8 0
9 0
10 0
11 0
12 0
13 0
14 0
15 0
16 0
17 2
18 9
19 14
20 17
21 6
22 12
23 18
24 14
25 12
26 11
27 10
28 10
29 9
30 10
31 19
32 10
33 6
34 14
35 6
36 10
37 14
38 13
39 12
40 8
41 11
42 7
43 9
44 8
45 15
46 12
47 11
48 6
49 13
50 6
51 2
52 13
53 14
54 7
55 13
56 10
57 9
58 10
59 12
60 7
61 9
62 9
63 6
64 6
65 9
66 10
67 4
68 9
69 5
70 13
71 3
72 6
73 13
74 18
75 10
76 8
77 7
78 11
79 6
80 6
81 11
82 6
83 10
84 7
85 7
86 8
87 8
88 6
89 6
90 8
91 8
92 11
93 8
94 5
95 11
96 7
97 7
98 4
99 6
100 12
101 3
102 11
103 7
104 5
105 2
106 6
107 9
108 4
109 9
110 5
111 4
112 3
113 3
114 0
115 4
116 1
117 7
118 1
119 2
120 6
121 4
122 6
123 3
124 3
125 3
126 4
127 4
128 3
129 2
130 7
131 4
132 4
133 3
134 4
135 5
136 10
137 3
138 3
139 3
140 4
141 11
142 6
143 6
144 3
145 5
146 4
147 7
148 8
149 8
150 8
151 12
152 8
153 5
154 11
155 9
156 5
157 8
158 9
159 8
160 6
161 5
162 7
163 5
164 3
165 3
166 5
167 6
168 4
169 1
170 4
171 5
172 2
173 6
174 0
175 4
176 7
177 0
178 1
179 6
180 1
181 0
182 5
183 6
184 4
185 5
186 3
187 1
188 2
189 2
190 6
191 4
192 4
193 7
194 4
195 1
196 2
197 2
198 3
199 2
200 5
201 1
202 1
203 4
204 5
205 5
206 0
207 6
208 5
209 3
210 4
211 4
212 5
213 3
214 2
215 5
216 7
217 6
218 5
219 3
220 1
221 2
222 1
223 4
224 3
225 1
226 4
227 6
228 1
229 2
230 3
231 2
232 3
233 1
234 1
235 3
236 0
237 9
238 5
239 5
240 2
241 0
242 1
243 1
244 4
245 1
246 4
247 1
248 2
249 4
250 2
251 1
252 2
253 2
254 4
255 2
256 1
257 1
258 1
259 1
260 2
261 0
262 2
263 4
264 1
265 2
266 2
267 2
268 2
269 2
270 2
271 3
272 4
273 1
274 1
275 3
276 0
277 2
278 0
279 3
280 4
281 4
282 0
283 3
284 7
285 2
286 2
287 3
288 1
289 0
290 2
291 2
292 1
293 5
294 2
295 4
296 4
297 6
298 1
299 4
300 3
301 0
302 7
303 2
304 1
305 2
306 3
307 2
308 2
309 3
310 1
311 3
312 0
313 2
314 6
315 3
316 5
317 5
318 6
319 7
320 4
321 3
322 2
323 4
324 1
325 0
326 6
327 2
328 2
329 2
330 2
331 2
332 2
333 4
334 4
335 3
336 2
337 3
338 0
339 1
340 4
341 2
342 1
343 2
344 2
345 3
346 2
347 1
348 4
349 1
350 0
351 0
352 2
353 1
354 3
355 1
356 2
357 0
358 1
359 4
360 1
361 1
362 2
363 4
364 2
365 2
366 2
367 0
368 3
369 2
370 3
371 2
372 2
373 3
374 3
375 2
376 1
377 0
378 2
379 3
380 0
381 0
382 3
383 1
384 3
385 1
386 4
387 1
388 2
389 0
390 2
391 2
392 4
393 0
394 2
395 2
396 1
397 6
398 1
399 3
400 3
401 2
402 2
403 3
404 1
405 2
406 1
407 4
408 1
409 1
410 1
411 3
412 1
413 5
414 0
415 0
416 1
417 3
418 2
419 2
420 2
421 1
422 3
423 0
424 3
425 1
426 3
427 2
428 3
429 1
430 3
431 1
432 0
433 2
434 2
435 4
436 1
437 1
438 2
439 2
440 1
441 1
442 2
443 3
444 3
445 3
446 1
447 2
448 1
449 1
450 2
451 0
452 1
453 3
454 3
455 2
456 2
457 1
458 1
459 0
460 0
461 1
462 2
463 1
464 3
465 1
466 2
467 2
468 2
469 1
470 0
471 0
472 1
473 1
474 1
475 1
476 3
477 1
478 2
479 3
480 2
481 3
482 0
483 1
484 2
485 0
486 1
487 3
488 1
489 1
490 3
491 2
492 4
493 2
494 1
495 1
496 4
497 2
498 2
499 0
500 1
501 2
502 2
503 1
504 0
505 3
506 1
507 1
508 0
509 1
510 2
511 0
512 3
513 3
514 1
515 0
516 1
517 2
518 4
519 1
520 2
521 2
522 1
523 6
524 0
525 2
526 1
527 5
528 3
529 5
530 1
531 3
532 2
533 2
534 0
535 0
536 0
537 3
538 1
539 2
540 1
541 1
542 3
543 1
544 1
545 1
546 1
547 1
548 2
549 0
550 1
551 0
552 4
553 0
554 4
555 2
556 2
557 0
558 0
559 2
560 1
561 1
562 4
563 4
564 2
565 1
566 3
567 0
568 2
569 0
570 2
571 0
572 3
573 2
574 2
575 0
576 0
577 2
578 1
579 1
580 0
581 2
582 1
583 0
584 0
585 3
586 1
587 3
588 2
589 1
590 0
591 1
592 1
593 3
594 2
595 1
596 2
597 1
598 0
599 3
600 1
601 2
602 2
603 2
604 3
605 1
606 1
607 2
608 2
609 2
610 1
611 2
612 0
613 1
614 1
615 0
616 2
617 2
618 3
619 1
620 3
621 5
622 2
623 0
624 4
625 1
626 2
627 2
628 3
629 1
630 0
631 0
632 5
633 1
634 1
635 3
636 2
637 3
638 3
639 1
640 3
641 3
642 1
643 4
644 4
645 2
646 0
647 3
648 3
649 1
650 2
651 3
652 2
653 2
654 0
655 2
656 4
657 3
658 4
659 2
660 4
661 2
662 0
663 1
664 2
665 1
666 4
667 1
668 1
669 0
670 2
671 4
672 1
673 1
674 4
675 2
676 4
677 1
678 3
679 1
680 1
681 3
682 3
683 0
684 1
685 0
686 3
687 2
688 3
689 1
690 1
691 2
692 2
693 1
694 0
695 0
696 3
697 1
698 1
699 0
700 2
701 2
702 1
703 2
704 2
705 1
706 4
707 0
708 2
709 1
710 2
711 1
712 3
713 2
714 2
715 3
716 2
717 1
718 3
719 2
720 0
721 5
722 2
723 2
724 2
725 3
726 0
727 4
728 2
729 0
730 2
731 3
732 3
733 0
734 0
735 2
736 4
737 2
738 5
739 0
740 0
741 2
742 3
743 2
744 2
745 2
746 1
747 3
748 1
749 2
750 3
751 0
752 3
753 0
754 4
755 0
756 3
757 1
758 1
759 2
760 1
761 1
762 1
763 3
764 1
765 1
766 1
767 4
768 1
769 3
770 3
771 2
772 3
773 2
774 2
775 2
776 2
777 2
778 2
779 2
780 2
781 2
782 2
783 3
784 2
785 2
786 1
787 2
788 2
789 1
790 2
791 2
792 0
793 0
794 1
795 0
796 0
797 3
798 0
799 2
800 2
801 5
802 5
803 2
804 1
805 2
806 4
807 1
808 4
809 2
810 2
811 2
812 0
813 0
814 4
815 3
816 4
817 1
818 2
819 2
820 0
821 3
822 0
823 2
824 3
825 4
826 2
827 1
828 4
829 2
830 0
831 1
832 3
833 3
834 3
835 1
836 1
837 1
838 0
839 2
840 2
841 2
842 1
843 2
844 0
845 1
846 1
847 1
848 0
849 1
850 2
851 1
852 3
853 3
854 2
855 0
856 3
857 0
858 1
859 4
860 2
861 1
862 0
863 1
864 2
865 3
866 0
867 2
868 2
869 1
870 1
871 5
872 2
873 2
874 7
875 4
876 4
877 3
878 4
879 3
880 2
881 2
882 3
883 0
884 2
885 2
886 1
887 3
888 2
889 4
890 4
891 3
892 1
893 5
894 1
895 2
896 1
897 0
898 2
899 3
900 1
901 2
902 3
903 1
904 0
905 4
906 0
907 2
908 1
909 2
910 3
911 0
912 2
913 5
914 2
915 3
916 0
917 4
918 2
919 1
920 1
921 0
922 1
923 3
924 4
925 2
926 2
927 1
928 3
929 3
930 2
931 2
932 6
933 1
934 1
935 3
936 2
937 2
938 4
939 1
940 1
941 1
942 1
943 2
944 2
945 2
946 2
947 0
948 4
949 1
950 2
951 1
952 1
953 3
954 1
955 0
956 2
957 2
958 3
959 4
960 5
961 3
962 4
963 3
964 4
965 1
966 1
967 4
968 2
969 2
970 3
971 2
972 5
973 5
974 3
975 2
976 1
977 3
978 1
979 6
980 5
981 4
982 5
983 3
984 4
985 3
986 5
987 3
988 5
989 2
990 7
991 1
992 4
993 3
994 2
995 5
996 2
997 5
998 2
999 3
1000 1
1001 2
1002 2
1003 1
1004 3
1005 4
1006 3
1007 7
1008 1
1009 2
1010 4
1011 4
1012 3
1013 9
1014 3
1015 5
1016 5
1017 2
1018 2
1019 4
1020 3
1021 3
1022 3
1023 1
1024 3
1025 4
1026 3
1027 7
1028 3
1029 3
1030 4
1031 4
1032 6
1033 1
1034 3
1035 5
1036 1
1037 1
1038 2
1039 2
1040 5
1041 4
1042 7
1043 2
1044 6
1045 7
1046 5
1047 5
1048 1
1049 3
1050 5
1051 2
1052 2
1053 4
1054 3
1055 5
1056 7
1057 8
1058 3
1059 3
1060 2
1061 2
1062 6
1063 4
1064 3
1065 4
1066 4
1067 1
1068 5
1069 5
1070 4
1071 3
1072 1
1073 2
1074 2
1075 0
1076 4
1077 5
1078 4
1079 2
1080 6
1081 2
1082 2
1083 1
1084 3
1085 3
1086 5
1087 5
1088 2
1089 4
1090 5
1091 1
1092 6
1093 6
1094 3
1095 7
1096 3
1097 2
1098 4
1099 3
1100 5
1101 5
1102 5
1103 4
1104 5
1105 6
1106 2
1107 3
1108 3
1109 6
1110 5
1111 5
1112 1
1113 8
1114 11
1115 4
1116 3
1117 7
1118 0
1119 4
1120 4
1121 9
1122 5
1123 4
1124 4
1125 4
1126 2
1127 4
1128 4
1129 7
1130 8
1131 2
1132 5
1133 3
1134 4
1135 7
1136 7
1137 5
1138 5
1139 5
1140 5
1141 3
1142 10
1143 4
1144 9
1145 7
1146 3
1147 10
1148 6
1149 3
1150 3
1151 4
1152 5
1153 5
1154 2
1155 3
1156 2
1157 12
1158 6
1159 8
1160 9
1161 4
1162 8
1163 5
1164 7
1165 6
1166 1
1167 6
1168 4
1169 5
1170 4
1171 9
1172 14
1173 9
1174 7
1175 4
1176 6
1177 6
1178 11
1179 7
1180 13
1181 6
1182 3
1183 5
1184 3
1185 6
1186 5
1187 2
1188 4
1189 5
1190 2
1191 4
1192 2
1193 3
1194 9
1195 5
1196 6
1197 2
1198 2
1199 1
1200 9
1201 6
1202 5
1203 5
1204 6
1205 8
1206 4
1207 10
1208 4
1209 10
1210 9
1211 4
1212 7
1213 2
1214 8
1215 4
1216 4
1217 10
1218 5
1219 4
1220 2
1221 3
1222 5
1223 4
1224 7
1225 3
1226 4
1227 2
1228 2
1229 2
1230 6
1231 7
1232 6
1233 4
1234 5
1235 4
1236 4
1237 4
1238 10
1239 1
1240 5
1241 5
1242 3
1243 5
1244 2
1245 3
1246 3
1247 3
1248 0
1249 4
1250 2
1251 4
1252 2
1253 6
1254 5
1255 4
1256 6
1257 2
1258 3
1259 8
1260 3
1261 4
1262 8
1263 7
1264 4
1265 3
1266 3
1267 1
1268 4
1269 2
1270 1
1271 5
1272 4
1273 8
1274 3
1275 5
1276 5
1277 4
1278 5
1279 2
1280 3
1281 5
1282 1
1283 3
1284 4
1285 6
1286 8
1287 11
1288 1
1289 6
1290 7
1291 4
1292 3
1293 4
1294 2
1295 5
1296 2
1297 4
1298 5
1299 8
1300 5
1301 1
1302 6
1303 10
1304 5
1305 8
1306 7
1307 10
1308 9
1309 9
1310 5
1311 9
1312 2
1313 4
1314 5
1315 10
1316 6
1317 6
1318 10
1319 8
1320 6
1321 4
1322 5
1323 8
1324 6
1325 6
1326 4
1327 4
1328 7
1329 12
1330 5
1331 5
1332 4
1333 3
1334 5
1335 11
1336 7
1337 4
1338 4
1339 2
1340 6
1341 4
1342 6
1343 4
1344 2
1345 4
1346 2
1347 7
1348 5
1349 3
1350 6
1351 6
1352 4
1353 9
1354 2
1355 4
1356 4
1357 2
1358 3
1359 6
1360 2
1361 3
1362 2
1363 3
1364 2
1365 2
1366 1
1367 1
1368 2
1369 3
1370 2
1371 3
1372 3
1373 2
1374 2
1375 2
1376 3
1377 2
1378 3
1379 2
1380 4
1381 1
1382 2
1383 2
1384 0
1385 1
1386 2
1387 1
1388 2
1389 3
1390 2
1391 3
1392 4
1393 3
1394 3
1395 3
1396 4
1397 1
1398 2
1399 0
1400 3
1401 1
1402 1
1403 3
1404 5
1405 3
1406 0
1407 1
1408 1
1409 1
1410 1
1411 5
1412 2
1413 4
1414 2
1415 2
1416 1
1417 0
1418 1
1419 2
1420 4
1421 2
1422 0
1423 1
1424 4
1425 0
1426 1
1427 3
1428 1
1429 0
1430 0
1431 2
1432 5
1433 3
1434 0
1435 0
1436 2
1437 3
1438 3
1439 1
1440 2
1441 1
1442 3
1443 0
1444 1
1445 1
1446 2
1447 1
1448 1
1449 1
1450 2
1451 1
1452 2
1453 1
1454 4
1455 2
1456 3
1457 4
1458 3
1459 1
1460 1
1461 2
1462 3
1463 2
1464 2
1465 1
1466 2
1467 0
1468 4
1469 3
1470 2
1471 3
1472 1
1473 3
1474 3
1475 3
1476 2
1477 4
1478 3
1479 1
1480 0
1481 1
1482 2
1483 1
1484 0
1485 1
1486 2
1487 3
1488 1
1489 2
1490 2
1491 2
1492 2
1493 2
1494 2
1495 0
1496 2
1497 0
1498 1
1499 3
1500 1
1501 0
1502 0
1503 1
1504 0
1505 2
1506 1
1507 3
1508 0
1509 1
1510 1
1511 1
1512 0
1513 0
1514 0
1515 0
1516 1
1517 0
1518 0
1519 0
1520 2
1521 0
1522 0
1523 1
1524 0
1525 0
1526 1
1527 0
1528 0
1529 0
1530 1
1531 0
1532 0
1533 2
1534 0
1535 1
1536 0
1537 0
1538 0
1539 0
1540 0
1541 1
1542 0
1543 0
1544 0
1545 0
1546 0
1547 0
1548 1
1549 0
1550 0
1551 1
1552 1
1553 0
1554 0
1555 0
1556 0
1557 0
1558 0
1559 0
1560 0
1561 0
1562 0
1563 0
1564 0
1565 0
1566 0
1567 0
1568 0
1569 0
1570 0
1571 0
1572 0
1573 0
1574 0
1575 0
1576 0
1577 0
1578 0
1579 0
1580 0
1581 1
1582 0
1583 0
1584 0
1585 0
1586 0
1587 0
1588 0
1589 0
1590 0
1591 1
1592 0
1593 0
1594 0
1595 0
1596 0
1597 0
1598 0
1599 0
1600 0
1601 0
1602 0
1603 0
1604 0
1605 0
1606 0
1607 0
1608 0
1609 0
1610 0
1611 0
1612 0
1613 0
1614 0
1615 0
1616 0
1617 1
1618 0
1619 0
1620 0
1621 0
1622 0
1623 0
1624 0
1625 0
1626 0
1627 0
1628 0
1629 0
1630 0
1631 0
1632 0
1633 0
1634 0
1635 0
1636 0
1637 0
1638 0
1639 0
1640 0
1641 0
1642 0
1643 0
1644 0
1645 0
1646 0
1647 0
1648 0
1649 1
1650 0
1651 0
1652 0
1653 0
1654 0
1655 0
1656 0
1657 0
1658 0
1659 0
1660 0
1661 0
1662 0
1663 0
1664 0
1665 0
1666 0
1667 0
1668 0
1669 0
1670 0
1671 0
1672 0
1673 0
1674 0
1675 0
1676 0
1677 0
1678 0
1679 0
1680 0
1681 0
1682 0
1683 1
1684 0
1685 0
1686 0
1687 0
1688 0
1689 0
1690 0
1691 0
1692 0
1693 0
1694 0
1695 0
1696 0
1697 0
1698 0
1699 0
1700 0
1701 0
1702 0
1703 0
1704 0
1705 0
1706 0
1707 0
1708 1
1709 0
1710 0
1711 0
1712 0
1713 0
1714 0
1715 0
1716 0
1717 0
1718 1
1719 0
1720 0
1721 0
1722 0
1723 0
1724 0
1725 0
1726 0
1727 0
1728 0
1729 0
1730 0
1731 0
1732 0
1733 0
1734 0
1735 0
1736 0
1737 0
1738 0
1739 0
1740 0
1741 0
1742 0
1743 0
1744 0
1745 0
1746 0
1747 0
1748 0
1749 0
1750 0
1751 0
1752 0
1753 0
1754 0
1755 0
1756 0
1757 0
1758 0
1759 0
1760 0
1761 0
1762 0
1763 1
1764 0
1765 0
1766 0
1767 0
1768 0
1769 0
1770 0
1771 0
1772 0
1773 0
1774 0
1775 0
1776 0
1777 0
1778 0
1779 0
1780 0
1781 0
1782 0
1783 0
1784 0
1785 0
1786 0
1787 0
1788 0
1789 0
1790 0
1791 0
1792 0
1793 0
1794 0
1795 0
1796 1
1797 0
1798 0
1799 0
1800 0
1801 0
1802 0
1803 0
1804 0
1805 0
1806 0
1807 0
1808 0
1809 0
1810 0
1811 0
1812 0
1813 0
1814 0
1815 0
1816 1
1817 0
1818 0
1819 0
1820 0
1821 1
1822 1
1823 0
1824 0
1825 0
1826 0
1827 0
1828 0
1829 0
1830 0
1831 0
1832 1
1833 0
1834 0
1835 0
1836 0
1837 0
1838 0
1839 0
1840 0
1841 0
1842 0
1843 1
1844 0
1845 0
1846 0
1847 0
1848 0
1849 0
1850 0
1851 0
1852 0
1853 0
1854 0
1855 0
1856 0
1857 0
1858 0
1859 0
1860 0
1861 1
1862 0
1863 0
1864 0
1865 0
1866 0
1867 0
1868 0
1869 0
1870 0
1871 0
1872 0
1873 0
1874 0
1875 0
1876 0
1877 0
1878 0
1879 0
1880 0
1881 0
1882 0
1883 0
1884 0
1885 0
1886 0
1887 0
1888 0
1889 0
1890 0
1891 0
1892 0
1893 0
1894 0
1895 0
1896 0
1897 0
1898 0
1899 0
1900 0
1901 0
1902 0
1903 0
1904 0
1905 0
1906 0
1907 0
1908 0
1909 0
1910 0
1911 0
1912 0
1913 0
1914 0
1915 0
1916 0
1917 0
1918 0
1919 0
1920 0
1921 0
1922 0
1923 0
1924 0
1925 0
1926 0
1927 0
1928 0
1929 0
1930 0
1931 0
1932 0
1933 0
1934 0
1935 0
1936 0
1937 0
1938 0
1939 0
1940 0
1941 0
1942 0
1943 0
1944 0
1945 0
1946 0
1947 0
1948 0
1949 0
1950 0
1951 0
1952 0
1953 0
1954 0
1955 0
1956 0
1957 0
1958 0
1959 0
1960 0
1961 0
1962 0
1963 0
1964 0
1965 0
1966 0
1967 0
1968 0
1969 0
1970 0
1971 0
1972 0
1973 0
1974 0
1975 0
1976 0
1977 0
1978 0
1979 0
1980 0
1981 0
1982 0
1983 0
1984 0
1985 0
1986 0
1987 0
1988 0
1989 0
1990 0
1991 0
1992 0
1993 0
1994 0
1995 0
1996 0
1997 0
1998 0
1999 0
2000 0
2001 0
2002 0
2003 0
2004 0
2005 0
2006 0
2007 0
2008 0
2009 0
2010 0
2011 0
2012 0
2013 0
2014 0
2015 0
2016 0
2017 0
2018 0
2019 0
2020 0
2021 0
2022 0
2023 0
2024 0
2025 0
2026 0
2027 0
2028 0
2029 0
2030 0
2031 0
2032 0
2033 0
2034 0
2035 0
2036 0
2037 0
2038 0
2039 0
2040 0
2041 0
2042 0
2043 0
2044 0
2045 0
2046 0
2047 0
