# Dead time factor = 1.00000
0 0
1 0
2 0
3 0
4 0
5 0
6 0
7 0
8 0
9 0
10 0
11 0
12 0
13 0
14 0
15 0
16 0
17 1
18 4
19 5
20 1
21 6
22 4
23 7
24 8
25 5
26 2
27 2
28 5
29 3
30 4
31 4
32 3
33 2
34 7
35 7
36 5
37 3
38 0
39 4
40 4
41 1
42 3
43 1
44 1
45 1
46 2
47 2
48 7
49 3
50 1
51 1
52 3
53 3
54 2
55 1
56 2
57 5
58 4
59 2
60 3
61 3
62 3
63 2
64 1
65 2
66 7
67 4
68 8
69 2
70 1
71 5
72 3
73 1
74 5
75 2
76 4
77 3
78 2
79 1
80 1
81 6
82 3
83 2
84 4
85 1
86 1
87 1
88 5
89 2
90 5
91 3
92 2
93 2
94 0
95 1
96 3
97 5
98 0
99 0
100 2
101 3
102 0
103 3
104 2
105 2
106 2
107 0
108 1
109 2
110 0
111 1
112 1
113 2
114 1
115 0
116 1
117 0
118 2
119 1
120 1
121 2
122 0
123 4
124 0
125 2
126 0
127 2
128 2
129 1
130 1
131 0
132 1
133 1
134 0
135 1
136 2
137 0
138 1
139 1
140 1
141 1
142 2
143 2
144 0
145 0
146 3
147 2
148 1
149 5
150 1
151 1
152 6
153 1
154 4
155 1
156 1
157 4
158 0
159 1
160 1
161 1
162 1
163 2
164 1
165 2
166 2
167 3
168 1
169 1
170 0
171 3
172 2
173 1
174 0
175 1
176 3
177 0
178 1
179 1
180 1
181 2
182 0
183 0
184 0
185 1
186 0
187 3
188 2
189 1
190 1
191 3
192 0
193 2
194 2
195 0
196 1
197 1
198 1
199 0
200 0
201 2
202 0
203 1
204 0
205 1
206 0
207 0
208 0
209 1
210 2
211 1
212 1
213 0
214 2
215 1
216 0
217 0
218 0
219 3
220 0
221 0
222 1
223 1
224 1
225 1
226 0
227 1
228 0
229 2
230 0
231 0
232 2
233 0
234 0
235 1
236 0
237 0
238 0
239 0
240 0
241 1
242 2
243 1
244 1
245 0
246 0
247 1
248 1
249 1
250 1
251 2
252 2
253 0
254 1
255 0
256 3
257 3
258 1
259 0
260 0
261 0
262 1
263 1
264 0
265 3
266 2
267 3
268 2
269 1
270 0
271 0
272 0
273 0
274 1
275 2
276 0
277 0
278 1
279 0
280 2
281 0
282 1
283 1
284 0
285 1
286 2
287 0
288 0
289 0
290 0
291 1
292 1
293 1
294 2
295 0
296 2
297 2
298 0
299 1
300 0
301 1
302 1
303 0
304 0
305 1
306 2
307 1
308 1
309 1
310 0
311 0
312 2
313 1
314 1
315 1
316 4
317 4
318 0
319 0
320 2
321 2
322 1
323 0
324 4
325 1
326 2
327 0
328 2
329 0
330 0
331 1
332 2
333 1
334 3
335 2
336 0
337 0
338 0
339 1
340 1
341 0
342 1
343 0
344 1
345 1
346 1
347 1
348 0
349 0
350 0
351 3
352 0
353 0
354 0
355 1
356 0
357 0
358 0
359 0
360 2
361 0
362 0
363 0
364 0
365 0
366 1
367 1
368 0
369 1
370 0
371 0
372 1
373 1
374 0
375 0
376 2
377 0
378 0
379 1
380 0
381 0
382 0
383 2
384 0
385 1
386 0
387 2
388 0
389 1
390 2
391 0
392 1
393 1
394 0
395 1
396 0
397 1
398 0
399 1
400 0
401 0
402 0
403 0
404 0
405 1
406 1
407 1
408 0
409 1
410 0
411 0
412 0
413 0
414 0
415 0
416 0
417 0
418 0
419 1
420 0
421 1
422 0
423 0
424 1
425 2
426 1
427 0
428 0
429 2
430 3
431 2
432 1
433 0
434 0
435 0
436 1
437 0
438 1
439 3
440 1
441 1
442 2
443 0
444 0
445 1
446 0
447 0
448 0
449 3
450 0
451 0
452 3
453 0
454 2
455 0
456 0
457 2
458 0
459 0
460 0
461 0
462 0
463 1
464 1
465 2
466 0
467 1
468 0
469 2
470 1
471 1
472 0
473 2
474 0
475 0
476 1
477 0
478 2
479 1
480 0
481 0
482 1
483 0
484 1
485 0
486 0
487 0
488 1
489 0
490 0
491 2
492 0
493 0
494 0
495 0
496 0
497 0
498 0
499 0
500 1
501 0
502 0
503 0
504 0
505 1
506 0
507 1
508 0
509 1
510 1
511 1
512 1
513 0
514 0
515 0
516 1
517 0
518 0
519 1
520 0
521 1
522 0
523 1
524 0
525 1
526 1
527 0
528 3
529 0
530 0
531 0
532 0
533 1
534 2
535 0
536 1
537 1
538 0
539 0
540 0
541 0
542 1
543 0
544 0
545 0
546 1
547 0
548 0
549 1
550 0
551 0
552 0
553 3
554 1
555 1
556 0
557 1
558 0
559 0
560 0
561 1
562 0
563 1
564 1
565 2
566 0
567 1
568 0
569 0
570 0
571 1
572 0
573 0
574 0
575 1
576 0
577 0
578 0
579 0
580 0
581 1
582 2
583 1
584 1
585 0
586 1
587 1
588 1
589 4
590 0
591 0
592 0
593 0
594 0
595 0
596 0
597 0
598 1
599 0
600 2
601 0
602 0
603 1
604 0
605 2
606 2
607 0
608 0
609 2
610 1
611 0
612 1
613 0
614 1
615 0
616 0
617 2
618 1
619 1
620 0
621 0
622 1
623 1
624 0
625 0
626 0
627 0
628 1
629 2
630 1
631 1
632 0
633 0
634 0
635 0
636 0
637 0
638 1
639 1
640 1
641 1
642 0
643 0
644 1
645 1
646 1
647 0
648 0
649 0
650 0
651 1
652 0
653 1
654 3
655 0
656 1
657 1
658 1
659 0
660 0
661 0
662 2
663 0
664 2
665 1
666 1
667 0
668 0
669 0
670 1
671 1
672 3
673 0
674 0
675 1
676 0
677 1
678 0
679 0
680 0
681 1
682 0
683 0
684 0
685 1
686 1
687 0
688 0
689 0
690 0
691 1
692 0
693 1
694 0
695 1
696 0
697 0
698 0
699 1
700 1
701 0
702 0
703 1
704 1
705 0
706 0
707 2
708 0
709 0
710 1
711 2
712 0
713 1
714 0
715 4
716 0
717 0
718 0
719 1
720 0
721 3
722 0
723 1
724 1
725 0
726 2
727 1
728 0
729 0
730 1
731 0
732 1
733 1
734 0
735 0
736 1
737 0
738 1
739 0
740 1
741 0
742 0
743 0
744 0
745 1
746 0
747 2
748 2
749 2
750 1
751 1
752 0
753 1
754 0
755 2
756 1
757 0
758 1
759 1
760 0
761 2
762 0
763 1
764 1
765 0
766 0
767 0
768 0
769 0
770 1
771 0
772 1
773 1
774 0
775 0
776 2
777 1
778 0
779 1
780 0
781 2
782 2
783 0
784 0
785 0
786 0
787 0
788 3
789 0
790 0
791 1
792 0
793 1
794 0
795 0
796 0
797 2
798 0
799 0
800 0
801 0
802 1
803 1
804 1
805 1
806 1
807 0
808 1
809 0
810 0
811 0
812 0
813 1
814 1
815 1
816 0
817 0
818 3
819 0
820 1
821 0
822 1
823 0
824 1
825 1
826 1
827 0
828 1
829 0
830 1
831 1
832 0
833 0
834 0
835 1
836 1
837 0
838 0
839 1
840 0
841 2
842 1
843 0
844 0
845 0
846 0
847 0
848 0
849 2
850 0
851 0
852 0
853 0
854 0
855 2
856 0
857 1
858 0
859 2
860 1
861 0
862 1
863 0
864 0
865 2
866 1
867 0
868 0
869 2
870 1
871 1
872 0
873 0
874 1
875 1
876 2
877 1
878 1
879 1
880 0
881 0
882 0
883 2
884 0
885 0
886 0
887 2
888 1
889 0
890 3
891 1
892 2
893 0
894 0
895 1
896 1
897 1
898 1
899 0
900 0
901 2
902 1
903 0
904 0
905 0
906 1
907 0
908 1
909 2
910 4
911 0
912 2
913 0
914 0
915 1
916 2
917 0
918 0
919 2
920 0
921 0
922 1
923 1
924 1
925 1
926 2
927 1
928 1
929 1
930 1
931 1
932 1
933 0
934 0
935 1
936 0
937 1
938 2
939 0
940 0
941 1
942 1
943 2
944 1
945 0
946 1
947 0
948 0
949 1
950 1
951 3
952 1
953 1
954 0
955 1
956 1
957 2
958 0
959 2
960 0
961 0
962 1
963 0
964 1
965 1
966 1
967 1
968 0
969 1
970 1
971 0
972 3
973 0
974 0
975 1
976 2
977 0
978 2
979 0
980 2
981 2
982 2
983 0
984 1
985 0
986 0
987 3
988 0
989 0
990 0
991 1
992 2
993 0
994 0
995 0
996 1
997 1
998 0
999 1
1000 1
1001 1
1002 4
1003 3
1004 1
1005 0
1006 0
1007 0
1008 1
1009 1
1010 0
1011 1
1012 2
1013 2
1014 2
1015 1
1016 2
1017 0
1018 0
1019 2
1020 0
1021 3
1022 1
1023 1
1024 1
1025 4
1026 1
1027 0
1028 0
1029 0
1030 2
1031 0
1032 0
1033 2
1034 0
1035 0
1036 3
1037 0
1038 1
1039 1
1040 1
1041 2
1042 1
1043 1
1044 1
1045 1
1046 0
1047 1
1048 2
1049 1
1050 1
1051 4
1052 1
1053 2
1054 2
1055 0
1056 0
1057 2
1058 4
1059 1
1060 0
1061 3
1062 0
1063 1
1064 1
1065 0
1066 1
1067 2
1068 0
1069 0
1070 2
1071 0
1072 3
1073 3
1074 2
1075 1
1076 3
1077 2
1078 3
1079 0
1080 2
1081 0
1082 1
1083 2
1084 0
1085 2
1086 2
1087 6
1088 1
1089 1
1090 1
1091 1
1092 0
1093 0
1094 0
1095 2
1096 1
1097 1
1098 3
1099 3
1100 2
1101 1
1102 1
1103 0
1104 2
1105 1
1106 1
1107 0
1108 0
1109 3
1110 2
1111 4
1112 2
1113 2
1114 0
1115 3
1116 1
1117 0
1118 0
1119 1
1120 0
1121 2
1122 1
1123 1
1124 3
1125 1
1126 1
1127 0
1128 1
1129 0
1130 1
1131 5
1132 1
1133 0
1134 3
1135 1
1136 1
1137 2
1138 3
1139 0
1140 2
1141 0
1142 3
1143 3
1144 2
1145 4
1146 1
1147 3
1148 3
1149 3
1150 2
1151 4
1152 1
1153 2
1154 1
1155 2
1156 3
1157 2
1158 0
1159 2
1160 3
1161 3
1162 1
1163 2
1164 0
1165 4
1166 1
1167 3
1168 2
1169 3
1170 3
1171 1
1172 1
1173 0
1174 1
1175 5
1176 2
1177 1
1178 4
1179 1
1180 2
1181 3
1182 2
1183 4
1184 3
1185 4
1186 3
1187 1
1188 0
1189 3
1190 6
1191 2
1192 2
1193 2
1194 3
1195 4
1196 1
1197 0
1198 0
1199 1
1200 2
1201 1
1202 5
1203 2
1204 2
1205 1
1206 3
1207 1
1208 2
1209 2
1210 3
1211 3
1212 4
1213 0
1214 1
1215 0
1216 4
1217 1
1218 0
1219 2
1220 1
1221 2
1222 1
1223 0
1224 0
1225 1
1226 1
1227 0
1228 3
1229 2
1230 1
1231 0
1232 0
1233 2
1234 0
1235 1
1236 2
1237 3
1238 0
1239 1
1240 2
1241 0
1242 0
1243 0
1244 1
1245 2
1246 2
1247 3
1248 0
1249 2
1250 2
1251 0
1252 1
1253 2
1254 3
1255 2
1256 0
1257 0
1258 0
1259 0
1260 2
1261 1
1262 2
1263 3
1264 2
1265 2
1266 0
1267 3
1268 1
1269 0
1270 3
1271 1
1272 3
1273 3
1274 2
1275 1
1276 4
1277 2
1278 3
1279 2
1280 1
1281 3
1282 0
1283 4
1284 1
1285 1
1286 0
1287 2
1288 1
1289 1
1290 0
1291 0
1292 1
1293 3
1294 0
1295 2
1296 1
1297 3
1298 4
1299 2
1300 1
1301 2
1302 0
1303 2
1304 4
1305 4
1306 0
1307 4
1308 0
1309 2
1310 4
1311 4
1312 4
1313 0
1314 0
1315 2
1316 3
1317 1
1318 4
1319 2
1320 5
1321 1
1322 7
1323 1
1324 1
1325 3
1326 3
1327 1
1328 7
1329 0
1330 1
1331 1
1332 4
1333 1
1334 0
1335 5
1336 1
1337 2
1338 1
1339 3
1340 1
1341 2
1342 1
1343 0
1344 2
1345 4
1346 1
1347 2
1348 3
1349 1
1350 2
1351 0
1352 2
1353 2
1354 2
1355 2
1356 0
1357 1
1358 2
1359 1
1360 1
1361 3
1362 1
1363 1
1364 0
1365 2
1366 2
1367 1
1368 0
1369 1
1370 2
1371 1
1372 1
1373 0
1374 2
1375 0
1376 1
1377 3
1378 1
1379 2
1380 1
1381 2
1382 0
1383 0
1384 1
1385 1
1386 1
1387 1
1388 0
1389 2
1390 1
1391 0
1392 0
1393 1
1394 2
1395 1
1396 0
1397 0
1398 0
1399 1
1400 1
1401 0
1402 0
1403 2
1404 1
1405 0
1406 2
1407 0
1408 0
1409 1
1410 1
1411 0
1412 1
1413 1
1414 0
1415 1
1416 1
1417 2
1418 0
1419 0
1420 0
1421 1
1422 0
1423 1
1424 0
1425 0
1426 1
1427 1
1428 0
1429 1
1430 1
1431 1
1432 2
1433 0
1434 1
1435 1
1436 0
1437 0
1438 0
1439 0
1440 0
1441 0
1442 0
1443 0
1444 1
1445 2
1446 2
1447 0
1448 0
1449 0
1450 0
1451 3
1452 0
1453 1
1454 1
1455 0
1456 3
1457 0
1458 1
1459 0
1460 1
1461 1
1462 0
1463 1
1464 1
1465 0
1466 1
1467 2
1468 1
1469 1
1470 0
1471 1
1472 2
1473 0
1474 1
1475 0
1476 1
1477 1
1478 0
1479 0
1480 0
1481 0
1482 1
1483 1
1484 0
1485 0
1486 1
1487 0
1488 1
1489 1
1490 1
1491 1
1492 1
1493 0
1494 0
1495 0
1496 0
1497 0
1498 1
1499 0
1500 0
1501 0
1502 0
1503 1
1504 0
1505 0
1506 0
1507 0
1508 0
1509 0
1510 0
1511 1
1512 0
1513 1
1514 1
1515 0
1516 1
1517 0
1518 0
1519 0
1520 0
1521 0
1522 1
1523 0
1524 0
1525 0
1526 0
1527 0
1528 0
1529 0
1530 0
1531 1
1532 0
1533 0
1534 0
1535 0
1536 0
1537 0
1538 0
1539 0
1540 0
1541 0
1542 0
1543 0
1544 0
1545 0
1546 0
1547 0
1548 0
1549 0
1550 0
1551 0
1552 0
1553 0
1554 0
1555 0
1556 0
1557 0
1558 0
1559 0
1560 0
1561 0
1562 0
1563 0
1564 0
1565 0
1566 0
1567 0
1568 0
1569 0
1570 0
1571 0
1572 0
1573 0
1574 0
1575 0
1576 0
1577 0
1578 0
1579 0
1580 0
1581 0
1582 0
1583 0
1584 0
1585 0
1586 0
1587 0
1588 0
1589 0
1590 0
1591 0
1592 0
1593 0
1594 0
1595 0
1596 0
1597 0
1598 0
1599 0
1600 0
1601 0
1602 0
1603 0
1604 0
1605 0
1606 0
1607 0
1608 0
1609 0
1610 0
1611 0
1612 0
1613 0
1614 0
1615 0
1616 0
1617 0
1618 0
1619 0
1620 0
1621 0
1622 0
1623 0
1624 0
1625 0
1626 0
1627 0
1628 0
1629 0
1630 0
1631 0
1632 0
1633 0
1634 0
1635 0
1636 0
1637 0
1638 0
1639 0
1640 0
1641 0
1642 0
1643 0
1644 0
1645 0
1646 0
1647 0
1648 0
1649 0
1650 0
1651 0
1652 0
1653 0
1654 0
1655 0
1656 0
1657 0
1658 0
1659 0
1660 1
1661 0
1662 0
1663 0
1664 0
1665 0
1666 0
1667 0
1668 0
1669 0
1670 0
1671 0
1672 0
1673 0
1674 0
1675 0
1676 0
1677 0
1678 0
1679 0
1680 0
1681 0
1682 0
1683 0
1684 0
1685 0
1686 0
1687 0
1688 0
1689 0
1690 0
1691 0
1692 0
1693 0
1694 0
1695 0
1696 0
1697 0
1698 0
1699 0
1700 0
1701 0
1702 0
1703 0
1704 0
1705 0
1706 0
1707 0
1708 0
1709 0
1710 0
1711 0
1712 0
1713 0
1714 0
1715 0
1716 0
1717 0
1718 0
1719 0
1720 0
1721 0
1722 0
1723 0
1724 0
1725 0
1726 0
1727 0
1728 0
1729 0
1730 0
1731 0
1732 0
1733 0
1734 0
1735 0
1736 0
1737 0
1738 0
1739 0
1740 0
1741 0
1742 0
1743 0
1744 0
1745 0
1746 0
1747 0
1748 0
1749 0
1750 0
1751 0
1752 0
1753 0
1754 0
1755 0
1756 0
1757 0
1758 0
1759 0
1760 0
1761 0
1762 0
1763 0
1764 0
1765 0
1766 0
1767 0
1768 0
1769 1
1770 0
1771 0
1772 0
1773 0
1774 0
1775 0
1776 1
1777 0
1778 0
1779 0
1780 0
1781 0
1782 0
1783 0
1784 0
1785 0
1786 0
1787 0
1788 0
1789 0
1790 0
1791 0
1792 0
1793 0
1794 0
1795 0
1796 0
1797 0
1798 0
1799 0
1800 1
1801 0
1802 1
1803 0
1804 0
1805 0
1806 0
1807 0
1808 0
1809 0
1810 0
1811 0
1812 0
1813 0
1814 0
1815 0
1816 0
1817 0
1818 0
1819 0
1820 0
1821 0
1822 0
1823 0
1824 0
1825 0
1826 0
1827 0
1828 0
1829 0
1830 0
1831 0
1832 0
1833 0
1834 0
1835 0
1836 0
1837 0
1838 0
1839 0
1840 0
1841 0
1842 0
1843 0
1844 0
1845 0
1846 0
1847 0
1848 0
1849 0
1850 0
1851 0
1852 0
1853 0
1854 0
1855 0
1856 0
1857 0
1858 0
1859 0
1860 0
1861 0
1862 0
1863 0
1864 0
1865 0
1866 0
1867 0
1868 0
1869 0
1870 0
1871 0
1872 0
1873 0
1874 0
1875 0
1876 0
1877 0
1878 0
1879 0
1880 0
1881 0
1882 0
1883 0
1884 0
1885 0
1886 0
1887 0
1888 0
1889 0
1890 0
1891 0
1892 0
1893 0
1894 0
1895 0
1896 0
1897 0
1898 0
1899 0
1900 0
1901 0
1902 0
1903 0
1904 0
1905 0
1906 0
1907 0
1908 0
1909 0
1910 0
1911 0
1912 0
1913 0
1914 0
1915 0
1916 0
1917 0
1918 0
1919 0
1920 0
1921 0
1922 0
1923 0
1924 0
1925 0
1926 0
1927 0
1928 0
1929 0
1930 0
1931 0
1932 0
1933 0
1934 0
1935 0
1936 0
1937 0
1938 0
1939 0
1940 0
1941 0
1942 0
1943 0
1944 0
1945 0
1946 0
1947 0
1948 0
1949 0
1950 0
1951 0
1952 0
1953 0
1954 0
1955 0
1956 0
1957 0
1958 0
1959 0
1960 0
1961 0
1962 0
1963 0
1964 0
1965 0
1966 0
1967 0
1968 0
1969 0
1970 0
1971 0
1972 0
1973 0
1974 0
1975 0
1976 0
1977 0
1978 0
1979 0
1980 0
1981 1
1982 0
1983 0
1984 0
1985 0
1986 0
1987 0
1988 0
1989 0
1990 0
1991 0
1992 0
1993 0
1994 0
1995 0
1996 0
1997 0
1998 0
1999 0
2000 0
2001 0
2002 0
2003 0
2004 0
2005 0
2006 0
2007 0
2008 0
2009 0
2010 0
2011 0
2012 0
2013 0
2014 0
2015 0
2016 0
2017 0
2018 0
2019 0
2020 0
2021 0
2022 0
2023 0
2024 0
2025 0
2026 0
2027 0
2028 0
2029 0
2030 0
2031 0
2032 0
2033 0
2034 0
2035 0
2036 0
2037 0
2038 0
2039 0
2040 0
2041 0
2042 0
2043 0
2044 0
2045 0
2046 0
2047 0
