# Dead time factor = 1.00000
0 0
1 0
2 0
3 0
4 0
5 0
6 0
7 0
8 0
9 0
10 0
11 0
12 0
13 0
14 0
15 0
16 0
17 0
18 5
19 3
20 3
21 6
22 5
23 7
24 7
25 8
26 4
27 8
28 5
29 3
30 2
31 2
32 3
33 3
34 5
35 4
36 8
37 9
38 3
39 6
40 6
41 1
42 2
43 3
44 2
45 2
46 1
47 7
48 1
49 2
50 3
51 4
52 4
53 2
54 3
55 2
56 2
57 5
58 4
59 1
60 3
61 1
62 3
63 4
64 3
65 3
66 2
67 2
68 1
69 0
70 3
71 3
72 2
73 5
74 3
75 4
76 4
77 3
78 0
79 1
80 5
81 2
82 7
83 0
84 2
85 1
86 0
87 2
88 2
89 3
90 0
91 0
92 2
93 1
94 1
95 2
96 4
97 2
98 2
99 1
100 1
101 2
102 0
103 0
104 0
105 1
106 2
107 3
108 0
109 3
110 2
111 4
112 1
113 2
114 1
115 0
116 2
117 1
118 2
119 0
120 1
121 4
122 1
123 1
124 1
125 3
126 3
127 2
128 0
129 2
130 0
131 1
132 2
133 4
134 1
135 2
136 2
137 2
138 2
139 0
140 1
141 3
142 0
143 0
144 1
145 1
146 2
147 0
148 1
149 3
150 1
151 1
152 1
153 0
154 5
155 3
156 2
157 2
158 2
159 2
160 1
161 1
162 2
163 2
164 1
165 2
166 0
167 1
168 2
169 0
170 1
171 0
172 1
173 2
174 0
175 0
176 1
177 3
178 0
179 0
180 0
181 0
182 0
183 2
184 4
185 3
186 1
187 0
188 0
189 0
190 1
191 0
192 0
193 2
194 0
195 1
196 0
197 2
198 0
199 2
200 3
201 1
202 1
203 0
204 2
205 0
206 1
207 1
208 0
209 1
210 0
211 0
212 1
213 2
214 1
215 2
216 1
217 1
218 0
219 0
220 0
221 1
222 0
223 1
224 0
225 0
226 0
227 2
228 0
229 0
230 1
231 0
232 0
233 1
234 0
235 0
236 0
237 0
238 1
239 1
240 0
241 0
242 1
243 0
244 0
245 0
246 1
247 1
248 1
249 1
250 0
251 1
252 0
253 1
254 1
255 0
256 0
257 0
258 0
259 1
260 0
261 0
262 3
263 0
264 0
265 1
266 2
267 0
268 0
269 0
270 1
271 2
272 0
273 0
274 2
275 0
276 1
277 0
278 0
279 0
280 0
281 1
282 1
283 0
284 0
285 0
286 1
287 0
288 4
289 0
290 1
291 0
292 0
293 1
294 0
295 0
296 3
297 1
298 1
299 0
300 1
301 0
302 0
303 0
304 2
305 0
306 0
307 1
308 2
309 1
310 0
311 1
312 1
313 0
314 0
315 1
316 2
317 0
318 1
319 0
320 0
321 1
322 0
323 0
324 0
325 3
326 1
327 1
328 1
329 2
330 0
331 0
332 2
333 0
334 0
335 0
336 0
337 1
338 1
339 2
340 0
341 1
342 1
343 1
344 0
345 0
346 0
347 1
348 0
349 0
350 1
351 0
352 1
353 1
354 0
355 0
356 0
357 2
358 0
359 0
360 0
361 2
362 0
363 0
364 0
365 0
366 1
367 0
368 0
369 0
370 0
371 0
372 0
373 0
374 0
375 2
376 1
377 0
378 0
379 1
380 0
381 1
382 1
383 0
384 1
385 0
386 1
387 1
388 1
389 0
390 1
391 0
392 0
393 0
394 0
395 0
396 1
397 0
398 0
399 0
400 2
401 0
402 0
403 1
404 0
405 0
406 0
407 2
408 2
409 0
410 0
411 1
412 0
413 0
414 1
415 0
416 0
417 1
418 1
419 0
420 0
421 1
422 0
423 0
424 0
425 0
426 0
427 0
428 0
429 0
430 0
431 0
432 0
433 0
434 1
435 1
436 0
437 1
438 1
439 0
440 1
441 0
442 1
443 0
444 1
445 1
446 0
447 0
448 0
449 3
450 0
451 1
452 0
453 1
454 2
455 0
456 0
457 1
458 0
459 0
460 1
461 0
462 1
463 0
464 1
465 2
466 0
467 0
468 1
469 0
470 1
471 0
472 1
473 1
474 0
475 0
476 0
477 0
478 0
479 0
480 0
481 1
482 0
483 0
484 0
485 0
486 1
487 1
488 0
489 0
490 0
491 1
492 0
493 0
494 0
495 0
496 0
497 0
498 0
499 1
500 0
501 0
502 0
503 0
504 0
505 0
506 0
507 1
508 1
509 1
510 0
511 1
512 0
513 1
514 0
515 0
516 0
517 1
518 0
519 0
520 0
521 1
522 0
523 0
524 0
525 1
526 0
527 0
528 2
529 1
530 0
531 0
532 0
533 0
534 1
535 1
536 0
537 0
538 0
539 0
540 0
541 1
542 0
543 0
544 0
545 0
546 1
547 1
548 1
549 0
550 0
551 2
552 0
553 3
554 0
555 0
556 0
557 0
558 0
559 0
560 0
561 1
562 1
563 0
564 1
565 0
566 1
567 0
568 1
569 1
570 1
571 0
572 0
573 0
574 0
575 0
576 0
577 0
578 2
579 2
580 1
581 0
582 1
583 2
584 0
585 0
586 0
587 0
588 0
589 1
590 0
591 1
592 0
593 0
594 0
595 0
596 1
597 0
598 0
599 0
600 0
601 0
602 0
603 0
604 0
605 0
606 0
607 1
608 0
609 0
610 0
611 0
612 0
613 0
614 0
615 1
616 0
617 0
618 1
619 2
620 0
621 0
622 0
623 0
624 0
625 0
626 0
627 0
628 1
629 2
630 0
631 2
632 0
633 2
634 1
635 1
636 0
637 0
638 0
639 0
640 3
641 1
642 0
643 1
644 0
645 0
646 2
647 0
648 0
649 1
650 1
651 0
652 1
653 1
654 1
655 0
656 0
657 1
658 0
659 1
660 0
661 1
662 1
663 2
664 0
665 0
666 0
667 0
668 0
669 0
670 2
671 0
672 0
673 0
674 1
675 2
676 1
677 1
678 2
679 0
680 0
681 0
682 0
683 1
684 0
685 0
686 0
687 1
688 0
689 0
690 1
691 0
692 0
693 0
694 0
695 0
696 2
697 0
698 2
699 1
700 0
701 0
702 0
703 0
704 1
705 1
706 1
707 0
708 0
709 1
710 1
711 1
712 0
713 0
714 0
715 0
716 0
717 1
718 0
719 0
720 1
721 0
722 0
723 1
724 0
725 0
726 1
727 0
728 0
729 1
730 0
731 1
732 0
733 1
734 0
735 1
736 1
737 1
738 0
739 0
740 0
741 0
742 1
743 1
744 0
745 0
746 0
747 0
748 0
749 0
750 1
751 0
752 1
753 0
754 0
755 0
756 0
757 0
758 0
759 1
760 1
761 1
762 0
763 3
764 0
765 0
766 0
767 0
768 1
769 0
770 0
771 0
772 1
773 0
774 1
775 1
776 0
777 1
778 0
779 1
780 0
781 0
782 0
783 1
784 1
785 0
786 0
787 0
788 0
789 0
790 0
791 1
792 0
793 0
794 1
795 0
796 0
797 0
798 0
799 0
800 2
801 2
802 0
803 1
804 1
805 0
806 0
807 2
808 0
809 0
810 0
811 1
812 2
813 2
814 0
815 2
816 0
817 0
818 1
819 1
820 3
821 0
822 1
823 1
824 0
825 0
826 0
827 0
828 0
829 0
830 1
831 2
832 1
833 0
834 2
835 0
836 0
837 0
838 0
839 0
840 0
841 0
842 1
843 0
844 1
845 0
846 1
847 0
848 0
849 0
850 0
851 0
852 0
853 0
854 0
855 0
856 1
857 0
858 1
859 0
860 0
861 0
862 0
863 0
864 0
865 0
866 1
867 0
868 1
869 0
870 0
871 1
872 2
873 0
874 0
875 0
876 0
877 1
878 0
879 2
880 1
881 0
882 1
883 0
884 0
885 0
886 0
887 1
888 1
889 0
890 0
891 0
892 1
893 0
894 1
895 0
896 0
897 1
898 0
899 1
900 0
901 0
902 2
903 2
904 0
905 0
906 0
907 1
908 0
909 0
910 0
911 0
912 0
913 0
914 0
915 1
916 0
917 2
918 1
919 1
920 1
921 0
922 0
923 1
924 1
925 0
926 1
927 0
928 0
929 0
930 0
931 1
932 0
933 1
934 1
935 1
936 0
937 2
938 2
939 0
940 0
941 1
942 0
943 0
944 0
945 0
946 0
947 1
948 3
949 1
950 1
951 0
952 2
953 0
954 0
955 2
956 1
957 1
958 0
959 0
960 0
961 2
962 0
963 0
964 0
965 1
966 0
967 0
968 0
969 1
970 1
971 1
972 2
973 1
974 0
975 1
976 1
977 2
978 0
979 0
980 0
981 0
982 0
983 0
984 0
985 2
986 2
987 1
988 1
989 0
990 0
991 0
992 3
993 1
994 0
995 2
996 0
997 0
998 1
999 4
1000 0
1001 0
1002 1
1003 1
1004 0
1005 1
1006 1
1007 0
1008 1
1009 1
1010 1
1011 1
1012 2
1013 1
1014 0
1015 1
1016 1
1017 2
1018 1
1019 1
1020 0
1021 0
1022 2
1023 0
1024 1
1025 1
1026 0
1027 2
1028 0
1029 3
1030 0
1031 0
1032 1
1033 0
1034 0
1035 2
1036 0
1037 0
1038 0
1039 0
1040 2
1041 1
1042 0
1043 1
1044 1
1045 0
1046 2
1047 3
1048 1
1049 1
1050 2
1051 1
1052 0
1053 4
1054 0
1055 1
1056 1
1057 1
1058 0
1059 0
1060 1
1061 1
1062 2
1063 3
1064 1
1065 1
1066 1
1067 1
1068 0
1069 0
1070 0
1071 1
1072 2
1073 1
1074 0
1075 0
1076 0
1077 3
1078 0
1079 1
1080 0
1081 2
1082 0
1083 0
1084 0
1085 0
1086 1
1087 0
1088 0
1089 0
1090 0
1091 0
1092 4
1093 2
1094 0
1095 0
1096 0
1097 0
1098 0
1099 0
1100 2
1101 1
1102 0
1103 1
1104 0
1105 1
1106 0
1107 3
1108 0
1109 0
1110 3
1111 2
1112 0
1113 1
1114 0
1115 2
1116 0
1117 2
1118 2
1119 1
1120 2
1121 1
1122 0
1123 2
1124 0
1125 0
1126 1
1127 0
1128 0
1129 1
1130 0
1131 1
1132 3
1133 0
1134 1
1135 0
1136 3
1137 0
1138 0
1139 3
1140 1
1141 2
1142 3
1143 0
1144 2
1145 0
1146 1
1147 3
1148 4
1149 2
1150 2
1151 0
1152 3
1153 0
1154 2
1155 1
1156 2
1157 1
1158 2
1159 1
1160 2
1161 1
1162 2
1163 1
1164 1
1165 2
1166 2
1167 0
1168 0
1169 1
1170 0
1171 2
1172 1
1173 0
1174 0
1175 1
1176 0
1177 2
1178 0
1179 0
1180 3
1181 0
1182 1
1183 1
1184 0
1185 1
1186 0
1187 3
1188 0
1189 0
1190 2
1191 2
1192 1
1193 0
1194 1
1195 2
1196 1
1197 3
1198 1
1199 1
1200 1
1201 2
1202 2
1203 0
1204 3
1205 2
1206 1
1207 3
1208 2
1209 0
1210 0
1211 2
1212 2
1213 0
1214 0
1215 2
1216 1
1217 0
1218 1
1219 1
1220 2
1221 2
1222 1
1223 0
1224 0
1225 3
1226 1
1227 1
1228 3
1229 2
1230 1
1231 3
1232 0
1233 1
1234 1
1235 1
1236 1
1237 0
1238 0
1239 2
1240 0
1241 2
1242 0
1243 1
1244 0
1245 1
1246 2
1247 3
1248 1
1249 0
1250 2
1251 1
1252 1
1253 1
1254 0
1255 1
1256 1
1257 0
1258 3
1259 0
1260 1
1261 1
1262 0
1263 2
1264 2
1265 1
1266 1
1267 1
1268 1
1269 0
1270 2
1271 4
1272 0
1273 0
1274 2
1275 1
1276 1
1277 2
1278 0
1279 3
1280 1
1281 0
1282 2
1283 1
1284 2
1285 2
1286 0
1287 4
1288 0
1289 1
1290 2
1291 1
1292 1
1293 0
1294 1
1295 1
1296 3
1297 0
1298 0
1299 2
1300 0
1301 0
1302 3
1303 0
1304 0
1305 2
1306 1
1307 4
1308 0
1309 5
1310 0
1311 1
1312 0
1313 2
1314 2
1315 2
1316 1
1317 1
1318 1
1319 2
1320 0
1321 3
1322 2
1323 2
1324 4
1325 2
1326 1
1327 2
1328 1
1329 1
1330 0
1331 2
1332 1
1333 1
1334 0
1335 0
1336 3
1337 0
1338 1
1339 0
1340 1
1341 0
1342 1
1343 3
1344 2
1345 1
1346 0
1347 1
1348 0
1349 0
1350 0
1351 3
1352 0
1353 2
1354 1
1355 2
1356 0
1357 0
1358 0
1359 1
1360 0
1361 0
1362 0
1363 1
1364 0
1365 1
1366 1
1367 0
1368 0
1369 0
1370 0
1371 1
1372 0
1373 1
1374 1
1375 0
1376 1
1377 0
1378 0
1379 1
1380 0
1381 0
1382 0
1383 1
1384 1
1385 0
1386 0
1387 0
1388 0
1389 0
1390 0
1391 0
1392 0
1393 0
1394 0
1395 0
1396 1
1397 0
1398 0
1399 0
1400 0
1401 1
1402 1
1403 1
1404 0
1405 0
1406 0
1407 0
1408 0
1409 0
1410 1
1411 0
1412 0
1413 0
1414 3
1415 0
1416 0
1417 0
1418 0
1419 1
1420 0
1421 0
1422 0
1423 0
1424 0
1425 0
1426 0
1427 0
1428 2
1429 1
1430 0
1431 1
1432 1
1433 2
1434 0
1435 0
1436 0
1437 0
1438 0
1439 0
1440 1
1441 1
1442 0
1443 0
1444 0
1445 0
1446 1
1447 0
1448 0
1449 0
1450 0
1451 0
1452 0
1453 0
1454 0
1455 2
1456 0
1457 0
1458 1
1459 0
1460 0
1461 0
1462 1
1463 0
1464 1
1465 1
1466 1
1467 1
1468 0
1469 0
1470 0
1471 0
1472 0
1473 0
1474 0
1475 0
1476 1
1477 0
1478 0
1479 0
1480 0
1481 0
1482 0
1483 0
1484 0
1485 2
1486 1
1487 1
1488 0
1489 0
1490 1
1491 0
1492 0
1493 0
1494 0
1495 0
1496 1
1497 0
1498 1
1499 1
1500 1
1501 0
1502 1
1503 1
1504 0
1505 0
1506 0
1507 0
1508 0
1509 0
1510 0
1511 0
1512 0
1513 1
1514 0
1515 0
1516 1
1517 0
1518 0
1519 0
1520 0
1521 1
1522 0
1523 0
1524 0
1525 0
1526 0
1527 0
1528 0
1529 0
1530 0
1531 0
1532 0
1533 0
1534 0
1535 0
1536 0
1537 0
1538 0
1539 0
1540 0
1541 0
1542 0
1543 0
1544 0
1545 0
1546 0
1547 0
1548 0
1549 0
1550 0
1551 0
1552 0
1553 1
1554 0
1555 0
1556 0
1557 0
1558 0
1559 0
1560 0
1561 0
1562 0
1563 0
1564 0
1565 0
1566 0
1567 0
1568 0
1569 0
1570 0
1571 0
1572 0
1573 0
1574 0
1575 0
1576 0
1577 0
1578 0
1579 0
1580 0
1581 0
1582 0
1583 0
1584 0
1585 0
1586 0
1587 0
1588 0
1589 0
1590 0
1591 0
1592 0
1593 0
1594 1
1595 0
1596 0
1597 0
1598 0
1599 0
1600 0
1601 0
1602 0
1603 0
1604 0
1605 0
1606 0
1607 0
1608 0
1609 0
1610 0
1611 0
1612 0
1613 0
1614 0
1615 0
1616 0
1617 0
1618 0
1619 0
1620 0
1621 0
1622 0
1623 0
1624 0
1625 0
1626 0
1627 0
1628 0
1629 0
1630 0
1631 0
1632 0
1633 0
1634 0
1635 0
1636 0
1637 0
1638 0
1639 0
1640 0
1641 0
1642 0
1643 0
1644 0
1645 0
1646 0
1647 0
1648 0
1649 0
1650 0
1651 0
1652 0
1653 0
1654 0
1655 0
1656 0
1657 0
1658 0
1659 0
1660 0
1661 0
1662 0
1663 0
1664 0
1665 0
1666 0
1667 0
1668 0
1669 0
1670 0
1671 0
1672 0
1673 0
1674 0
1675 0
1676 0
1677 0
1678 0
1679 0
1680 0
1681 0
1682 0
1683 0
1684 0
1685 0
1686 0
1687 0
1688 0
1689 0
1690 0
1691 0
1692 0
1693 0
1694 0
1695 0
1696 0
1697 1
1698 0
1699 0
1700 1
1701 0
1702 0
1703 0
1704 0
1705 0
1706 0
1707 0
1708 0
1709 0
1710 0
1711 0
1712 0
1713 0
1714 0
1715 0
1716 0
1717 0
1718 0
1719 0
1720 0
1721 0
1722 0
1723 0
1724 0
1725 0
1726 0
1727 0
1728 0
1729 0
1730 0
1731 0
1732 0
1733 0
1734 0
1735 0
1736 0
1737 0
1738 0
1739 0
1740 0
1741 0
1742 0
1743 0
1744 0
1745 0
1746 0
1747 0
1748 0
1749 0
1750 0
1751 0
1752 0
1753 0
1754 0
1755 0
1756 0
1757 0
1758 0
1759 0
1760 0
1761 0
1762 0
1763 0
1764 0
1765 0
1766 0
1767 0
1768 0
1769 0
1770 0
1771 0
1772 0
1773 0
1774 0
1775 0
1776 0
1777 0
1778 0
1779 0
1780 0
1781 0
1782 0
1783 0
1784 0
1785 0
1786 0
1787 0
1788 0
1789 0
1790 0
1791 0
1792 0
1793 0
1794 0
1795 0
1796 0
1797 0
1798 0
1799 0
1800 0
1801 0
1802 0
1803 0
1804 0
1805 0
1806 0
1807 0
1808 0
1809 0
1810 0
1811 0
1812 0
1813 0
1814 0
1815 0
1816 0
1817 0
1818 0
1819 0
1820 0
1821 0
1822 0
1823 0
1824 0
1825 0
1826 0
1827 0
1828 0
1829 0
1830 0
1831 0
1832 0
1833 0
1834 0
1835 0
1836 0
1837 0
1838 0
1839 0
1840 0
1841 0
1842 0
1843 0
1844 0
1845 0
1846 0
1847 0
1848 0
1849 0
1850 0
1851 0
1852 0
1853 0
1854 0
1855 0
1856 0
1857 0
1858 0
1859 0
1860 0
1861 0
1862 0
1863 0
1864 0
1865 0
1866 0
1867 0
1868 0
1869 0
1870 0
1871 0
1872 0
1873 0
1874 0
1875 0
1876 0
1877 0
1878 0
1879 0
1880 0
1881 0
1882 0
1883 0
1884 0
1885 0
1886 0
1887 0
1888 0
1889 0
1890 0
1891 0
1892 0
1893 0
1894 0
1895 0
1896 0
1897 0
1898 0
1899 0
1900 0
1901 0
1902 0
1903 0
1904 0
1905 0
1906 0
1907 0
1908 0
1909 0
1910 0
1911 0
1912 0
1913 0
1914 0
1915 0
1916 0
1917 0
1918 0
1919 0
1920 0
1921 0
1922 0
1923 0
1924 0
1925 0
1926 0
1927 0
1928 0
1929 0
1930 0
1931 0
1932 0
1933 0
1934 0
1935 0
1936 0
1937 0
1938 0
1939 0
1940 0
1941 0
1942 0
1943 0
1944 0
1945 0
1946 0
1947 0
1948 0
1949 0
1950 0
1951 0
1952 0
1953 0
1954 0
1955 0
1956 0
1957 0
1958 0
1959 0
1960 0
1961 0
1962 0
1963 0
1964 0
1965 0
1966 1
1967 0
1968 0
1969 0
1970 0
1971 0
1972 0
1973 0
1974 0
1975 0
1976 0
1977 0
1978 0
1979 0
1980 0
1981 0
1982 0
1983 0
1984 0
1985 0
1986 0
1987 0
1988 0
1989 0
1990 0
1991 0
1992 0
1993 0
1994 0
1995 0
1996 0
1997 0
1998 0
1999 0
2000 0
2001 0
2002 0
2003 0
2004 0
2005 0
2006 0
2007 0
2008 0
2009 0
2010 0
2011 0
2012 0
2013 0
2014 0
2015 0
2016 0
2017 0
2018 0
2019 0
2020 0
2021 0
2022 1
2023 0
2024 0
2025 0
2026 0
2027 0
2028 0
2029 0
2030 0
2031 0
2032 0
2033 0
2034 0
2035 0
2036 0
2037 0
2038 0
2039 0
2040 0
2041 0
2042 0
2043 0
2044 0
2045 0
2046 0
2047 0
