# Dead time factor = 1.00000
0 0
1 0
2 0
3 0
4 0
5 0
6 0
7 0
8 0
9 0
10 0
11 0
12 0
13 0
14 0
15 0
16 0
17 558
18 4107
19 4130
20 3764
21 3566
22 3292
23 3229
24 2994
25 2833
26 2572
27 2517
28 2392
29 2330
30 2289
31 2266
32 2280
33 2387
34 2417
35 2464
36 2427
37 2573
38 2415
39 2503
40 2380
41 2331
42 2359
43 2258
44 2256
45 2135
46 2193
47 2095
48 2134
49 2051
50 2082
51 2115
52 2165
53 2263
54 2315
55 2480
56 2802
57 2912
58 3051
59 3241
60 3254
61 3122
62 2928
63 2814
64 2534
65 2332
66 2250
67 2267
68 2119
69 2150
70 2028
71 2062
72 1935
73 1943
74 1965
75 1842
76 1818
77 1826
78 1832
79 1798
80 1838
81 1815
82 1734
83 1667
84 1634
85 1804
86 1724
87 1672
88 1656
89 1634
90 1589
91 1575
92 1675
93 1567
94 1562
95 1525
96 1529
97 1453
98 1471
99 1451
100 1460
101 1444
102 1461
103 1342
104 1446
105 1445
106 1498
107 1418
108 1483
109 1486
110 1510
111 1415
112 1582
113 1523
114 1426
115 1552
116 1515
117 1536
118 1500
119 1570
120 1554
121 1580
122 1558
123 1611
124 1697
125 1589
126 1646
127 1626
128 1673
129 1772
130 1699
131 1718
132 1709
133 1716
134 1659
135 1692
136 1749
137 1728
138 1748
139 1776
140 1817
141 1778
142 1908
143 2052
144 2034
145 2212
146 2392
147 2538
148 2687
149 2799
150 3000
151 2891
152 3060
153 3018
154 2879
155 2776
156 2666
157 2547
158 2296
159 2189
160 1978
161 1894
162 1739
163 1615
164 1564
165 1431
166 1537
167 1348
168 1347
169 1335
170 1298
171 1284
172 1229
173 1218
174 1195
175 1140
176 1054
177 1071
178 1096
179 1035
180 1031
181 1033
182 1060
183 1067
184 1048
185 1012
186 1043
187 1055
188 1115
189 1094
190 1108
191 1054
192 1143
193 1114
194 1110
195 1099
196 1059
197 1085
198 1051
199 1123
200 1104
201 1104
202 1019
203 995
204 989
205 954
206 907
207 874
208 897
209 906
210 896
211 840
212 763
213 823
214 864
215 815
216 820
217 883
218 831
219 874
220 812
221 792
222 799
223 798
224 790
225 788
226 807
227 775
228 756
229 770
230 825
231 807
232 740
233 759
234 792
235 792
236 755
237 768
238 789
239 780
240 786
241 788
242 739
243 775
244 742
245 713
246 723
247 735
248 723
249 669
250 648
251 658
252 664
253 657
254 606
255 641
256 675
257 617
258 666
259 617
260 596
261 598
262 593
263 567
264 583
265 611
266 579
267 573
268 550
269 547
270 549
271 544
272 519
273 507
274 530
275 514
276 501
277 517
278 492
279 536
280 493
281 510
282 467
283 490
284 482
285 498
286 499
287 468
288 512
289 501
290 475
291 480
292 515
293 461
294 531
295 507
296 499
297 489
298 481
299 459
300 507
301 484
302 465
303 470
304 432
305 453
306 445
307 456
308 478
309 452
310 444
311 475
312 417
313 412
314 459
315 486
316 444
317 443
318 454
319 438
320 451
321 460
322 421
323 440
324 428
325 480
326 403
327 419
328 440
329 415
330 392
331 434
332 423
333 450
334 414
335 441
336 435
337 378
338 443
339 397
340 393
341 422
342 379
343 396
344 391
345 424
346 409
347 364
348 400
349 383
350 370
351 318
352 375
353 394
354 392
355 384
356 363
357 390
358 375
359 385
360 397
361 373
362 339
363 385
364 358
365 374
366 377
367 353
368 371
369 366
370 412
371 366
372 346
373 321
374 355
375 342
376 359
377 367
378 337
379 368
380 349
381 333
382 317
383 311
384 339
385 344
386 308
387 323
388 315
389 319
390 324
391 341
392 333
393 367
394 350
395 359
396 332
397 325
398 354
399 349
400 369
401 334
402 299
403 337
404 326
405 342
406 320
407 339
408 332
409 318
410 335
411 326
412 267
413 330
414 312
415 327
416 332
417 319
418 316
419 297
420 313
421 313
422 329
423 301
424 321
425 301
426 345
427 354
428 334
429 325
430 323
431 307
432 285
433 313
434 305
435 323
436 281
437 295
438 312
439 297
440 293
441 283
442 263
443 290
444 286
445 284
446 278
447 296
448 288
449 271
450 262
451 261
452 308
453 253
454 264
455 283
456 282
457 276
458 288
459 266
460 287
461 293
462 278
463 296
464 261
465 264
466 267
467 269
468 273
469 264
470 271
471 272
472 256
473 281
474 265
475 268
476 259
477 279
478 285
479 254
480 276
481 250
482 257
483 251
484 254
485 264
486 254
487 238
488 237
489 258
490 235
491 250
492 255
493 273
494 251
495 270
496 234
497 266
498 272
499 264
500 249
501 266
502 221
503 250
504 259
505 278
506 275
507 243
508 234
509 234
510 276
511 275
512 269
513 264
514 238
515 257
516 262
517 223
518 251
519 233
520 275
521 261
522 255
523 233
524 257
525 221
526 233
527 240
528 229
529 246
530 231
531 222
532 253
533 248
534 251
535 242
536 237
537 251
538 239
539 241
540 262
541 253
542 229
543 248
544 233
545 244
546 237
547 216
548 218
549 241
550 214
551 229
552 209
553 220
554 223
555 222
556 218
557 249
558 224
559 210
560 247
561 217
562 245
563 222
564 217
565 191
566 215
567 217
568 236
569 232
570 216
571 199
572 217
573 223
574 220
575 217
576 191
577 213
578 205
579 207
580 206
581 214
582 192
583 192
584 202
585 210
586 196
587 216
588 226
589 221
590 197
591 193
592 232
593 223
594 199
595 201
596 202
597 202
598 201
599 191
600 185
601 205
602 211
603 211
604 222
605 204
606 208
607 210
608 192
609 210
610 224
611 211
612 234
613 220
614 229
615 233
616 217
617 251
618 208
619 210
620 235
621 200
622 211
623 201
624 206
625 215
626 210
627 229
628 211
629 196
630 214
631 246
632 202
633 226
634 198
635 211
636 193
637 229
638 231
639 193
640 194
641 190
642 174
643 208
644 163
645 194
646 205
647 216
648 194
649 196
650 205
651 198
652 178
653 203
654 241
655 192
656 194
657 216
658 204
659 231
660 189
661 201
662 200
663 198
664 183
665 213
666 200
667 181
668 190
669 200
670 196
671 189
672 194
673 183
674 208
675 195
676 204
677 200
678 195
679 170
680 190
681 169
682 197
683 187
684 182
685 188
686 186
687 184
688 196
689 174
690 160
691 159
692 177
693 189
694 195
695 183
696 206
697 161
698 170
699 160
700 182
701 173
702 156
703 197
704 181
705 184
706 157
707 156
708 168
709 184
710 202
711 180
712 175
713 159
714 170
715 194
716 164
717 149
718 159
719 154
720 148
721 168
722 154
723 159
724 144
725 157
726 155
727 167
728 165
729 182
730 151
731 155
732 187
733 141
734 153
735 158
736 140
737 158
738 152
739 140
740 138
741 161
742 142
743 142
744 184
745 164
746 173
747 152
748 159
749 166
750 167
751 162
752 165
753 158
754 169
755 173
756 166
757 202
758 180
759 206
760 178
761 187
762 173
763 184
764 201
765 193
766 224
767 209
768 181
769 195
770 187
771 230
772 177
773 194
774 211
775 198
776 201
777 182
778 201
779 164
780 212
781 203
782 188
783 212
784 185
785 185
786 178
787 194
788 179
789 185
790 158
791 157
792 177
793 151
794 204
795 153
796 150
797 153
798 179
799 209
800 165
801 186
802 140
803 156
804 133
805 157
806 146
807 159
808 156
809 151
810 133
811 138
812 164
813 126
814 142
815 164
816 132
817 148
818 140
819 147
820 139
821 150
822 147
823 147
824 145
825 122
826 148
827 145
828 124
829 155
830 130
831 133
832 117
833 152
834 126
835 125
836 108
837 127
838 125
839 131
840 123
841 137
842 122
843 138
844 126
845 132
846 125
847 136
848 149
849 135
850 142
851 123
852 130
853 129
854 140
855 128
856 124
857 122
858 132
859 143
860 134
861 139
862 115
863 143
864 136
865 144
866 120
867 113
868 148
869 132
870 132
871 117
872 119
873 109
874 135
875 133
876 128
877 132
878 126
879 118
880 126
881 136
882 130
883 114
884 101
885 131
886 133
887 122
888 128
889 130
890 124
891 122
892 129
893 128
894 132
895 136
896 124
897 148
898 135
899 142
900 128
901 139
902 136
903 103
904 134
905 124
906 114
907 129
908 140
909 134
910 117
911 134
912 117
913 114
914 137
915 127
916 125
917 120
918 120
919 141
920 126
921 136
922 133
923 124
924 123
925 131
926 103
927 109
928 122
929 108
930 143
931 137
932 124
933 140
934 109
935 114
936 97
937 107
938 104
939 117
940 115
941 112
942 132
943 109
944 112
945 113
946 125
947 151
948 115
949 109
950 159
951 129
952 100
953 144
954 141
955 110
956 129
957 130
958 137
959 121
960 163
961 144
962 156
963 118
964 113
965 120
966 141
967 121
968 138
969 129
970 149
971 147
972 136
973 113
974 131
975 156
976 166
977 176
978 140
979 137
980 158
981 159
982 142
983 164
984 172
985 149
986 158
987 166
988 154
989 168
990 158
991 160
992 162
993 174
994 176
995 160
996 179
997 175
998 177
999 177
1000 158
1001 170
1002 185
1003 175
1004 166
1005 141
1006 144
1007 182
1008 194
1009 175
1010 170
1011 142
1012 150
1013 139
1014 172
1015 171
1016 148
1017 175
1018 162
1019 146
1020 154
1021 156
1022 159
1023 150
1024 140
1025 157
1026 133
1027 141
1028 145
1029 138
1030 139
1031 149
1032 151
1033 160
1034 127
1035 138
1036 141
1037 155
1038 150
1039 132
1040 160
1041 152
1042 135
1043 163
1044 155
1045 149
1046 161
1047 169
1048 161
1049 133
1050 149
1051 130
1052 155
1053 150
1054 161
1055 176
1056 172
1057 148
1058 132
1059 136
1060 150
1061 168
1062 152
1063 156
1064 124
1065 149
1066 146
1067 162
1068 130
1069 148
1070 161
1071 170
1072 131
1073 140
1074 158
1075 130
1076 139
1077 160
1078 141
1079 142
1080 140
1081 156
1082 130
1083 156
1084 142
1085 142
1086 136
1087 151
1088 172
1089 157
1090 153
1091 137
1092 137
1093 158
1094 151
1095 143
1096 152
1097 158
1098 144
1099 137
1100 133
1101 133
1102 134
1103 151
1104 163
1105 136
1106 141
1107 141
1108 166
1109 149
1110 144
1111 164
1112 156
1113 153
1114 156
1115 163
1116 161
1117 161
1118 167
1119 148
1120 158
1121 157
1122 174
1123 157
1124 184
1125 178
1126 166
1127 166
1128 197
1129 194
1130 188
1131 224
1132 192
1133 197
1134 228
1135 200
1136 209
1137 197
1138 213
1139 218
1140 206
1141 217
1142 193
1143 202
1144 257
1145 193
1146 233
1147 237
1148 226
1149 254
1150 260
1151 237
1152 264
1153 234
1154 256
1155 260
1156 257
1157 266
1158 236
1159 249
1160 269
1161 269
1162 252
1163 238
1164 252
1165 249
1166 229
1167 255
1168 228
1169 218
1170 206
1171 225
1172 243
1173 234
1174 236
1175 232
1176 203
1177 212
1178 211
1179 198
1180 199
1181 216
1182 193
1183 203
1184 188
1185 177
1186 190
1187 184
1188 199
1189 199
1190 196
1191 178
1192 199
1193 180
1194 176
1195 200
1196 176
1197 185
1198 176
1199 182
1200 196
1201 170
1202 165
1203 175
1204 141
1205 166
1206 156
1207 172
1208 162
1209 156
1210 143
1211 153
1212 140
1213 129
1214 158
1215 142
1216 135
1217 159
1218 155
1219 135
1220 144
1221 130
1222 114
1223 132
1224 127
1225 127
1226 134
1227 134
1228 141
1229 123
1230 131
1231 123
1232 119
1233 119
1234 129
1235 121
1236 123
1237 116
1238 92
1239 122
1240 102
1241 117
1242 125
1243 102
1244 116
1245 125
1246 103
1247 131
1248 101
1249 114
1250 106
1251 111
1252 92
1253 97
1254 116
1255 97
1256 104
1257 128
1258 109
1259 120
1260 92
1261 103
1262 108
1263 97
1264 90
1265 123
1266 107
1267 104
1268 136
1269 134
1270 161
1271 146
1272 116
1273 148
1274 139
1275 134
1276 141
1277 122
1278 150
1279 124
1280 149
1281 170
1282 165
1283 160
1284 194
1285 172
1286 183
1287 176
1288 177
1289 184
1290 162
1291 176
1292 185
1293 195
1294 184
1295 195
1296 206
1297 230
1298 216
1299 201
1300 196
1301 182
1302 216
1303 193
1304 214
1305 212
1306 234
1307 244
1308 218
1309 208
1310 201
1311 224
1312 231
1313 176
1314 204
1315 189
1316 213
1317 176
1318 186
1319 212
1320 199
1321 192
1322 184
1323 178
1324 214
1325 172
1326 182
1327 171
1328 175
1329 169
1330 173
1331 149
1332 152
1333 148
1334 128
1335 134
1336 160
1337 141
1338 135
1339 126
1340 145
1341 112
1342 104
1343 105
1344 121
1345 111
1346 99
1347 86
1348 87
1349 106
1350 109
1351 102
1352 88
1353 72
1354 89
1355 72
1356 87
1357 84
1358 71
1359 72
1360 79
1361 77
1362 58
1363 58
1364 56
1365 49
1366 64
1367 80
1368 54
1369 69
1370 61
1371 62
1372 64
1373 57
1374 58
1375 71
1376 46
1377 52
1378 39
1379 47
1380 55
1381 58
1382 35
1383 40
1384 42
1385 50
1386 51
1387 41
1388 44
1389 42
1390 37
1391 50
1392 43
1393 35
1394 54
1395 45
1396 43
1397 48
1398 47
1399 53
1400 44
1401 42
1402 44
1403 43
1404 40
1405 46
1406 41
1407 46
1408 48
1409 50
1410 42
1411 37
1412 54
1413 45
1414 39
1415 49
1416 48
1417 44
1418 46
1419 42
1420 46
1421 45
1422 29
1423 45
1424 44
1425 38
1426 54
1427 39
1428 57
1429 40
1430 40
1431 44
1432 51
1433 56
1434 39
1435 38
1436 55
1437 42
1438 40
1439 40
1440 49
1441 42
1442 46
1443 41
1444 39
1445 33
1446 53
1447 41
1448 37
1449 40
1450 38
1451 35
1452 29
1453 42
1454 32
1455 43
1456 36
1457 46
1458 43
1459 38
1460 33
1461 38
1462 41
1463 27
1464 35
1465 35
1466 25
1467 33
1468 40
1469 36
1470 30
1471 34
1472 33
1473 26
1474 27
1475 25
1476 35
1477 29
1478 29
1479 30
1480 26
1481 32
1482 23
1483 33
1484 30
1485 26
1486 35
1487 23
1488 29
1489 24
1490 32
1491 31
1492 31
1493 18
1494 34
1495 25
1496 24
1497 25
1498 37
1499 22
1500 20
1501 15
1502 28
1503 28
1504 20
1505 21
1506 19
1507 29
1508 28
1509 24
1510 30
1511 23
1512 28
1513 21
1514 28
1515 27
1516 29
1517 29
1518 20
1519 27
1520 21
1521 21
1522 17
1523 22
1524 39
1525 25
1526 34
1527 31
1528 16
1529 30
1530 22
1531 25
1532 24
1533 25
1534 23
1535 26
1536 30
1537 26
1538 26
1539 22
1540 31
1541 16
1542 31
1543 27
1544 22
1545 30
1546 27
1547 31
1548 24
1549 25
1550 23
1551 29
1552 26
1553 28
1554 24
1555 20
1556 28
1557 28
1558 20
1559 28
1560 23
1561 21
1562 23
1563 22
1564 22
1565 25
1566 24
1567 17
1568 27
1569 31
1570 17
1571 18
1572 23
1573 17
1574 16
1575 21
1576 23
1577 10
1578 29
1579 24
1580 14
1581 29
1582 29
1583 31
1584 29
1585 18
1586 28
1587 13
1588 20
1589 21
1590 18
1591 23
1592 21
1593 26
1594 22
1595 19
1596 22
1597 16
1598 20
1599 19
1600 27
1601 24
1602 21
1603 17
1604 19
1605 21
1606 27
1607 20
1608 21
1609 22
1610 22
1611 25
1612 28
1613 27
1614 23
1615 31
1616 23
1617 23
1618 19
1619 24
1620 19
1621 22
1622 24
1623 17
1624 17
1625 13
1626 18
1627 29
1628 18
1629 32
1630 24
1631 20
1632 21
1633 22
1634 23
1635 20
1636 22
1637 24
1638 22
1639 17
1640 16
1641 9
1642 21
1643 25
1644 22
1645 11
1646 20
1647 19
1648 19
1649 23
1650 28
1651 26
1652 18
1653 22
1654 24
1655 20
1656 25
1657 19
1658 23
1659 22
1660 20
1661 25
1662 22
1663 28
1664 21
1665 16
1666 14
1667 18
1668 23
1669 24
1670 26
1671 17
1672 26
1673 17
1674 21
1675 18
1676 19
1677 15
1678 11
1679 20
1680 22
1681 15
1682 23
1683 11
1684 21
1685 24
1686 18
1687 15
1688 21
1689 18
1690 13
1691 24
1692 18
1693 27
1694 14
1695 11
1696 16
1697 13
1698 21
1699 27
1700 18
1701 14
1702 18
1703 9
1704 21
1705 21
1706 21
1707 23
1708 7
1709 18
1710 15
1711 15
1712 23
1713 24
1714 20
1715 19
1716 21
1717 26
1718 17
1719 21
1720 11
1721 23
1722 15
1723 20
1724 25
1725 19
1726 15
1727 18
1728 17
1729 16
1730 20
1731 16
1732 22
1733 14
1734 25
1735 17
1736 19
1737 15
1738 26
1739 19
1740 22
1741 14
1742 12
1743 13
1744 20
1745 15
1746 18
1747 14
1748 19
1749 24
1750 12
1751 18
1752 18
1753 22
1754 14
1755 19
1756 26
1757 23
1758 16
1759 18
1760 13
1761 21
1762 11
1763 16
1764 11
1765 19
1766 24
1767 25
1768 18
1769 17
1770 16
1771 10
1772 13
1773 14
1774 17
1775 19
1776 12
1777 12
1778 15
1779 12
1780 13
1781 15
1782 16
1783 11
1784 17
1785 19
1786 19
1787 17
1788 24
1789 19
1790 14
1791 19
1792 18
1793 22
1794 11
1795 26
1796 16
1797 16
1798 19
1799 19
1800 18
1801 21
1802 19
1803 22
1804 15
1805 17
1806 19
1807 21
1808 13
1809 16
1810 15
1811 13
1812 12
1813 14
1814 13
1815 12
1816 10
1817 13
1818 16
1819 19
1820 18
1821 21
1822 14
1823 15
1824 16
1825 16
1826 23
1827 10
1828 14
1829 20
1830 16
1831 17
1832 10
1833 20
1834 15
1835 12
1836 13
1837 12
1838 23
1839 10
1840 22
1841 14
1842 11
1843 11
1844 14
1845 19
1846 14
1847 13
1848 13
1849 15
1850 23
1851 15
1852 16
1853 20
1854 19
1855 13
1856 13
1857 15
1858 18
1859 18
1860 13
1861 16
1862 16
1863 11
1864 18
1865 15
1866 14
1867 14
1868 12
1869 18
1870 11
1871 15
1872 14
1873 12
1874 9
1875 16
1876 15
1877 16
1878 16
1879 24
1880 13
1881 14
1882 15
1883 19
1884 21
1885 19
1886 11
1887 14
1888 22
1889 21
1890 14
1891 18
1892 12
1893 12
1894 12
1895 21
1896 23
1897 27
1898 16
1899 10
1900 13
1901 6
1902 9
1903 15
1904 12
1905 11
1906 14
1907 8
1908 13
1909 17
1910 9
1911 10
1912 15
1913 17
1914 17
1915 8
1916 11
1917 7
1918 15
1919 14
1920 9
1921 8
1922 7
1923 11
1924 17
1925 10
1926 16
1927 11
1928 6
1929 14
1930 19
1931 12
1932 15
1933 14
1934 10
1935 17
1936 9
1937 5
1938 9
1939 17
1940 7
1941 11
1942 16
1943 10
1944 10
1945 15
1946 11
1947 13
1948 15
1949 8
1950 12
1951 15
1952 17
1953 5
1954 8
1955 14
1956 8
1957 13
1958 11
1959 10
1960 11
1961 9
1962 13
1963 16
1964 14
1965 13
1966 12
1967 13
1968 15
1969 14
1970 7
1971 7
1972 7
1973 13
1974 8
1975 11
1976 12
1977 17
1978 10
1979 11
1980 10
1981 11
1982 8
1983 13
1984 14
1985 11
1986 14
1987 10
1988 2
1989 3
1990 15
1991 10
1992 8
1993 12
1994 13
1995 8
1996 6
1997 11
1998 6
1999 4
2000 14
2001 7
2002 7
2003 8
2004 10
2005 11
2006 9
2007 8
2008 16
2009 7
2010 11
2011 10
2012 10
2013 10
2014 11
2015 10
2016 11
2017 12
2018 6
2019 8
2020 12
2021 6
2022 16
2023 7
2024 12
2025 11
2026 10
2027 11
2028 10
2029 5
2030 0
2031 0
2032 0
2033 0
2034 0
2035 0
2036 0
2037 0
2038 0
2039 0
2040 0
2041 0
2042 0
2043 0
2044 0
2045 0
2046 0
2047 0
