# Dead time factor = 1.00000
0 0
1 0
2 0
3 0
4 0
5 0
6 0
7 0
8 0
9 0
10 0
11 0
12 0
13 0
14 0
15 0
16 0
17 1
18 5
19 13
20 9
21 4
22 9
23 5
24 6
25 4
26 4
27 5
28 9
29 10
30 12
31 5
32 3
33 6
34 6
35 6
36 5
37 4
38 8
39 6
40 4
41 6
42 6
43 9
44 8
45 9
46 8
47 7
48 8
49 4
50 4
51 5
52 4
53 6
54 2
55 8
56 6
57 3
58 10
59 4
60 7
61 7
62 5
63 3
64 6
65 2
66 7
67 6
68 3
69 2
70 3
71 1
72 5
73 6
74 9
75 6
76 6
77 5
78 8
79 5
80 6
81 5
82 1
83 5
84 5
85 2
86 6
87 4
88 3
89 7
90 3
91 4
92 3
93 6
94 0
95 2
96 2
97 1
98 0
99 4
100 2
101 0
102 5
103 7
104 1
105 2
106 4
107 2
108 1
109 2
110 4
111 2
112 2
113 4
114 2
115 7
116 1
117 1
118 6
119 3
120 2
121 2
122 5
123 1
124 3
125 2
126 5
127 1
128 0
129 3
130 1
131 2
132 1
133 3
134 4
135 0
136 2
137 4
138 2
139 1
140 3
141 1
142 0
143 1
144 3
145 2
146 7
147 2
148 2
149 4
150 7
151 5
152 5
153 2
154 4
155 5
156 5
157 4
158 5
159 1
160 1
161 6
162 6
163 4
164 0
165 5
166 2
167 2
168 2
169 1
170 1
171 2
172 2
173 0
174 2
175 0
176 2
177 1
178 2
179 1
180 1
181 0
182 4
183 4
184 1
185 2
186 1
187 1
188 1
189 6
190 4
191 4
192 3
193 2
194 1
195 4
196 4
197 3
198 2
199 1
200 3
201 1
202 1
203 3
204 1
205 1
206 0
207 2
208 3
209 0
210 4
211 1
212 4
213 1
214 1
215 1
216 1
217 0
218 4
219 2
220 2
221 1
222 2
223 1
224 0
225 1
226 0
227 2
228 0
229 1
230 0
231 2
232 1
233 0
234 1
235 0
236 0
237 3
238 1
239 2
240 1
241 0
242 1
243 0
244 1
245 0
246 3
247 1
248 0
249 0
250 1
251 0
252 0
253 0
254 1
255 1
256 2
257 2
258 1
259 2
260 0
261 2
262 2
263 0
264 1
265 0
266 1
267 0
268 2
269 1
270 1
271 2
272 0
273 2
274 2
275 1
276 4
277 1
278 0
279 3
280 1
281 2
282 1
283 1
284 0
285 3
286 2
287 2
288 2
289 3
290 0
291 2
292 1
293 2
294 4
295 0
296 2
297 2
298 0
299 2
300 1
301 1
302 1
303 4
304 2
305 1
306 0
307 4
308 0
309 2
310 0
311 1
312 0
313 1
314 1
315 3
316 1
317 2
318 1
319 0
320 0
321 1
322 0
323 2
324 3
325 0
326 0
327 4
328 3
329 1
330 1
331 2
332 1
333 2
334 2
335 0
336 0
337 0
338 1
339 0
340 0
341 1
342 0
343 1
344 1
345 1
346 1
347 0
348 0
349 0
350 1
351 1
352 0
353 0
354 0
355 1
356 0
357 1
358 1
359 1
360 1
361 1
362 3
363 0
364 0
365 2
366 1
367 1
368 1
369 0
370 1
371 0
372 2
373 0
374 4
375 0
376 0
377 0
378 2
379 0
380 1
381 1
382 2
383 1
384 1
385 0
386 1
387 1
388 1
389 1
390 1
391 2
392 0
393 3
394 0
395 1
396 2
397 0
398 1
399 1
400 3
401 1
402 4
403 1
404 3
405 1
406 0
407 1
408 1
409 0
410 0
411 0
412 1
413 1
414 0
415 1
416 0
417 1
418 1
419 1
420 1
421 0
422 1
423 0
424 0
425 0
426 2
427 2
428 2
429 0
430 1
431 1
432 1
433 2
434 1
435 0
436 1
437 1
438 2
439 2
440 1
441 4
442 1
443 0
444 2
445 0
446 0
447 0
448 0
449 3
450 1
451 2
452 1
453 0
454 2
455 2
456 0
457 0
458 0
459 2
460 2
461 2
462 2
463 0
464 0
465 1
466 1
467 0
468 3
469 0
470 0
471 2
472 1
473 2
474 1
475 0
476 1
477 1
478 0
479 0
480 1
481 3
482 1
483 1
484 1
485 1
486 1
487 1
488 0
489 3
490 2
491 2
492 1
493 1
494 0
495 1
496 3
497 1
498 0
499 2
500 1
501 2
502 2
503 0
504 1
505 0
506 0
507 1
508 0
509 1
510 1
511 1
512 0
513 0
514 1
515 0
516 1
517 0
518 3
519 2
520 1
521 0
522 2
523 2
524 1
525 0
526 2
527 0
528 1
529 2
530 0
531 0
532 3
533 2
534 1
535 2
536 0
537 3
538 0
539 0
540 0
541 2
542 0
543 2
544 1
545 0
546 1
547 2
548 0
549 1
550 1
551 4
552 2
553 3
554 0
555 4
556 3
557 2
558 0
559 1
560 1
561 1
562 0
563 4
564 0
565 2
566 1
567 1
568 2
569 1
570 2
571 2
572 1
573 0
574 1
575 3
576 2
577 0
578 0
579 2
580 2
581 0
582 0
583 1
584 2
585 2
586 2
587 0
588 0
589 3
590 3
591 0
592 3
593 0
594 1
595 0
596 0
597 2
598 2
599 2
600 0
601 0
602 1
603 3
604 2
605 2
606 0
607 0
608 1
609 1
610 1
611 1
612 0
613 1
614 1
615 0
616 1
617 3
618 1
619 3
620 1
621 0
622 0
623 0
624 0
625 0
626 1
627 0
628 2
629 1
630 2
631 3
632 1
633 1
634 1
635 1
636 1
637 1
638 2
639 0
640 0
641 2
642 0
643 0
644 1
645 0
646 0
647 2
648 0
649 2
650 2
651 1
652 0
653 3
654 3
655 0
656 1
657 0
658 4
659 3
660 3
661 0
662 5
663 1
664 1
665 1
666 2
667 2
668 3
669 2
670 1
671 0
672 3
673 1
674 2
675 2
676 1
677 1
678 0
679 2
680 0
681 2
682 2
683 1
684 1
685 1
686 1
687 0
688 1
689 3
690 2
691 1
692 2
693 1
694 1
695 0
696 1
697 2
698 1
699 3
700 1
701 1
702 1
703 3
704 0
705 1
706 1
707 1
708 3
709 1
710 0
711 1
712 2
713 2
714 1
715 3
716 1
717 2
718 2
719 1
720 0
721 0
722 1
723 2
724 0
725 2
726 0
727 1
728 0
729 1
730 1
731 0
732 2
733 1
734 1
735 2
736 2
737 2
738 1
739 1
740 1
741 1
742 1
743 0
744 2
745 2
746 1
747 0
748 4
749 0
750 2
751 2
752 2
753 0
754 1
755 0
756 1
757 0
758 0
759 0
760 1
761 4
762 0
763 1
764 3
765 2
766 1
767 2
768 3
769 1
770 3
771 2
772 2
773 0
774 1
775 0
776 1
777 2
778 3
779 2
780 1
781 1
782 1
783 2
784 2
785 1
786 0
787 1
788 0
789 2
790 1
791 2
792 1
793 2
794 3
795 0
796 0
797 1
798 5
799 0
800 4
801 0
802 2
803 3
804 1
805 0
806 2
807 0
808 2
809 0
810 0
811 3
812 2
813 1
814 3
815 1
816 4
817 1
818 1
819 1
820 0
821 1
822 1
823 2
824 0
825 2
826 1
827 2
828 0
829 2
830 0
831 1
832 1
833 1
834 3
835 0
836 0
837 2
838 2
839 1
840 2
841 0
842 0
843 2
844 1
845 2
846 0
847 1
848 1
849 2
850 1
851 1
852 3
853 2
854 1
855 2
856 1
857 2
858 3
859 0
860 1
861 0
862 1
863 3
864 2
865 0
866 4
867 0
868 1
869 1
870 1
871 1
872 3
873 2
874 2
875 4
876 3
877 1
878 0
879 1
880 2
881 1
882 3
883 3
884 0
885 0
886 0
887 0
888 1
889 1
890 2
891 3
892 2
893 1
894 2
895 2
896 2
897 3
898 3
899 2
900 2
901 1
902 0
903 3
904 0
905 2
906 1
907 2
908 1
909 0
910 0
911 2
912 1
913 0
914 1
915 1
916 4
917 3
918 2
919 2
920 1
921 1
922 0
923 1
924 5
925 2
926 1
927 2
928 1
929 2
930 3
931 2
932 0
933 2
934 2
935 3
936 5
937 0
938 3
939 1
940 0
941 0
942 2
943 1
944 0
945 3
946 5
947 0
948 0
949 0
950 2
951 3
952 1
953 1
954 0
955 2
956 1
957 2
958 2
959 3
960 3
961 1
962 2
963 1
964 2
965 2
966 3
967 1
968 2
969 3
970 6
971 2
972 2
973 4
974 1
975 2
976 6
977 1
978 2
979 2
980 0
981 2
982 0
983 0
984 5
985 2
986 3
987 3
988 2
989 1
990 1
991 3
992 3
993 3
994 4
995 2
996 3
997 5
998 1
999 3
1000 2
1001 3
1002 2
1003 4
1004 1
1005 3
1006 2
1007 1
1008 1
1009 3
1010 6
1011 2
1012 4
1013 0
1014 1
1015 5
1016 3
1017 3
1018 1
1019 2
1020 2
1021 4
1022 4
1023 1
1024 4
1025 3
1026 4
1027 4
1028 3
1029 1
1030 1
1031 3
1032 4
1033 3
1034 5
1035 2
1036 2
1037 4
1038 1
1039 1
1040 2
1041 5
1042 2
1043 2
1044 1
1045 2
1046 4
1047 2
1048 3
1049 2
1050 4
1051 2
1052 3
1053 1
1054 0
1055 5
1056 3
1057 4
1058 1
1059 5
1060 2
1061 5
1062 2
1063 6
1064 4
1065 2
1066 1
1067 0
1068 3
1069 2
1070 2
1071 3
1072 3
1073 1
1074 2
1075 1
1076 2
1077 1
1078 1
1079 3
1080 2
1081 3
1082 6
1083 4
1084 2
1085 2
1086 2
1087 3
1088 5
1089 3
1090 5
1091 1
1092 2
1093 3
1094 4
1095 2
1096 5
1097 4
1098 1
1099 5
1100 2
1101 6
1102 3
1103 0
1104 5
1105 2
1106 4
1107 1
1108 3
1109 0
1110 3
1111 3
1112 2
1113 2
1114 1
1115 4
1116 4
1117 4
1118 2
1119 3
1120 2
1121 3
1122 2
1123 4
1124 2
1125 2
1126 4
1127 5
1128 1
1129 2
1130 3
1131 4
1132 6
1133 3
1134 5
1135 5
1136 2
1137 6
1138 4
1139 5
1140 2
1141 7
1142 3
1143 2
1144 5
1145 3
1146 4
1147 5
1148 3
1149 4
1150 4
1151 4
1152 6
1153 3
1154 4
1155 5
1156 5
1157 5
1158 4
1159 8
1160 1
1161 3
1162 5
1163 5
1164 5
1165 2
1166 2
1167 3
1168 7
1169 6
1170 4
1171 9
1172 4
1173 5
1174 3
1175 6
1176 8
1177 8
1178 6
1179 3
1180 4
1181 2
1182 4
1183 6
1184 1
1185 3
1186 4
1187 5
1188 3
1189 4
1190 11
1191 3
1192 5
1193 5
1194 6
1195 6
1196 3
1197 2
1198 6
1199 4
1200 6
1201 2
1202 4
1203 5
1204 1
1205 4
1206 3
1207 2
1208 3
1209 5
1210 3
1211 4
1212 4
1213 0
1214 3
1215 1
1216 4
1217 4
1218 8
1219 2
1220 2
1221 5
1222 5
1223 3
1224 2
1225 3
1226 3
1227 4
1228 0
1229 5
1230 3
1231 3
1232 7
1233 0
1234 1
1235 2
1236 7
1237 2
1238 2
1239 1
1240 3
1241 3
1242 1
1243 2
1244 1
1245 0
1246 2
1247 3
1248 2
1249 4
1250 2
1251 2
1252 5
1253 0
1254 5
1255 3
1256 5
1257 2
1258 6
1259 1
1260 2
1261 5
1262 4
1263 2
1264 3
1265 3
1266 0
1267 2
1268 2
1269 2
1270 3
1271 4
1272 3
1273 3
1274 4
1275 2
1276 6
1277 5
1278 5
1279 3
1280 1
1281 5
1282 3
1283 1
1284 2
1285 6
1286 4
1287 3
1288 3
1289 3
1290 4
1291 3
1292 3
1293 5
1294 5
1295 3
1296 5
1297 5
1298 7
1299 3
1300 4
1301 3
1302 7
1303 4
1304 1
1305 3
1306 4
1307 6
1308 5
1309 6
1310 3
1311 6
1312 4
1313 4
1314 9
1315 4
1316 3
1317 6
1318 4
1319 4
1320 6
1321 8
1322 1
1323 8
1324 3
1325 1
1326 4
1327 5
1328 4
1329 4
1330 7
1331 1
1332 4
1333 3
1334 4
1335 4
1336 7
1337 3
1338 5
1339 3
1340 4
1341 7
1342 3
1343 2
1344 1
1345 1
1346 1
1347 6
1348 2
1349 6
1350 0
1351 5
1352 3
1353 4
1354 5
1355 1
1356 2
1357 0
1358 3
1359 1
1360 1
1361 6
1362 5
1363 0
1364 3
1365 0
1366 2
1367 1
1368 5
1369 0
1370 4
1371 2
1372 2
1373 3
1374 3
1375 2
1376 1
1377 1
1378 1
1379 0
1380 1
1381 1
1382 0
1383 2
1384 1
1385 0
1386 3
1387 0
1388 1
1389 2
1390 1
1391 1
1392 1
1393 2
1394 1
1395 3
1396 2
1397 1
1398 1
1399 0
1400 2
1401 1
1402 2
1403 0
1404 0
1405 0
1406 0
1407 2
1408 0
1409 1
1410 0
1411 0
1412 1
1413 1
1414 0
1415 0
1416 1
1417 0
1418 1
1419 0
1420 2
1421 0
1422 1
1423 1
1424 0
1425 0
1426 3
1427 0
1428 2
1429 2
1430 0
1431 1
1432 1
1433 2
1434 0
1435 0
1436 1
1437 3
1438 0
1439 1
1440 0
1441 1
1442 0
1443 1
1444 0
1445 2
1446 0
1447 1
1448 3
1449 1
1450 0
1451 1
1452 0
1453 0
1454 1
1455 1
1456 1
1457 2
1458 2
1459 2
1460 0
1461 0
1462 0
1463 3
1464 1
1465 0
1466 2
1467 1
1468 2
1469 1
1470 3
1471 0
1472 1
1473 1
1474 2
1475 2
1476 0
1477 1
1478 0
1479 1
1480 0
1481 2
1482 2
1483 1
1484 1
1485 1
1486 2
1487 2
1488 3
1489 2
1490 2
1491 3
1492 1
1493 1
1494 2
1495 5
1496 0
1497 1
1498 0
1499 0
1500 0
1501 1
1502 0
1503 1
1504 2
1505 0
1506 1
1507 3
1508 0
1509 0
1510 2
1511 1
1512 2
1513 2
1514 1
1515 0
1516 1
1517 1
1518 0
1519 0
1520 0
1521 0
1522 0
1523 0
1524 0
1525 1
1526 0
1527 0
1528 0
1529 0
1530 0
1531 0
1532 0
1533 0
1534 0
1535 0
1536 0
1537 1
1538 0
1539 0
1540 0
1541 0
1542 0
1543 1
1544 0
1545 0
1546 0
1547 0
1548 0
1549 0
1550 0
1551 0
1552 0
1553 0
1554 0
1555 0
1556 0
1557 0
1558 0
1559 0
1560 0
1561 0
1562 0
1563 0
1564 0
1565 0
1566 0
1567 0
1568 0
1569 0
1570 0
1571 0
1572 0
1573 0
1574 0
1575 0
1576 0
1577 0
1578 0
1579 0
1580 0
1581 0
1582 0
1583 0
1584 0
1585 0
1586 0
1587 0
1588 0
1589 0
1590 0
1591 0
1592 0
1593 0
1594 0
1595 0
1596 0
1597 0
1598 0
1599 0
1600 0
1601 0
1602 0
1603 0
1604 0
1605 0
1606 0
1607 0
1608 0
1609 0
1610 0
1611 0
1612 0
1613 0
1614 0
1615 0
1616 0
1617 0
1618 0
1619 0
1620 0
1621 0
1622 0
1623 0
1624 0
1625 0
1626 0
1627 0
1628 0
1629 0
1630 0
1631 0
1632 0
1633 0
1634 0
1635 0
1636 0
1637 0
1638 0
1639 0
1640 1
1641 0
1642 0
1643 0
1644 0
1645 0
1646 0
1647 0
1648 0
1649 0
1650 0
1651 0
1652 0
1653 0
1654 0
1655 0
1656 0
1657 0
1658 0
1659 0
1660 0
1661 0
1662 0
1663 0
1664 0
1665 0
1666 0
1667 0
1668 0
1669 0
1670 0
1671 0
1672 0
1673 0
1674 0
1675 0
1676 0
1677 0
1678 0
1679 0
1680 0
1681 0
1682 0
1683 0
1684 0
1685 0
1686 0
1687 0
1688 0
1689 0
1690 0
1691 0
1692 0
1693 0
1694 0
1695 0
1696 0
1697 0
1698 0
1699 0
1700 0
1701 0
1702 0
1703 0
1704 0
1705 0
1706 0
1707 0
1708 0
1709 0
1710 0
1711 0
1712 0
1713 0
1714 0
1715 0
1716 0
1717 0
1718 0
1719 0
1720 0
1721 0
1722 0
1723 0
1724 0
1725 0
1726 0
1727 0
1728 0
1729 0
1730 0
1731 0
1732 0
1733 0
1734 0
1735 0
1736 0
1737 0
1738 0
1739 0
1740 0
1741 0
1742 0
1743 0
1744 0
1745 0
1746 0
1747 0
1748 0
1749 0
1750 0
1751 0
1752 0
1753 0
1754 0
1755 0
1756 0
1757 0
1758 0
1759 0
1760 0
1761 0
1762 0
1763 0
1764 0
1765 0
1766 0
1767 2
1768 0
1769 0
1770 0
1771 0
1772 0
1773 0
1774 0
1775 0
1776 0
1777 0
1778 0
1779 0
1780 0
1781 0
1782 0
1783 0
1784 0
1785 0
1786 0
1787 0
1788 0
1789 0
1790 0
1791 0
1792 0
1793 0
1794 0
1795 0
1796 0
1797 0
1798 0
1799 0
1800 0
1801 0
1802 0
1803 0
1804 0
1805 0
1806 0
1807 0
1808 0
1809 0
1810 0
1811 0
1812 0
1813 0
1814 0
1815 0
1816 0
1817 0
1818 0
1819 0
1820 0
1821 0
1822 0
1823 0
1824 0
1825 0
1826 0
1827 0
1828 0
1829 0
1830 0
1831 1
1832 0
1833 0
1834 0
1835 0
1836 0
1837 0
1838 0
1839 0
1840 0
1841 0
1842 0
1843 0
1844 0
1845 0
1846 0
1847 0
1848 0
1849 0
1850 0
1851 0
1852 0
1853 0
1854 0
1855 0
1856 0
1857 0
1858 0
1859 0
1860 0
1861 0
1862 0
1863 0
1864 0
1865 0
1866 0
1867 0
1868 0
1869 0
1870 0
1871 0
1872 0
1873 0
1874 0
1875 0
1876 0
1877 0
1878 0
1879 0
1880 0
1881 0
1882 0
1883 0
1884 0
1885 0
1886 0
1887 0
1888 0
1889 0
1890 0
1891 0
1892 0
1893 0
1894 0
1895 0
1896 0
1897 0
1898 0
1899 0
1900 0
1901 0
1902 0
1903 0
1904 0
1905 0
1906 0
1907 0
1908 0
1909 0
1910 0
1911 0
1912 0
1913 0
1914 0
1915 0
1916 0
1917 0
1918 0
1919 0
1920 0
1921 0
1922 0
1923 0
1924 0
1925 0
1926 0
1927 0
1928 0
1929 0
1930 0
1931 0
1932 0
1933 0
1934 0
1935 0
1936 0
1937 0
1938 0
1939 0
1940 0
1941 0
1942 0
1943 0
1944 0
1945 0
1946 0
1947 0
1948 0
1949 0
1950 0
1951 0
1952 0
1953 0
1954 0
1955 0
1956 0
1957 0
1958 0
1959 0
1960 0
1961 0
1962 0
1963 0
1964 0
1965 0
1966 1
1967 0
1968 0
1969 0
1970 0
1971 0
1972 0
1973 0
1974 0
1975 0
1976 0
1977 0
1978 0
1979 0
1980 0
1981 0
1982 0
1983 0
1984 0
1985 0
1986 0
1987 0
1988 0
1989 0
1990 0
1991 0
1992 0
1993 0
1994 0
1995 0
1996 0
1997 0
1998 0
1999 0
2000 0
2001 0
2002 0
2003 0
2004 0
2005 0
2006 0
2007 0
2008 0
2009 0
2010 0
2011 0
2012 0
2013 0
2014 0
2015 0
2016 0
2017 0
2018 0
2019 0
2020 0
2021 0
2022 0
2023 0
2024 0
2025 0
2026 0
2027 0
2028 0
2029 0
2030 0
2031 0
2032 0
2033 0
2034 0
2035 0
2036 0
2037 0
2038 0
2039 0
2040 0
2041 0
2042 0
2043 0
2044 0
2045 0
2046 0
2047 0
