# Dead time factor = 1.00000
0 0
1 0
2 0
3 0
4 0
5 0
6 0
7 0
8 0
9 0
10 0
11 0
12 0
13 0
14 0
15 0
16 0
17 1
18 3
19 4
20 5
21 5
22 9
23 6
24 6
25 5
26 3
27 3
28 4
29 3
30 3
31 3
32 2
33 6
34 2
35 4
36 5
37 3
38 2
39 2
40 2
41 2
42 2
43 1
44 4
45 2
46 2
47 2
48 1
49 5
50 3
51 3
52 5
53 1
54 3
55 5
56 6
57 2
58 1
59 3
60 1
61 3
62 1
63 2
64 4
65 1
66 2
67 1
68 1
69 4
70 4
71 2
72 2
73 3
74 2
75 2
76 1
77 1
78 3
79 1
80 1
81 1
82 3
83 2
84 2
85 0
86 3
87 4
88 2
89 2
90 2
91 2
92 1
93 1
94 2
95 3
96 2
97 2
98 2
99 1
100 1
101 1
102 2
103 0
104 2
105 1
106 2
107 3
108 0
109 0
110 2
111 1
112 1
113 2
114 1
115 2
116 0
117 0
118 1
119 1
120 1
121 0
122 1
123 0
124 1
125 5
126 1
127 1
128 2
129 2
130 1
131 2
132 1
133 1
134 2
135 0
136 3
137 2
138 0
139 0
140 0
141 2
142 2
143 2
144 1
145 3
146 3
147 0
148 0
149 0
150 1
151 0
152 4
153 2
154 2
155 1
156 3
157 1
158 1
159 2
160 0
161 0
162 4
163 0
164 0
165 1
166 1
167 2
168 3
169 2
170 0
171 1
172 2
173 0
174 1
175 0
176 1
177 0
178 1
179 0
180 0
181 1
182 0
183 1
184 0
185 2
186 2
187 1
188 1
189 0
190 1
191 1
192 0
193 1
194 0
195 0
196 1
197 0
198 0
199 1
200 1
201 1
202 1
203 0
204 2
205 1
206 1
207 1
208 1
209 0
210 0
211 0
212 4
213 1
214 0
215 1
216 0
217 2
218 0
219 0
220 1
221 0
222 0
223 1
224 0
225 0
226 0
227 1
228 2
229 0
230 1
231 0
232 1
233 0
234 0
235 1
236 1
237 0
238 0
239 1
240 1
241 0
242 2
243 0
244 1
245 0
246 0
247 0
248 0
249 0
250 1
251 0
252 1
253 1
254 1
255 0
256 0
257 0
258 0
259 1
260 1
261 1
262 0
263 0
264 0
265 0
266 0
267 0
268 0
269 0
270 0
271 2
272 0
273 0
274 0
275 0
276 1
277 0
278 0
279 1
280 0
281 0
282 2
283 0
284 0
285 1
286 0
287 0
288 0
289 2
290 0
291 0
292 0
293 1
294 0
295 1
296 0
297 0
298 1
299 0
300 0
301 0
302 0
303 0
304 0
305 1
306 0
307 2
308 0
309 1
310 1
311 0
312 0
313 0
314 0
315 2
316 1
317 0
318 0
319 3
320 1
321 0
322 0
323 0
324 2
325 0
326 0
327 0
328 0
329 0
330 0
331 0
332 1
333 1
334 1
335 1
336 1
337 0
338 0
339 0
340 1
341 0
342 0
343 1
344 0
345 0
346 0
347 1
348 0
349 0
350 0
351 1
352 0
353 2
354 2
355 0
356 2
357 0
358 0
359 0
360 0
361 0
362 1
363 0
364 0
365 1
366 0
367 0
368 1
369 0
370 1
371 0
372 0
373 0
374 0
375 1
376 0
377 0
378 0
379 2
380 0
381 1
382 0
383 1
384 2
385 1
386 0
387 0
388 0
389 0
390 0
391 0
392 0
393 1
394 0
395 0
396 1
397 0
398 0
399 0
400 0
401 0
402 0
403 1
404 0
405 1
406 0
407 0
408 0
409 0
410 0
411 0
412 0
413 0
414 0
415 3
416 0
417 1
418 0
419 0
420 0
421 0
422 0
423 0
424 0
425 0
426 0
427 0
428 0
429 0
430 0
431 0
432 0
433 0
434 0
435 0
436 2
437 0
438 0
439 1
440 0
441 0
442 0
443 0
444 0
445 0
446 0
447 0
448 0
449 1
450 1
451 0
452 0
453 0
454 0
455 0
456 0
457 0
458 0
459 1
460 0
461 0
462 1
463 0
464 0
465 0
466 1
467 0
468 0
469 0
470 0
471 0
472 0
473 0
474 0
475 0
476 0
477 0
478 0
479 1
480 1
481 0
482 0
483 0
484 0
485 0
486 1
487 0
488 0
489 0
490 0
491 0
492 1
493 0
494 0
495 0
496 0
497 0
498 0
499 0
500 0
501 1
502 0
503 0
504 0
505 0
506 0
507 0
508 0
509 0
510 0
511 0
512 1
513 0
514 1
515 0
516 0
517 0
518 1
519 1
520 0
521 1
522 0
523 0
524 0
525 0
526 0
527 0
528 0
529 1
530 0
531 1
532 0
533 0
534 0
535 0
536 0
537 0
538 0
539 0
540 0
541 1
542 1
543 0
544 1
545 1
546 0
547 1
548 1
549 0
550 0
551 0
552 1
553 0
554 0
555 0
556 0
557 1
558 0
559 0
560 1
561 0
562 1
563 0
564 1
565 1
566 2
567 0
568 1
569 0
570 0
571 0
572 0
573 0
574 0
575 1
576 1
577 0
578 1
579 0
580 0
581 1
582 0
583 1
584 0
585 0
586 0
587 0
588 0
589 0
590 0
591 0
592 0
593 0
594 0
595 0
596 1
597 0
598 0
599 0
600 0
601 0
602 0
603 2
604 0
605 0
606 1
607 0
608 0
609 0
610 1
611 0
612 0
613 0
614 0
615 0
616 0
617 1
618 1
619 0
620 0
621 0
622 1
623 1
624 1
625 0
626 0
627 0
628 0
629 1
630 0
631 0
632 0
633 0
634 0
635 0
636 0
637 1
638 1
639 1
640 0
641 0
642 0
643 1
644 0
645 1
646 0
647 0
648 0
649 0
650 0
651 0
652 1
653 0
654 0
655 2
656 2
657 3
658 0
659 0
660 0
661 2
662 2
663 0
664 2
665 0
666 1
667 0
668 1
669 0
670 0
671 0
672 0
673 0
674 0
675 0
676 0
677 0
678 0
679 0
680 0
681 0
682 0
683 0
684 0
685 0
686 0
687 0
688 0
689 0
690 0
691 0
692 0
693 0
694 0
695 0
696 2
697 0
698 0
699 0
700 0
701 0
702 0
703 0
704 0
705 0
706 0
707 1
708 0
709 0
710 0
711 0
712 0
713 0
714 0
715 0
716 0
717 0
718 0
719 0
720 1
721 0
722 0
723 0
724 0
725 0
726 0
727 0
728 1
729 0
730 0
731 1
732 2
733 3
734 1
735 0
736 1
737 0
738 1
739 0
740 0
741 1
742 1
743 0
744 0
745 0
746 0
747 0
748 0
749 0
750 0
751 0
752 0
753 0
754 0
755 0
756 0
757 1
758 1
759 0
760 0
761 0
762 0
763 0
764 0
765 0
766 0
767 2
768 0
769 1
770 0
771 1
772 0
773 2
774 0
775 0
776 0
777 0
778 0
779 0
780 0
781 0
782 0
783 0
784 0
785 1
786 0
787 0
788 0
789 0
790 1
791 0
792 0
793 0
794 1
795 0
796 1
797 0
798 0
799 0
800 1
801 0
802 1
803 0
804 0
805 0
806 0
807 0
808 0
809 0
810 0
811 0
812 0
813 0
814 0
815 0
816 1
817 1
818 0
819 0
820 0
821 1
822 1
823 0
824 0
825 0
826 2
827 2
828 1
829 1
830 0
831 0
832 0
833 0
834 1
835 0
836 1
837 0
838 0
839 1
840 0
841 0
842 0
843 0
844 0
845 0
846 0
847 1
848 0
849 0
850 0
851 0
852 0
853 0
854 1
855 1
856 0
857 1
858 3
859 0
860 1
861 1
862 0
863 0
864 2
865 1
866 0
867 0
868 0
869 0
870 0
871 0
872 0
873 1
874 1
875 0
876 0
877 0
878 1
879 0
880 0
881 0
882 1
883 0
884 0
885 0
886 0
887 0
888 0
889 0
890 0
891 0
892 0
893 0
894 0
895 0
896 0
897 1
898 0
899 1
900 0
901 0
902 0
903 0
904 0
905 0
906 1
907 0
908 0
909 1
910 0
911 0
912 1
913 0
914 1
915 1
916 0
917 0
918 2
919 0
920 0
921 0
922 1
923 0
924 0
925 0
926 0
927 1
928 0
929 2
930 0
931 0
932 0
933 1
934 0
935 1
936 0
937 0
938 0
939 0
940 1
941 0
942 0
943 0
944 0
945 0
946 0
947 1
948 0
949 0
950 0
951 2
952 0
953 0
954 1
955 1
956 0
957 1
958 0
959 1
960 0
961 2
962 3
963 0
964 0
965 0
966 0
967 0
968 0
969 0
970 1
971 1
972 4
973 1
974 0
975 2
976 0
977 1
978 1
979 1
980 0
981 1
982 1
983 0
984 0
985 1
986 1
987 0
988 0
989 0
990 0
991 0
992 1
993 0
994 1
995 0
996 0
997 0
998 1
999 0
1000 2
1001 1
1002 1
1003 1
1004 0
1005 1
1006 0
1007 1
1008 1
1009 0
1010 1
1011 0
1012 1
1013 0
1014 0
1015 0
1016 1
1017 0
1018 2
1019 1
1020 0
1021 0
1022 1
1023 1
1024 1
1025 1
1026 0
1027 0
1028 1
1029 0
1030 0
1031 1
1032 2
1033 0
1034 0
1035 0
1036 3
1037 0
1038 1
1039 1
1040 1
1041 1
1042 0
1043 0
1044 0
1045 0
1046 1
1047 1
1048 0
1049 1
1050 2
1051 1
1052 0
1053 0
1054 1
1055 0
1056 0
1057 0
1058 0
1059 0
1060 1
1061 2
1062 1
1063 0
1064 0
1065 0
1066 0
1067 0
1068 2
1069 0
1070 0
1071 0
1072 0
1073 1
1074 0
1075 3
1076 0
1077 0
1078 0
1079 2
1080 1
1081 0
1082 1
1083 0
1084 1
1085 0
1086 0
1087 2
1088 0
1089 0
1090 0
1091 0
1092 0
1093 0
1094 1
1095 1
1096 0
1097 0
1098 1
1099 2
1100 0
1101 0
1102 1
1103 0
1104 0
1105 2
1106 0
1107 1
1108 4
1109 1
1110 0
1111 0
1112 0
1113 0
1114 0
1115 1
1116 0
1117 0
1118 0
1119 0
1120 1
1121 2
1122 0
1123 2
1124 0
1125 0
1126 1
1127 1
1128 1
1129 0
1130 0
1131 0
1132 1
1133 2
1134 2
1135 1
1136 1
1137 0
1138 0
1139 2
1140 0
1141 0
1142 0
1143 0
1144 0
1145 0
1146 1
1147 0
1148 1
1149 0
1150 1
1151 2
1152 0
1153 0
1154 0
1155 1
1156 0
1157 1
1158 0
1159 1
1160 0
1161 1
1162 2
1163 0
1164 1
1165 2
1166 2
1167 1
1168 1
1169 1
1170 2
1171 0
1172 2
1173 0
1174 0
1175 0
1176 0
1177 1
1178 0
1179 0
1180 0
1181 2
1182 0
1183 0
1184 4
1185 1
1186 0
1187 0
1188 0
1189 1
1190 1
1191 0
1192 0
1193 2
1194 0
1195 1
1196 1
1197 1
1198 2
1199 2
1200 0
1201 2
1202 1
1203 1
1204 0
1205 3
1206 0
1207 0
1208 0
1209 1
1210 0
1211 1
1212 1
1213 1
1214 1
1215 3
1216 0
1217 0
1218 0
1219 0
1220 0
1221 0
1222 1
1223 0
1224 0
1225 0
1226 0
1227 0
1228 1
1229 1
1230 0
1231 0
1232 2
1233 1
1234 0
1235 1
1236 0
1237 0
1238 0
1239 1
1240 0
1241 0
1242 0
1243 0
1244 2
1245 0
1246 0
1247 1
1248 1
1249 0
1250 2
1251 1
1252 0
1253 1
1254 0
1255 0
1256 0
1257 0
1258 1
1259 1
1260 0
1261 0
1262 1
1263 0
1264 1
1265 1
1266 0
1267 0
1268 0
1269 1
1270 0
1271 1
1272 1
1273 1
1274 1
1275 0
1276 0
1277 2
1278 2
1279 1
1280 2
1281 1
1282 0
1283 1
1284 2
1285 0
1286 0
1287 0
1288 2
1289 0
1290 0
1291 0
1292 1
1293 0
1294 0
1295 1
1296 0
1297 2
1298 0
1299 2
1300 1
1301 0
1302 3
1303 1
1304 0
1305 1
1306 3
1307 0
1308 0
1309 0
1310 2
1311 1
1312 1
1313 1
1314 0
1315 0
1316 0
1317 0
1318 4
1319 0
1320 0
1321 2
1322 0
1323 2
1324 0
1325 0
1326 0
1327 1
1328 3
1329 3
1330 1
1331 2
1332 0
1333 0
1334 3
1335 0
1336 0
1337 3
1338 1
1339 3
1340 0
1341 1
1342 0
1343 0
1344 0
1345 1
1346 1
1347 0
1348 2
1349 1
1350 1
1351 0
1352 0
1353 2
1354 1
1355 1
1356 0
1357 1
1358 0
1359 0
1360 0
1361 1
1362 0
1363 0
1364 1
1365 0
1366 0
1367 1
1368 1
1369 0
1370 0
1371 0
1372 0
1373 0
1374 0
1375 0
1376 0
1377 1
1378 0
1379 1
1380 0
1381 0
1382 0
1383 0
1384 0
1385 1
1386 1
1387 0
1388 0
1389 0
1390 0
1391 0
1392 1
1393 0
1394 0
1395 0
1396 0
1397 1
1398 0
1399 0
1400 0
1401 0
1402 0
1403 0
1404 1
1405 2
1406 1
1407 0
1408 0
1409 0
1410 0
1411 0
1412 0
1413 0
1414 0
1415 0
1416 1
1417 1
1418 0
1419 0
1420 0
1421 0
1422 0
1423 0
1424 0
1425 0
1426 1
1427 1
1428 0
1429 1
1430 0
1431 0
1432 1
1433 0
1434 0
1435 0
1436 0
1437 0
1438 0
1439 1
1440 0
1441 0
1442 0
1443 0
1444 0
1445 0
1446 0
1447 0
1448 0
1449 1
1450 0
1451 0
1452 1
1453 0
1454 0
1455 0
1456 1
1457 0
1458 0
1459 0
1460 0
1461 0
1462 0
1463 0
1464 0
1465 1
1466 0
1467 0
1468 0
1469 0
1470 1
1471 2
1472 0
1473 0
1474 0
1475 0
1476 1
1477 0
1478 1
1479 0
1480 0
1481 0
1482 1
1483 1
1484 0
1485 0
1486 0
1487 0
1488 2
1489 0
1490 0
1491 0
1492 0
1493 0
1494 1
1495 0
1496 1
1497 1
1498 0
1499 1
1500 0
1501 0
1502 0
1503 0
1504 0
1505 0
1506 0
1507 0
1508 0
1509 0
1510 0
1511 0
1512 0
1513 0
1514 1
1515 0
1516 0
1517 0
1518 0
1519 0
1520 0
1521 0
1522 0
1523 0
1524 0
1525 1
1526 0
1527 0
1528 0
1529 0
1530 0
1531 0
1532 0
1533 0
1534 0
1535 0
1536 0
1537 0
1538 0
1539 0
1540 0
1541 0
1542 0
1543 0
1544 0
1545 0
1546 0
1547 0
1548 0
1549 0
1550 0
1551 0
1552 0
1553 0
1554 0
1555 0
1556 0
1557 0
1558 0
1559 0
1560 0
1561 0
1562 0
1563 0
1564 0
1565 0
1566 0
1567 0
1568 0
1569 0
1570 0
1571 0
1572 0
1573 0
1574 0
1575 0
1576 0
1577 0
1578 0
1579 0
1580 0
1581 0
1582 0
1583 0
1584 0
1585 0
1586 0
1587 0
1588 0
1589 0
1590 0
1591 0
1592 0
1593 0
1594 0
1595 0
1596 0
1597 0
1598 0
1599 0
1600 0
1601 0
1602 0
1603 0
1604 0
1605 0
1606 0
1607 0
1608 0
1609 0
1610 0
1611 0
1612 0
1613 0
1614 0
1615 0
1616 0
1617 0
1618 0
1619 1
1620 0
1621 1
1622 0
1623 0
1624 0
1625 0
1626 0
1627 0
1628 0
1629 0
1630 0
1631 0
1632 0
1633 0
1634 0
1635 0
1636 0
1637 0
1638 0
1639 0
1640 0
1641 0
1642 0
1643 0
1644 0
1645 0
1646 0
1647 0
1648 0
1649 0
1650 0
1651 0
1652 0
1653 0
1654 0
1655 0
1656 0
1657 0
1658 0
1659 0
1660 0
1661 0
1662 0
1663 0
1664 0
1665 0
1666 0
1667 0
1668 0
1669 0
1670 0
1671 0
1672 0
1673 0
1674 0
1675 0
1676 0
1677 0
1678 0
1679 0
1680 0
1681 0
1682 0
1683 0
1684 0
1685 0
1686 0
1687 0
1688 0
1689 0
1690 0
1691 0
1692 0
1693 0
1694 0
1695 0
1696 0
1697 0
1698 0
1699 0
1700 0
1701 0
1702 0
1703 0
1704 0
1705 0
1706 0
1707 0
1708 0
1709 0
1710 0
1711 0
1712 0
1713 0
1714 0
1715 0
1716 0
1717 0
1718 0
1719 0
1720 0
1721 0
1722 0
1723 0
1724 0
1725 0
1726 0
1727 0
1728 0
1729 0
1730 0
1731 0
1732 0
1733 0
1734 0
1735 0
1736 0
1737 0
1738 0
1739 0
1740 0
1741 0
1742 0
1743 0
1744 0
1745 0
1746 0
1747 0
1748 0
1749 0
1750 0
1751 0
1752 0
1753 0
1754 0
1755 0
1756 0
1757 0
1758 0
1759 0
1760 0
1761 0
1762 0
1763 0
1764 0
1765 0
1766 0
1767 0
1768 0
1769 0
1770 0
1771 0
1772 0
1773 0
1774 0
1775 0
1776 0
1777 0
1778 0
1779 0
1780 0
1781 0
1782 0
1783 0
1784 0
1785 0
1786 0
1787 0
1788 0
1789 0
1790 0
1791 0
1792 0
1793 0
1794 0
1795 0
1796 0
1797 0
1798 0
1799 0
1800 0
1801 0
1802 0
1803 0
1804 0
1805 0
1806 0
1807 0
1808 0
1809 0
1810 0
1811 0
1812 0
1813 0
1814 0
1815 0
1816 0
1817 0
1818 0
1819 0
1820 0
1821 0
1822 0
1823 0
1824 0
1825 0
1826 0
1827 0
1828 0
1829 0
1830 0
1831 0
1832 0
1833 0
1834 0
1835 0
1836 0
1837 0
1838 0
1839 0
1840 0
1841 0
1842 0
1843 0
1844 0
1845 0
1846 0
1847 0
1848 0
1849 0
1850 0
1851 0
1852 0
1853 0
1854 0
1855 0
1856 0
1857 0
1858 0
1859 0
1860 0
1861 0
1862 0
1863 0
1864 0
1865 0
1866 0
1867 0
1868 0
1869 0
1870 0
1871 0
1872 0
1873 0
1874 0
1875 0
1876 0
1877 0
1878 0
1879 0
1880 0
1881 0
1882 0
1883 0
1884 0
1885 0
1886 0
1887 0
1888 0
1889 0
1890 0
1891 0
1892 0
1893 0
1894 0
1895 0
1896 0
1897 0
1898 0
1899 0
1900 0
1901 0
1902 0
1903 0
1904 0
1905 0
1906 0
1907 0
1908 0
1909 0
1910 0
1911 0
1912 0
1913 0
1914 0
1915 0
1916 0
1917 0
1918 0
1919 0
1920 0
1921 0
1922 0
1923 0
1924 0
1925 0
1926 0
1927 0
1928 0
1929 0
1930 0
1931 0
1932 0
1933 0
1934 0
1935 0
1936 0
1937 0
1938 0
1939 0
1940 0
1941 0
1942 0
1943 0
1944 0
1945 0
1946 0
1947 0
1948 0
1949 0
1950 0
1951 0
1952 0
1953 0
1954 0
1955 0
1956 0
1957 0
1958 0
1959 0
1960 0
1961 0
1962 0
1963 0
1964 0
1965 0
1966 0
1967 0
1968 0
1969 0
1970 0
1971 0
1972 0
1973 0
1974 0
1975 0
1976 0
1977 0
1978 0
1979 0
1980 0
1981 0
1982 0
1983 0
1984 0
1985 0
1986 0
1987 0
1988 0
1989 0
1990 0
1991 0
1992 0
1993 0
1994 1
1995 0
1996 0
1997 0
1998 0
1999 0
2000 0
2001 0
2002 0
2003 0
2004 0
2005 0
2006 0
2007 0
2008 0
2009 0
2010 0
2011 0
2012 0
2013 0
2014 0
2015 0
2016 0
2017 0
2018 0
2019 0
2020 0
2021 0
2022 0
2023 0
2024 0
2025 0
2026 0
2027 0
2028 0
2029 0
2030 0
2031 0
2032 0
2033 0
2034 0
2035 0
2036 0
2037 0
2038 0
2039 0
2040 0
2041 0
2042 0
2043 0
2044 0
2045 0
2046 0
2047 0
