# Dead time factor = 1.00000
0 0
1 0
2 0
3 0
4 0
5 0
6 0
7 0
8 0
9 0
10 0
11 0
12 0
13 0
14 0
15 0
16 0
17 4
18 49
19 45
20 64
21 46
22 38
23 54
24 42
25 55
26 56
27 47
28 47
29 56
30 68
31 44
32 40
33 46
34 46
35 49
36 52
37 51
38 51
39 61
40 53
41 33
42 44
43 36
44 37
45 49
46 41
47 33
48 42
49 45
50 43
51 42
52 40
53 41
54 45
55 57
56 37
57 40
58 44
59 48
60 33
61 33
62 38
63 32
64 31
65 30
66 44
67 39
68 45
69 50
70 29
71 34
72 42
73 27
74 41
75 36
76 28
77 24
78 29
79 27
80 27
81 22
82 22
83 24
84 30
85 26
86 29
87 24
88 25
89 22
90 27
91 19
92 19
93 31
94 21
95 15
96 24
97 30
98 17
99 21
100 23
101 30
102 16
103 27
104 26
105 24
106 17
107 20
108 19
109 23
110 32
111 17
112 12
113 18
114 14
115 14
116 22
117 22
118 19
119 19
120 14
121 14
122 20
123 14
124 18
125 22
126 8
127 10
128 13
129 12
130 10
131 13
132 13
133 9
134 8
135 12
136 10
137 10
138 9
139 14
140 15
141 11
142 13
143 20
144 9
145 17
146 9
147 9
148 13
149 17
150 11
151 10
152 10
153 14
154 18
155 16
156 15
157 19
158 16
159 14
160 14
161 11
162 15
163 13
164 13
165 7
166 9
167 17
168 9
169 5
170 9
171 15
172 13
173 13
174 4
175 10
176 10
177 12
178 12
179 13
180 8
181 11
182 12
183 12
184 5
185 9
186 14
187 12
188 8
189 12
190 7
191 11
192 5
193 12
194 9
195 14
196 8
197 4
198 6
199 5
200 8
201 3
202 7
203 4
204 5
205 3
206 8
207 5
208 10
209 5
210 9
211 6
212 6
213 12
214 8
215 11
216 7
217 5
218 7
219 9
220 9
221 6
222 5
223 7
224 10
225 11
226 5
227 8
228 4
229 5
230 7
231 5
232 5
233 2
234 5
235 3
236 6
237 6
238 5
239 7
240 5
241 6
242 4
243 3
244 5
245 4
246 6
247 8
248 7
249 6
250 7
251 6
252 2
253 2
254 3
255 1
256 3
257 6
258 4
259 2
260 6
261 8
262 4
263 4
264 4
265 1
266 7
267 5
268 6
269 4
270 2
271 8
272 7
273 5
274 4
275 2
276 6
277 4
278 6
279 8
280 6
281 4
282 6
283 7
284 4
285 5
286 1
287 3
288 4
289 2
290 4
291 6
292 3
293 8
294 3
295 7
296 5
297 2
298 6
299 3
300 5
301 5
302 7
303 4
304 7
305 6
306 2
307 5
308 2
309 6
310 2
311 7
312 3
313 3
314 3
315 4
316 4
317 1
318 4
319 2
320 6
321 2
322 6
323 3
324 1
325 4
326 3
327 2
328 2
329 2
330 6
331 3
332 3
333 2
334 3
335 3
336 4
337 3
338 4
339 4
340 4
341 3
342 4
343 3
344 4
345 9
346 4
347 5
348 1
349 5
350 3
351 4
352 2
353 1
354 2
355 4
356 1
357 0
358 4
359 2
360 3
361 2
362 2
363 1
364 1
365 1
366 8
367 4
368 2
369 4
370 2
371 0
372 0
373 6
374 4
375 3
376 2
377 2
378 3
379 4
380 1
381 1
382 2
383 0
384 2
385 2
386 4
387 2
388 3
389 3
390 1
391 2
392 2
393 1
394 2
395 2
396 4
397 0
398 2
399 2
400 1
401 3
402 2
403 0
404 2
405 2
406 3
407 3
408 0
409 3
410 1
411 2
412 0
413 1
414 2
415 1
416 2
417 4
418 2
419 2
420 1
421 1
422 7
423 2
424 0
425 4
426 2
427 3
428 2
429 4
430 2
431 7
432 2
433 3
434 7
435 6
436 7
437 5
438 1
439 4
440 2
441 5
442 2
443 1
444 6
445 5
446 2
447 3
448 3
449 2
450 5
451 3
452 2
453 1
454 0
455 3
456 0
457 4
458 3
459 2
460 1
461 4
462 1
463 2
464 2
465 1
466 5
467 4
468 1
469 2
470 4
471 1
472 3
473 6
474 6
475 2
476 1
477 3
478 4
479 1
480 3
481 5
482 3
483 1
484 3
485 0
486 0
487 0
488 0
489 1
490 1
491 2
492 1
493 1
494 1
495 1
496 0
497 0
498 2
499 2
500 1
501 3
502 3
503 0
504 3
505 2
506 2
507 1
508 1
509 2
510 1
511 0
512 2
513 0
514 3
515 3
516 0
517 1
518 0
519 1
520 1
521 1
522 1
523 3
524 1
525 2
526 3
527 4
528 0
529 2
530 0
531 3
532 1
533 1
534 2
535 1
536 1
537 1
538 0
539 1
540 1
541 0
542 1
543 0
544 1
545 2
546 0
547 0
548 0
549 1
550 1
551 1
552 0
553 0
554 1
555 0
556 2
557 1
558 2
559 1
560 0
561 0
562 2
563 1
564 1
565 2
566 1
567 1
568 0
569 0
570 1
571 0
572 0
573 3
574 0
575 0
576 0
577 1
578 0
579 0
580 1
581 0
582 0
583 0
584 1
585 0
586 0
587 0
588 0
589 0
590 0
591 1
592 0
593 1
594 2
595 0
596 1
597 1
598 3
599 0
600 1
601 1
602 2
603 1
604 0
605 0
606 0
607 0
608 0
609 1
610 0
611 1
612 1
613 0
614 0
615 0
616 0
617 1
618 2
619 1
620 1
621 0
622 0
623 0
624 1
625 0
626 1
627 0
628 1
629 1
630 0
631 0
632 1
633 1
634 1
635 1
636 1
637 1
638 0
639 2
640 0
641 1
642 0
643 1
644 0
645 0
646 1
647 0
648 0
649 0
650 1
651 0
652 0
653 0
654 0
655 1
656 0
657 3
658 1
659 2
660 0
661 2
662 0
663 1
664 1
665 1
666 0
667 1
668 0
669 1
670 2
671 3
672 0
673 1
674 0
675 0
676 1
677 0
678 1
679 1
680 1
681 0
682 0
683 0
684 0
685 0
686 1
687 0
688 2
689 1
690 1
691 0
692 1
693 0
694 2
695 1
696 0
697 1
698 0
699 1
700 2
701 1
702 0
703 0
704 1
705 0
706 2
707 0
708 0
709 0
710 0
711 1
712 0
713 1
714 1
715 0
716 0
717 1
718 0
719 0
720 0
721 0
722 2
723 0
724 0
725 0
726 0
727 0
728 0
729 0
730 0
731 0
732 0
733 1
734 2
735 0
736 0
737 0
738 0
739 2
740 0
741 0
742 0
743 1
744 0
745 2
746 0
747 1
748 0
749 0
750 0
751 0
752 0
753 1
754 0
755 0
756 0
757 1
758 0
759 0
760 1
761 1
762 0
763 0
764 0
765 2
766 2
767 0
768 0
769 0
770 0
771 0
772 0
773 0
774 0
775 1
776 2
777 2
778 2
779 1
780 0
781 2
782 2
783 0
784 0
785 0
786 0
787 0
788 2
789 2
790 0
791 0
792 0
793 0
794 0
795 0
796 0
797 0
798 1
799 0
800 1
801 1
802 1
803 0
804 0
805 1
806 0
807 0
808 0
809 0
810 0
811 1
812 1
813 1
814 1
815 0
816 0
817 1
818 0
819 1
820 0
821 0
822 0
823 0
824 1
825 0
826 0
827 1
828 0
829 1
830 1
831 0
832 0
833 0
834 0
835 0
836 1
837 0
838 0
839 0
840 0
841 0
842 0
843 0
844 0
845 0
846 0
847 0
848 2
849 0
850 0
851 0
852 1
853 1
854 0
855 0
856 0
857 0
858 0
859 1
860 0
861 0
862 1
863 0
864 1
865 0
866 0
867 0
868 1
869 0
870 0
871 0
872 0
873 0
874 0
875 0
876 0
877 0
878 0
879 0
880 0
881 0
882 1
883 0
884 0
885 0
886 1
887 0
888 1
889 0
890 0
891 0
892 0
893 1
894 0
895 0
896 0
897 0
898 0
899 0
900 0
901 1
902 0
903 0
904 0
905 0
906 0
907 0
908 0
909 0
910 0
911 0
912 0
913 0
914 1
915 0
916 0
917 0
918 0
919 0
920 0
921 0
922 0
923 1
924 0
925 0
926 0
927 0
928 0
929 3
930 0
931 0
932 0
933 0
934 0
935 0
936 0
937 0
938 0
939 1
940 1
941 0
942 1
943 0
944 1
945 0
946 0
947 0
948 0
949 1
950 0
951 0
952 0
953 0
954 0
955 0
956 0
957 0
958 0
959 0
960 0
961 1
962 0
963 0
964 0
965 0
966 0
967 0
968 1
969 0
970 0
971 0
972 0
973 1
974 0
975 0
976 1
977 0
978 1
979 0
980 0
981 0
982 1
983 0
984 0
985 0
986 0
987 0
988 0
989 0
990 0
991 0
992 0
993 0
994 0
995 0
996 1
997 0
998 1
999 0
1000 0
1001 0
1002 0
1003 0
1004 1
1005 0
1006 0
1007 0
1008 0
1009 1
1010 0
1011 0
1012 0
1013 0
1014 0
1015 1
1016 1
1017 0
1018 0
1019 0
1020 0
1021 0
1022 0
1023 0
1024 0
1025 0
1026 1
1027 0
1028 0
1029 0
1030 0
1031 1
1032 0
1033 0
1034 0
1035 0
1036 0
1037 0
1038 0
1039 0
1040 0
1041 0
1042 0
1043 0
1044 0
1045 0
1046 0
1047 0
1048 0
1049 0
1050 0
1051 0
1052 0
1053 0
1054 0
1055 0
1056 0
1057 0
1058 0
1059 0
1060 0
1061 0
1062 0
1063 0
1064 0
1065 0
1066 0
1067 0
1068 0
1069 0
1070 0
1071 0
1072 0
1073 0
1074 0
1075 0
1076 1
1077 0
1078 0
1079 0
1080 0
1081 0
1082 0
1083 0
1084 0
1085 0
1086 1
1087 0
1088 1
1089 2
1090 0
1091 0
1092 0
1093 0
1094 0
1095 0
1096 0
1097 0
1098 1
1099 0
1100 0
1101 0
1102 0
1103 0
1104 1
1105 0
1106 0
1107 0
1108 0
1109 0
1110 0
1111 0
1112 1
1113 0
1114 0
1115 0
1116 0
1117 0
1118 0
1119 0
1120 0
1121 0
1122 0
1123 0
1124 0
1125 0
1126 0
1127 0
1128 0
1129 1
1130 0
1131 0
1132 0
1133 0
1134 0
1135 0
1136 0
1137 0
1138 0
1139 0
1140 0
1141 0
1142 0
1143 0
1144 0
1145 0
1146 0
1147 0
1148 0
1149 0
1150 0
1151 0
1152 0
1153 0
1154 0
1155 0
1156 0
1157 1
1158 0
1159 0
1160 0
1161 1
1162 0
1163 1
1164 0
1165 0
1166 0
1167 1
1168 0
1169 0
1170 0
1171 0
1172 0
1173 0
1174 0
1175 0
1176 0
1177 0
1178 1
1179 0
1180 0
1181 0
1182 0
1183 0
1184 1
1185 0
1186 0
1187 0
1188 2
1189 0
1190 0
1191 0
1192 1
1193 0
1194 0
1195 0
1196 0
1197 0
1198 0
1199 0
1200 0
1201 0
1202 0
1203 0
1204 0
1205 0
1206 0
1207 0
1208 0
1209 0
1210 0
1211 0
1212 2
1213 0
1214 1
1215 0
1216 0
1217 0
1218 0
1219 0
1220 0
1221 0
1222 0
1223 1
1224 0
1225 0
1226 0
1227 0
1228 0
1229 0
1230 1
1231 0
1232 0
1233 0
1234 0
1235 1
1236 0
1237 0
1238 0
1239 0
1240 0
1241 0
1242 0
1243 0
1244 0
1245 0
1246 0
1247 0
1248 0
1249 0
1250 1
1251 0
1252 0
1253 0
1254 0
1255 0
1256 0
1257 2
1258 0
1259 0
1260 0
1261 0
1262 0
1263 0
1264 0
1265 0
1266 0
1267 0
1268 0
1269 0
1270 0
1271 0
1272 0
1273 0
1274 0
1275 1
1276 0
1277 0
1278 1
1279 0
1280 0
1281 0
1282 0
1283 0
1284 0
1285 0
1286 0
1287 0
1288 0
1289 0
1290 0
1291 0
1292 0
1293 0
1294 0
1295 0
1296 0
1297 0
1298 1
1299 0
1300 0
1301 1
1302 0
1303 1
1304 0
1305 0
1306 0
1307 1
1308 0
1309 0
1310 0
1311 0
1312 1
1313 0
1314 0
1315 0
1316 0
1317 0
1318 0
1319 0
1320 0
1321 0
1322 0
1323 0
1324 0
1325 0
1326 0
1327 0
1328 0
1329 0
1330 0
1331 1
1332 0
1333 0
1334 0
1335 1
1336 0
1337 0
1338 0
1339 0
1340 0
1341 0
1342 0
1343 0
1344 0
1345 0
1346 0
1347 0
1348 0
1349 0
1350 0
1351 0
1352 0
1353 0
1354 0
1355 0
1356 0
1357 1
1358 0
1359 0
1360 0
1361 0
1362 0
1363 0
1364 0
1365 0
1366 0
1367 0
1368 0
1369 0
1370 0
1371 0
1372 0
1373 0
1374 0
1375 0
1376 0
1377 0
1378 0
1379 0
1380 0
1381 0
1382 0
1383 0
1384 0
1385 0
1386 0
1387 0
1388 0
1389 0
1390 0
1391 0
1392 0
1393 0
1394 0
1395 0
1396 0
1397 0
1398 0
1399 0
1400 0
1401 0
1402 0
1403 0
1404 0
1405 0
1406 0
1407 1
1408 0
1409 0
1410 0
1411 0
1412 0
1413 0
1414 0
1415 0
1416 0
1417 0
1418 1
1419 0
1420 0
1421 0
1422 1
1423 0
1424 0
1425 0
1426 0
1427 0
1428 0
1429 0
1430 0
1431 0
1432 0
1433 0
1434 0
1435 0
1436 0
1437 0
1438 0
1439 0
1440 0
1441 0
1442 0
1443 0
1444 0
1445 0
1446 0
1447 1
1448 0
1449 0
1450 0
1451 0
1452 0
1453 0
1454 0
1455 0
1456 0
1457 0
1458 0
1459 1
1460 0
1461 0
1462 0
1463 0
1464 0
1465 0
1466 0
1467 0
1468 0
1469 0
1470 0
1471 0
1472 0
1473 0
1474 0
1475 0
1476 0
1477 0
1478 0
1479 0
1480 0
1481 0
1482 0
1483 0
1484 0
1485 0
1486 0
1487 0
1488 1
1489 0
1490 0
1491 0
1492 0
1493 0
1494 0
1495 0
1496 0
1497 0
1498 0
1499 0
1500 0
1501 0
1502 0
1503 0
1504 0
1505 0
1506 0
1507 0
1508 0
1509 0
1510 1
1511 0
1512 0
1513 0
1514 0
1515 0
1516 0
1517 0
1518 0
1519 0
1520 1
1521 0
1522 0
1523 0
1524 0
1525 0
1526 0
1527 0
1528 0
1529 0
1530 0
1531 0
1532 0
1533 0
1534 0
1535 0
1536 0
1537 0
1538 0
1539 0
1540 0
1541 0
1542 0
1543 0
1544 0
1545 0
1546 0
1547 0
1548 0
1549 0
1550 1
1551 0
1552 0
1553 0
1554 0
1555 0
1556 0
1557 0
1558 0
1559 0
1560 0
1561 0
1562 0
1563 0
1564 0
1565 0
1566 0
1567 0
1568 0
1569 0
1570 1
1571 0
1572 0
1573 0
1574 0
1575 0
1576 0
1577 1
1578 0
1579 0
1580 0
1581 0
1582 0
1583 0
1584 0
1585 0
1586 0
1587 0
1588 1
1589 0
1590 0
1591 0
1592 0
1593 0
1594 0
1595 0
1596 0
1597 0
1598 1
1599 0
1600 0
1601 0
1602 0
1603 0
1604 0
1605 0
1606 0
1607 0
1608 0
1609 0
1610 0
1611 0
1612 0
1613 0
1614 0
1615 0
1616 0
1617 0
1618 0
1619 0
1620 0
1621 0
1622 0
1623 0
1624 0
1625 1
1626 0
1627 0
1628 0
1629 0
1630 0
1631 0
1632 0
1633 0
1634 0
1635 0
1636 0
1637 0
1638 0
1639 0
1640 0
1641 0
1642 0
1643 0
1644 0
1645 0
1646 0
1647 0
1648 0
1649 0
1650 0
1651 0
1652 0
1653 0
1654 0
1655 0
1656 0
1657 1
1658 0
1659 0
1660 0
1661 0
1662 0
1663 0
1664 0
1665 1
1666 0
1667 0
1668 0
1669 0
1670 0
1671 0
1672 0
1673 0
1674 0
1675 0
1676 0
1677 0
1678 0
1679 0
1680 0
1681 0
1682 0
1683 0
1684 0
1685 0
1686 0
1687 0
1688 0
1689 0
1690 0
1691 0
1692 0
1693 0
1694 0
1695 0
1696 0
1697 0
1698 0
1699 0
1700 0
1701 0
1702 0
1703 1
1704 0
1705 0
1706 0
1707 0
1708 0
1709 0
1710 0
1711 0
1712 0
1713 0
1714 1
1715 0
1716 0
1717 0
1718 0
1719 0
1720 0
1721 0
1722 0
1723 0
1724 0
1725 0
1726 0
1727 0
1728 0
1729 0
1730 0
1731 0
1732 0
1733 0
1734 0
1735 1
1736 0
1737 0
1738 1
1739 0
1740 0
1741 0
1742 0
1743 0
1744 0
1745 0
1746 0
1747 0
1748 0
1749 1
1750 0
1751 0
1752 0
1753 0
1754 0
1755 0
1756 0
1757 0
1758 0
1759 1
1760 0
1761 0
1762 0
1763 0
1764 0
1765 0
1766 0
1767 0
1768 0
1769 0
1770 0
1771 0
1772 0
1773 0
1774 0
1775 0
1776 0
1777 0
1778 0
1779 0
1780 0
1781 0
1782 0
1783 0
1784 0
1785 0
1786 0
1787 0
1788 0
1789 0
1790 0
1791 0
1792 0
1793 0
1794 0
1795 0
1796 0
1797 0
1798 1
1799 0
1800 0
1801 0
1802 1
1803 0
1804 0
1805 0
1806 0
1807 0
1808 0
1809 0
1810 1
1811 0
1812 0
1813 0
1814 0
1815 0
1816 0
1817 0
1818 0
1819 1
1820 0
1821 1
1822 1
1823 1
1824 0
1825 0
1826 0
1827 0
1828 0
1829 0
1830 0
1831 0
1832 0
1833 1
1834 0
1835 0
1836 0
1837 0
1838 0
1839 1
1840 0
1841 0
1842 0
1843 0
1844 0
1845 0
1846 0
1847 0
1848 0
1849 0
1850 0
1851 0
1852 0
1853 0
1854 0
1855 0
1856 0
1857 0
1858 0
1859 0
1860 1
1861 0
1862 1
1863 0
1864 0
1865 0
1866 0
1867 0
1868 0
1869 0
1870 1
1871 0
1872 0
1873 0
1874 0
1875 0
1876 0
1877 1
1878 0
1879 0
1880 0
1881 0
1882 0
1883 0
1884 0
1885 0
1886 0
1887 0
1888 0
1889 0
1890 0
1891 0
1892 0
1893 0
1894 0
1895 0
1896 0
1897 0
1898 0
1899 0
1900 0
1901 0
1902 0
1903 1
1904 0
1905 0
1906 0
1907 0
1908 0
1909 0
1910 0
1911 0
1912 1
1913 0
1914 0
1915 0
1916 0
1917 0
1918 0
1919 0
1920 0
1921 0
1922 0
1923 0
1924 0
1925 0
1926 0
1927 0
1928 0
1929 0
1930 0
1931 0
1932 0
1933 0
1934 0
1935 0
1936 0
1937 0
1938 0
1939 0
1940 1
1941 0
1942 0
1943 0
1944 0
1945 0
1946 0
1947 0
1948 0
1949 0
1950 0
1951 0
1952 0
1953 0
1954 0
1955 0
1956 0
1957 0
1958 0
1959 0
1960 0
1961 0
1962 0
1963 0
1964 0
1965 0
1966 0
1967 0
1968 0
1969 0
1970 0
1971 0
1972 0
1973 0
1974 0
1975 0
1976 0
1977 0
1978 0
1979 0
1980 0
1981 0
1982 0
1983 0
1984 0
1985 1
1986 0
1987 0
1988 0
1989 0
1990 0
1991 0
1992 0
1993 0
1994 0
1995 0
1996 0
1997 0
1998 0
1999 0
2000 0
2001 0
2002 1
2003 0
2004 0
2005 0
2006 0
2007 0
2008 0
2009 0
2010 0
2011 0
2012 0
2013 0
2014 0
2015 0
2016 0
2017 0
2018 0
2019 0
2020 0
2021 0
2022 0
2023 0
2024 0
2025 0
2026 0
2027 0
2028 0
2029 0
2030 0
2031 0
2032 0
2033 0
2034 0
2035 0
2036 0
2037 0
2038 0
2039 0
2040 0
2041 0
2042 0
2043 0
2044 0
2045 0
2046 0
2047 0
