# Dead time factor = 1.00000
0 0
1 0
2 0
3 0
4 0
5 0
6 0
7 0
8 0
9 0
10 0
11 0
12 0
13 0
14 0
15 0
16 0
17 11
18 95
19 104
20 97
21 106
22 127
23 103
24 110
25 102
26 87
27 115
28 87
29 86
30 79
31 68
32 59
33 82
34 67
35 79
36 63
37 52
38 55
39 66
40 50
41 56
42 44
43 48
44 44
45 38
46 42
47 40
48 34
49 37
50 27
51 37
52 38
53 27
54 29
55 27
56 35
57 25
58 29
59 32
60 27
61 23
62 26
63 30
64 18
65 22
66 26
67 24
68 23
69 25
70 23
71 30
72 16
73 25
74 20
75 26
76 15
77 23
78 18
79 22
80 17
81 14
82 22
83 16
84 16
85 20
86 20
87 17
88 19
89 11
90 13
91 12
92 13
93 18
94 7
95 13
96 12
97 17
98 18
99 16
100 5
101 18
102 13
103 17
104 19
105 14
106 16
107 14
108 8
109 12
110 19
111 16
112 15
113 7
114 10
115 11
116 12
117 11
118 13
119 8
120 10
121 5
122 12
123 10
124 11
125 6
126 6
127 9
128 8
129 5
130 6
131 5
132 3
133 4
134 9
135 9
136 9
137 9
138 8
139 9
140 4
141 7
142 11
143 11
144 9
145 12
146 10
147 11
148 3
149 7
150 7
151 9
152 14
153 11
154 10
155 8
156 10
157 13
158 6
159 10
160 11
161 6
162 10
163 6
164 8
165 3
166 6
167 7
168 5
169 9
170 6
171 4
172 9
173 7
174 7
175 5
176 8
177 7
178 8
179 7
180 8
181 6
182 8
183 4
184 5
185 8
186 2
187 9
188 8
189 14
190 5
191 5
192 13
193 6
194 8
195 5
196 6
197 11
198 4
199 14
200 8
201 7
202 5
203 6
204 7
205 5
206 4
207 4
208 6
209 4
210 6
211 7
212 5
213 5
214 6
215 4
216 5
217 4
218 3
219 7
220 3
221 5
222 9
223 8
224 7
225 2
226 5
227 6
228 3
229 2
230 5
231 8
232 4
233 5
234 3
235 9
236 6
237 5
238 4
239 6
240 4
241 3
242 6
243 8
244 7
245 4
246 8
247 5
248 1
249 5
250 3
251 5
252 5
253 4
254 5
255 8
256 7
257 5
258 7
259 5
260 2
261 5
262 5
263 3
264 2
265 11
266 8
267 4
268 4
269 6
270 8
271 4
272 5
273 4
274 6
275 5
276 3
277 2
278 7
279 4
280 4
281 5
282 1
283 4
284 6
285 5
286 6
287 1
288 4
289 3
290 3
291 7
292 6
293 1
294 2
295 1
296 3
297 5
298 5
299 6
300 4
301 6
302 7
303 5
304 2
305 1
306 4
307 3
308 1
309 4
310 6
311 3
312 4
313 4
314 3
315 4
316 4
317 2
318 2
319 4
320 5
321 3
322 5
323 3
324 3
325 4
326 4
327 2
328 4
329 7
330 4
331 5
332 1
333 3
334 7
335 2
336 2
337 4
338 6
339 3
340 1
341 2
342 4
343 3
344 4
345 7
346 4
347 3
348 3
349 1
350 4
351 1
352 2
353 3
354 4
355 2
356 4
357 1
358 3
359 5
360 4
361 5
362 1
363 3
364 7
365 3
366 2
367 4
368 3
369 1
370 2
371 3
372 3
373 2
374 2
375 3
376 2
377 3
378 3
379 0
380 2
381 3
382 6
383 4
384 3
385 1
386 4
387 2
388 1
389 1
390 3
391 3
392 4
393 1
394 1
395 0
396 1
397 0
398 1
399 3
400 2
401 4
402 1
403 0
404 4
405 3
406 5
407 5
408 3
409 2
410 2
411 4
412 3
413 0
414 3
415 3
416 5
417 7
418 4
419 3
420 1
421 1
422 0
423 3
424 3
425 2
426 0
427 7
428 2
429 3
430 4
431 1
432 4
433 3
434 3
435 2
436 4
437 2
438 1
439 5
440 4
441 3
442 2
443 5
444 4
445 3
446 3
447 7
448 5
449 2
450 0
451 4
452 3
453 2
454 5
455 2
456 1
457 4
458 4
459 2
460 1
461 3
462 2
463 1
464 6
465 2
466 2
467 0
468 2
469 2
470 3
471 1
472 2
473 2
474 2
475 0
476 0
477 2
478 3
479 1
480 2
481 3
482 2
483 1
484 3
485 0
486 1
487 3
488 0
489 2
490 1
491 0
492 0
493 1
494 1
495 4
496 2
497 1
498 0
499 1
500 0
501 1
502 4
503 1
504 1
505 2
506 2
507 0
508 0
509 0
510 1
511 2
512 2
513 2
514 0
515 0
516 2
517 1
518 1
519 1
520 2
521 1
522 2
523 1
524 1
525 0
526 2
527 2
528 1
529 2
530 1
531 1
532 2
533 2
534 1
535 0
536 1
537 0
538 0
539 0
540 1
541 0
542 2
543 2
544 0
545 3
546 1
547 1
548 1
549 1
550 0
551 1
552 0
553 0
554 0
555 1
556 1
557 2
558 1
559 0
560 3
561 0
562 0
563 0
564 2
565 1
566 1
567 1
568 0
569 1
570 2
571 0
572 0
573 1
574 0
575 1
576 0
577 0
578 0
579 1
580 0
581 0
582 0
583 0
584 1
585 0
586 0
587 2
588 0
589 2
590 0
591 0
592 1
593 1
594 0
595 2
596 0
597 0
598 0
599 0
600 0
601 1
602 1
603 1
604 0
605 0
606 1
607 0
608 0
609 0
610 0
611 0
612 1
613 0
614 1
615 0
616 1
617 0
618 1
619 1
620 0
621 0
622 1
623 0
624 0
625 1
626 1
627 0
628 0
629 1
630 0
631 0
632 0
633 0
634 1
635 0
636 0
637 1
638 1
639 0
640 0
641 1
642 1
643 1
644 0
645 0
646 0
647 1
648 2
649 1
650 0
651 1
652 1
653 1
654 1
655 1
656 0
657 0
658 0
659 1
660 0
661 0
662 1
663 1
664 1
665 0
666 0
667 2
668 1
669 1
670 0
671 0
672 0
673 0
674 1
675 0
676 1
677 0
678 1
679 0
680 1
681 0
682 1
683 0
684 1
685 2
686 0
687 0
688 1
689 1
690 1
691 0
692 0
693 1
694 1
695 0
696 0
697 0
698 1
699 0
700 0
701 1
702 1
703 0
704 1
705 0
706 0
707 0
708 0
709 0
710 0
711 1
712 0
713 0
714 0
715 0
716 1
717 0
718 2
719 0
720 0
721 0
722 1
723 0
724 1
725 0
726 1
727 2
728 0
729 0
730 1
731 0
732 0
733 1
734 0
735 0
736 0
737 0
738 1
739 2
740 0
741 0
742 0
743 0
744 0
745 0
746 0
747 0
748 0
749 0
750 0
751 0
752 1
753 0
754 0
755 1
756 2
757 0
758 0
759 1
760 1
761 0
762 0
763 0
764 0
765 2
766 0
767 2
768 1
769 0
770 1
771 0
772 1
773 1
774 0
775 0
776 0
777 1
778 0
779 1
780 1
781 1
782 0
783 0
784 0
785 1
786 0
787 0
788 3
789 0
790 0
791 0
792 1
793 0
794 0
795 1
796 0
797 1
798 0
799 0
800 0
801 1
802 1
803 0
804 1
805 0
806 0
807 0
808 1
809 0
810 0
811 0
812 1
813 0
814 1
815 0
816 1
817 1
818 1
819 1
820 2
821 0
822 1
823 2
824 0
825 0
826 1
827 0
828 0
829 0
830 0
831 0
832 1
833 0
834 1
835 0
836 1
837 0
838 0
839 0
840 0
841 0
842 1
843 0
844 0
845 0
846 0
847 1
848 0
849 1
850 1
851 0
852 1
853 0
854 0
855 0
856 0
857 1
858 2
859 0
860 0
861 0
862 0
863 0
864 0
865 0
866 0
867 0
868 2
869 1
870 0
871 1
872 0
873 0
874 0
875 0
876 0
877 0
878 0
879 0
880 0
881 0
882 0
883 0
884 0
885 0
886 0
887 0
888 0
889 0
890 1
891 1
892 0
893 0
894 0
895 0
896 0
897 1
898 0
899 0
900 0
901 0
902 0
903 0
904 0
905 0
906 0
907 1
908 0
909 0
910 0
911 1
912 0
913 1
914 0
915 0
916 0
917 0
918 0
919 0
920 0
921 1
922 0
923 0
924 0
925 0
926 1
927 0
928 0
929 1
930 0
931 0
932 0
933 0
934 1
935 0
936 0
937 0
938 0
939 1
940 2
941 0
942 1
943 0
944 0
945 0
946 1
947 1
948 0
949 0
950 0
951 0
952 0
953 1
954 0
955 0
956 0
957 0
958 1
959 0
960 0
961 0
962 0
963 0
964 0
965 1
966 0
967 0
968 0
969 0
970 0
971 0
972 1
973 1
974 1
975 0
976 0
977 0
978 0
979 0
980 0
981 0
982 0
983 0
984 0
985 1
986 1
987 0
988 0
989 0
990 1
991 0
992 0
993 2
994 3
995 0
996 1
997 0
998 0
999 0
1000 0
1001 3
1002 0
1003 2
1004 1
1005 0
1006 0
1007 0
1008 0
1009 0
1010 1
1011 0
1012 0
1013 0
1014 1
1015 1
1016 1
1017 0
1018 0
1019 1
1020 1
1021 0
1022 0
1023 0
1024 0
1025 0
1026 0
1027 1
1028 1
1029 0
1030 1
1031 0
1032 0
1033 0
1034 2
1035 0
1036 1
1037 0
1038 0
1039 2
1040 1
1041 0
1042 0
1043 0
1044 1
1045 0
1046 1
1047 1
1048 0
1049 1
1050 0
1051 0
1052 0
1053 2
1054 1
1055 2
1056 0
1057 0
1058 0
1059 1
1060 1
1061 0
1062 1
1063 1
1064 0
1065 1
1066 0
1067 0
1068 0
1069 1
1070 0
1071 0
1072 3
1073 0
1074 2
1075 0
1076 1
1077 0
1078 0
1079 0
1080 0
1081 0
1082 0
1083 0
1084 0
1085 1
1086 1
1087 0
1088 2
1089 0
1090 1
1091 2
1092 1
1093 1
1094 0
1095 0
1096 0
1097 0
1098 0
1099 1
1100 0
1101 2
1102 0
1103 0
1104 1
1105 3
1106 0
1107 0
1108 0
1109 1
1110 0
1111 0
1112 0
1113 0
1114 0
1115 0
1116 0
1117 1
1118 1
1119 0
1120 0
1121 2
1122 0
1123 0
1124 1
1125 0
1126 0
1127 0
1128 0
1129 0
1130 0
1131 0
1132 0
1133 0
1134 0
1135 0
1136 1
1137 0
1138 0
1139 0
1140 1
1141 2
1142 0
1143 0
1144 0
1145 0
1146 0
1147 2
1148 0
1149 0
1150 2
1151 1
1152 0
1153 0
1154 0
1155 1
1156 1
1157 0
1158 1
1159 0
1160 1
1161 0
1162 0
1163 1
1164 0
1165 1
1166 0
1167 0
1168 0
1169 2
1170 1
1171 1
1172 2
1173 1
1174 1
1175 1
1176 0
1177 0
1178 1
1179 1
1180 0
1181 0
1182 2
1183 1
1184 2
1185 0
1186 1
1187 0
1188 0
1189 1
1190 0
1191 2
1192 1
1193 0
1194 0
1195 1
1196 0
1197 2
1198 0
1199 0
1200 1
1201 0
1202 0
1203 0
1204 0
1205 0
1206 0
1207 0
1208 0
1209 0
1210 0
1211 2
1212 1
1213 0
1214 2
1215 1
1216 1
1217 0
1218 0
1219 1
1220 0
1221 0
1222 0
1223 0
1224 0
1225 0
1226 0
1227 1
1228 1
1229 0
1230 2
1231 0
1232 0
1233 0
1234 1
1235 0
1236 0
1237 0
1238 0
1239 0
1240 1
1241 0
1242 0
1243 0
1244 0
1245 0
1246 0
1247 0
1248 0
1249 1
1250 1
1251 0
1252 0
1253 0
1254 2
1255 0
1256 0
1257 2
1258 0
1259 0
1260 1
1261 0
1262 0
1263 1
1264 0
1265 0
1266 0
1267 1
1268 2
1269 1
1270 1
1271 0
1272 0
1273 0
1274 0
1275 0
1276 0
1277 0
1278 1
1279 1
1280 1
1281 0
1282 0
1283 0
1284 1
1285 0
1286 1
1287 2
1288 0
1289 0
1290 1
1291 2
1292 1
1293 2
1294 0
1295 0
1296 1
1297 0
1298 2
1299 0
1300 0
1301 0
1302 1
1303 0
1304 2
1305 1
1306 3
1307 0
1308 1
1309 0
1310 0
1311 0
1312 1
1313 0
1314 1
1315 0
1316 0
1317 2
1318 0
1319 0
1320 1
1321 0
1322 0
1323 0
1324 0
1325 1
1326 0
1327 0
1328 1
1329 0
1330 0
1331 0
1332 2
1333 0
1334 0
1335 0
1336 1
1337 0
1338 2
1339 1
1340 2
1341 1
1342 0
1343 0
1344 0
1345 2
1346 0
1347 0
1348 2
1349 0
1350 0
1351 1
1352 0
1353 0
1354 0
1355 0
1356 0
1357 0
1358 0
1359 0
1360 0
1361 0
1362 0
1363 0
1364 0
1365 0
1366 1
1367 1
1368 0
1369 0
1370 0
1371 0
1372 0
1373 0
1374 0
1375 0
1376 2
1377 0
1378 0
1379 0
1380 0
1381 0
1382 0
1383 0
1384 0
1385 0
1386 0
1387 0
1388 1
1389 0
1390 1
1391 0
1392 0
1393 0
1394 0
1395 1
1396 0
1397 0
1398 0
1399 2
1400 0
1401 0
1402 0
1403 0
1404 0
1405 0
1406 0
1407 0
1408 1
1409 0
1410 0
1411 0
1412 0
1413 0
1414 0
1415 0
1416 0
1417 0
1418 0
1419 0
1420 1
1421 1
1422 2
1423 0
1424 0
1425 0
1426 0
1427 0
1428 0
1429 0
1430 0
1431 1
1432 0
1433 0
1434 0
1435 3
1436 0
1437 0
1438 0
1439 0
1440 0
1441 0
1442 0
1443 0
1444 0
1445 0
1446 0
1447 0
1448 0
1449 0
1450 0
1451 1
1452 0
1453 0
1454 1
1455 0
1456 0
1457 1
1458 1
1459 1
1460 0
1461 1
1462 0
1463 1
1464 0
1465 0
1466 0
1467 0
1468 0
1469 0
1470 0
1471 0
1472 1
1473 0
1474 1
1475 0
1476 0
1477 0
1478 0
1479 0
1480 0
1481 1
1482 0
1483 0
1484 0
1485 0
1486 1
1487 0
1488 0
1489 0
1490 0
1491 0
1492 0
1493 0
1494 0
1495 0
1496 0
1497 0
1498 0
1499 0
1500 0
1501 0
1502 0
1503 0
1504 0
1505 1
1506 0
1507 0
1508 0
1509 1
1510 0
1511 1
1512 0
1513 0
1514 0
1515 0
1516 0
1517 0
1518 1
1519 0
1520 0
1521 0
1522 0
1523 1
1524 0
1525 0
1526 0
1527 0
1528 0
1529 1
1530 0
1531 0
1532 0
1533 0
1534 0
1535 0
1536 0
1537 0
1538 0
1539 0
1540 0
1541 1
1542 0
1543 0
1544 0
1545 1
1546 0
1547 0
1548 0
1549 0
1550 0
1551 0
1552 0
1553 0
1554 0
1555 1
1556 0
1557 0
1558 0
1559 0
1560 0
1561 0
1562 0
1563 0
1564 0
1565 0
1566 0
1567 0
1568 0
1569 0
1570 0
1571 0
1572 0
1573 0
1574 0
1575 0
1576 0
1577 0
1578 0
1579 0
1580 0
1581 0
1582 0
1583 0
1584 0
1585 0
1586 0
1587 0
1588 0
1589 0
1590 0
1591 0
1592 0
1593 0
1594 0
1595 0
1596 0
1597 0
1598 1
1599 0
1600 1
1601 0
1602 0
1603 0
1604 0
1605 0
1606 0
1607 0
1608 0
1609 0
1610 0
1611 0
1612 0
1613 0
1614 0
1615 0
1616 0
1617 0
1618 0
1619 0
1620 0
1621 0
1622 0
1623 0
1624 0
1625 0
1626 0
1627 0
1628 0
1629 0
1630 0
1631 0
1632 0
1633 0
1634 0
1635 1
1636 0
1637 0
1638 0
1639 0
1640 0
1641 0
1642 0
1643 0
1644 0
1645 0
1646 0
1647 0
1648 0
1649 1
1650 0
1651 0
1652 0
1653 0
1654 0
1655 0
1656 0
1657 0
1658 1
1659 1
1660 0
1661 0
1662 0
1663 0
1664 0
1665 0
1666 0
1667 0
1668 0
1669 0
1670 0
1671 0
1672 0
1673 0
1674 0
1675 0
1676 0
1677 0
1678 0
1679 0
1680 0
1681 0
1682 0
1683 0
1684 0
1685 0
1686 0
1687 0
1688 0
1689 0
1690 0
1691 0
1692 0
1693 0
1694 0
1695 0
1696 0
1697 0
1698 0
1699 0
1700 0
1701 0
1702 0
1703 0
1704 0
1705 0
1706 0
1707 0
1708 0
1709 0
1710 1
1711 0
1712 0
1713 0
1714 0
1715 0
1716 0
1717 0
1718 0
1719 0
1720 0
1721 0
1722 0
1723 0
1724 0
1725 0
1726 0
1727 0
1728 0
1729 0
1730 0
1731 0
1732 0
1733 0
1734 0
1735 0
1736 0
1737 0
1738 0
1739 0
1740 0
1741 0
1742 0
1743 0
1744 0
1745 0
1746 0
1747 0
1748 0
1749 0
1750 0
1751 0
1752 0
1753 0
1754 0
1755 0
1756 1
1757 0
1758 0
1759 0
1760 0
1761 0
1762 0
1763 0
1764 0
1765 0
1766 0
1767 0
1768 0
1769 0
1770 0
1771 0
1772 0
1773 0
1774 0
1775 0
1776 0
1777 0
1778 0
1779 0
1780 0
1781 0
1782 0
1783 0
1784 0
1785 0
1786 0
1787 0
1788 0
1789 0
1790 1
1791 0
1792 0
1793 0
1794 0
1795 0
1796 0
1797 0
1798 0
1799 0
1800 0
1801 1
1802 0
1803 0
1804 0
1805 0
1806 0
1807 0
1808 0
1809 0
1810 0
1811 0
1812 0
1813 0
1814 0
1815 0
1816 0
1817 0
1818 0
1819 0
1820 0
1821 0
1822 0
1823 0
1824 0
1825 0
1826 0
1827 0
1828 0
1829 0
1830 1
1831 0
1832 0
1833 0
1834 0
1835 0
1836 0
1837 0
1838 0
1839 1
1840 0
1841 0
1842 0
1843 0
1844 0
1845 0
1846 0
1847 0
1848 0
1849 0
1850 0
1851 0
1852 0
1853 1
1854 0
1855 0
1856 0
1857 0
1858 0
1859 0
1860 0
1861 0
1862 0
1863 0
1864 0
1865 0
1866 0
1867 0
1868 0
1869 0
1870 0
1871 0
1872 0
1873 0
1874 0
1875 0
1876 0
1877 0
1878 0
1879 0
1880 0
1881 0
1882 0
1883 0
1884 0
1885 0
1886 0
1887 0
1888 0
1889 0
1890 0
1891 0
1892 0
1893 0
1894 0
1895 0
1896 0
1897 0
1898 0
1899 0
1900 0
1901 0
1902 0
1903 0
1904 0
1905 0
1906 0
1907 0
1908 0
1909 0
1910 0
1911 0
1912 0
1913 0
1914 0
1915 0
1916 0
1917 0
1918 0
1919 1
1920 0
1921 0
1922 0
1923 0
1924 0
1925 0
1926 0
1927 0
1928 0
1929 1
1930 0
1931 0
1932 0
1933 0
1934 0
1935 0
1936 0
1937 0
1938 0
1939 0
1940 0
1941 0
1942 0
1943 0
1944 0
1945 0
1946 0
1947 0
1948 0
1949 0
1950 0
1951 0
1952 0
1953 0
1954 0
1955 0
1956 0
1957 0
1958 0
1959 2
1960 0
1961 0
1962 1
1963 0
1964 0
1965 0
1966 1
1967 0
1968 0
1969 0
1970 0
1971 0
1972 0
1973 0
1974 0
1975 0
1976 0
1977 1
1978 0
1979 1
1980 0
1981 0
1982 0
1983 0
1984 0
1985 0
1986 0
1987 0
1988 0
1989 0
1990 0
1991 1
1992 0
1993 0
1994 0
1995 0
1996 0
1997 0
1998 0
1999 0
2000 0
2001 0
2002 0
2003 1
2004 0
2005 0
2006 0
2007 0
2008 0
2009 0
2010 0
2011 0
2012 1
2013 0
2014 0
2015 0
2016 0
2017 1
2018 0
2019 0
2020 0
2021 1
2022 0
2023 0
2024 0
2025 0
2026 0
2027 0
2028 0
2029 0
2030 0
2031 0
2032 0
2033 0
2034 0
2035 0
2036 0
2037 0
2038 0
2039 0
2040 0
2041 0
2042 0
2043 0
2044 0
2045 0
2046 0
2047 0
