# Dead time factor = 1.00000
0 0
1 0
2 0
3 0
4 0
5 0
6 0
7 0
8 0
9 0
10 0
11 0
12 0
13 0
14 0
15 0
16 0
17 0
18 3
19 6
20 7
21 9
22 4
23 6
24 5
25 7
26 5
27 6
28 5
29 4
30 8
31 5
32 3
33 5
34 5
35 9
36 4
37 3
38 4
39 6
40 3
41 8
42 4
43 8
44 5
45 2
46 6
47 5
48 5
49 4
50 8
51 7
52 7
53 6
54 2
55 4
56 4
57 5
58 4
59 5
60 3
61 4
62 6
63 5
64 3
65 10
66 5
67 5
68 7
69 2
70 4
71 2
72 3
73 8
74 10
75 8
76 3
77 4
78 4
79 8
80 4
81 6
82 1
83 5
84 6
85 5
86 4
87 2
88 2
89 5
90 2
91 3
92 5
93 4
94 3
95 7
96 5
97 2
98 3
99 4
100 3
101 3
102 0
103 4
104 2
105 7
106 3
107 1
108 2
109 3
110 1
111 3
112 0
113 5
114 5
115 0
116 2
117 3
118 6
119 2
120 5
121 0
122 2
123 3
124 4
125 5
126 4
127 2
128 3
129 3
130 5
131 2
132 3
133 1
134 3
135 3
136 2
137 3
138 0
139 4
140 0
141 1
142 1
143 2
144 7
145 1
146 7
147 4
148 3
149 3
150 5
151 3
152 3
153 14
154 3
155 6
156 4
157 2
158 5
159 1
160 5
161 6
162 5
163 1
164 2
165 2
166 4
167 3
168 4
169 3
170 2
171 3
172 1
173 1
174 1
175 6
176 2
177 5
178 8
179 2
180 5
181 3
182 1
183 1
184 2
185 3
186 2
187 5
188 1
189 5
190 0
191 1
192 0
193 1
194 3
195 4
196 3
197 4
198 4
199 6
200 3
201 0
202 3
203 1
204 5
205 1
206 1
207 2
208 3
209 5
210 1
211 3
212 0
213 3
214 4
215 2
216 0
217 2
218 2
219 1
220 4
221 1
222 4
223 1
224 1
225 2
226 3
227 3
228 1
229 4
230 3
231 3
232 3
233 3
234 3
235 1
236 4
237 1
238 0
239 1
240 0
241 0
242 1
243 4
244 2
245 4
246 1
247 4
248 0
249 3
250 1
251 1
252 2
253 2
254 1
255 0
256 1
257 5
258 1
259 1
260 1
261 2
262 1
263 0
264 1
265 0
266 0
267 2
268 4
269 3
270 0
271 3
272 2
273 3
274 1
275 2
276 2
277 1
278 1
279 3
280 2
281 1
282 0
283 1
284 3
285 1
286 1
287 1
288 2
289 1
290 1
291 1
292 0
293 1
294 1
295 3
296 3
297 4
298 0
299 0
300 1
301 0
302 1
303 1
304 2
305 0
306 2
307 3
308 0
309 5
310 3
311 2
312 1
313 1
314 1
315 1
316 2
317 3
318 2
319 0
320 0
321 0
322 1
323 3
324 0
325 2
326 2
327 2
328 1
329 1
330 2
331 1
332 0
333 0
334 1
335 1
336 1
337 0
338 0
339 1
340 2
341 1
342 1
343 2
344 0
345 2
346 1
347 2
348 2
349 3
350 0
351 0
352 1
353 2
354 2
355 0
356 0
357 3
358 1
359 3
360 0
361 1
362 1
363 2
364 1
365 3
366 3
367 1
368 0
369 1
370 1
371 3
372 1
373 2
374 2
375 1
376 1
377 2
378 3
379 1
380 2
381 2
382 1
383 1
384 1
385 1
386 0
387 1
388 2
389 2
390 4
391 0
392 4
393 1
394 0
395 1
396 1
397 2
398 1
399 2
400 0
401 2
402 1
403 2
404 2
405 0
406 0
407 0
408 2
409 0
410 0
411 0
412 1
413 1
414 1
415 3
416 2
417 0
418 0
419 0
420 2
421 1
422 0
423 2
424 1
425 2
426 2
427 1
428 1
429 0
430 1
431 0
432 2
433 0
434 1
435 1
436 3
437 4
438 2
439 1
440 1
441 3
442 4
443 2
444 0
445 2
446 2
447 0
448 4
449 0
450 1
451 0
452 0
453 3
454 2
455 2
456 1
457 4
458 2
459 2
460 1
461 1
462 0
463 2
464 0
465 2
466 0
467 1
468 2
469 1
470 0
471 1
472 0
473 2
474 2
475 0
476 1
477 0
478 0
479 1
480 2
481 0
482 0
483 0
484 4
485 3
486 4
487 1
488 2
489 0
490 2
491 2
492 0
493 1
494 2
495 1
496 2
497 1
498 2
499 1
500 2
501 1
502 0
503 1
504 1
505 1
506 0
507 0
508 1
509 0
510 4
511 3
512 2
513 0
514 0
515 1
516 2
517 0
518 1
519 3
520 2
521 0
522 0
523 0
524 2
525 2
526 1
527 4
528 1
529 1
530 0
531 0
532 2
533 0
534 3
535 3
536 0
537 0
538 0
539 3
540 5
541 3
542 0
543 4
544 1
545 2
546 2
547 1
548 2
549 3
550 3
551 2
552 4
553 1
554 2
555 1
556 0
557 0
558 1
559 1
560 2
561 1
562 1
563 1
564 1
565 3
566 2
567 2
568 1
569 2
570 1
571 0
572 0
573 0
574 1
575 2
576 1
577 2
578 0
579 3
580 2
581 0
582 2
583 1
584 4
585 0
586 0
587 2
588 0
589 0
590 1
591 0
592 0
593 0
594 2
595 0
596 1
597 1
598 1
599 4
600 2
601 0
602 3
603 2
604 1
605 0
606 0
607 0
608 1
609 1
610 2
611 1
612 1
613 0
614 2
615 0
616 3
617 0
618 2
619 0
620 4
621 3
622 1
623 1
624 1
625 2
626 0
627 0
628 1
629 1
630 2
631 1
632 0
633 1
634 1
635 0
636 0
637 1
638 4
639 1
640 0
641 2
642 1
643 1
644 1
645 0
646 2
647 1
648 1
649 0
650 1
651 2
652 2
653 3
654 1
655 2
656 2
657 1
658 1
659 1
660 0
661 2
662 2
663 2
664 1
665 0
666 1
667 0
668 2
669 2
670 0
671 2
672 2
673 0
674 1
675 0
676 2
677 2
678 2
679 1
680 0
681 0
682 1
683 1
684 1
685 2
686 2
687 1
688 0
689 2
690 0
691 2
692 2
693 0
694 2
695 3
696 1
697 1
698 3
699 1
700 1
701 3
702 1
703 1
704 1
705 1
706 1
707 2
708 2
709 2
710 1
711 0
712 0
713 2
714 1
715 1
716 0
717 2
718 4
719 0
720 1
721 3
722 0
723 2
724 3
725 1
726 2
727 1
728 1
729 0
730 2
731 2
732 4
733 3
734 4
735 4
736 3
737 1
738 0
739 1
740 1
741 2
742 2
743 2
744 0
745 3
746 3
747 4
748 3
749 0
750 3
751 0
752 0
753 1
754 1
755 1
756 2
757 2
758 0
759 2
760 1
761 1
762 2
763 2
764 1
765 1
766 3
767 3
768 2
769 1
770 3
771 1
772 4
773 1
774 0
775 1
776 3
777 3
778 2
779 1
780 0
781 0
782 3
783 5
784 2
785 1
786 2
787 0
788 5
789 1
790 3
791 4
792 5
793 1
794 5
795 1
796 0
797 3
798 2
799 1
800 2
801 2
802 2
803 2
804 3
805 4
806 0
807 2
808 3
809 3
810 0
811 2
812 1
813 1
814 3
815 0
816 4
817 0
818 1
819 2
820 4
821 2
822 2
823 0
824 1
825 2
826 3
827 1
828 0
829 0
830 0
831 1
832 3
833 0
834 0
835 2
836 1
837 2
838 2
839 2
840 3
841 2
842 5
843 0
844 2
845 1
846 1
847 0
848 3
849 1
850 0
851 6
852 2
853 1
854 1
855 1
856 1
857 1
858 2
859 2
860 2
861 1
862 1
863 1
864 2
865 2
866 1
867 1
868 1
869 2
870 0
871 2
872 1
873 1
874 0
875 0
876 2
877 4
878 1
879 3
880 0
881 1
882 3
883 1
884 1
885 0
886 3
887 1
888 1
889 0
890 4
891 0
892 2
893 0
894 1
895 0
896 6
897 0
898 1
899 1
900 2
901 2
902 1
903 2
904 4
905 3
906 0
907 0
908 2
909 0
910 2
911 2
912 3
913 3
914 5
915 3
916 2
917 1
918 1
919 2
920 1
921 1
922 0
923 1
924 2
925 5
926 1
927 2
928 0
929 3
930 0
931 0
932 1
933 2
934 2
935 5
936 3
937 1
938 3
939 5
940 0
941 0
942 2
943 1
944 0
945 2
946 4
947 6
948 1
949 3
950 2
951 3
952 4
953 5
954 2
955 2
956 4
957 4
958 2
959 0
960 1
961 0
962 2
963 3
964 1
965 3
966 2
967 4
968 4
969 0
970 2
971 1
972 3
973 0
974 1
975 4
976 4
977 4
978 1
979 3
980 3
981 2
982 3
983 3
984 1
985 0
986 4
987 1
988 2
989 1
990 0
991 6
992 2
993 8
994 3
995 4
996 3
997 5
998 4
999 4
1000 2
1001 5
1002 5
1003 1
1004 3
1005 2
1006 0
1007 1
1008 4
1009 3
1010 3
1011 4
1012 2
1013 3
1014 4
1015 1
1016 2
1017 2
1018 3
1019 1
1020 4
1021 3
1022 5
1023 3
1024 4
1025 5
1026 2
1027 3
1028 2
1029 1
1030 1
1031 4
1032 2
1033 4
1034 2
1035 1
1036 4
1037 4
1038 6
1039 0
1040 4
1041 2
1042 3
1043 1
1044 1
1045 2
1046 0
1047 4
1048 2
1049 2
1050 3
1051 2
1052 2
1053 1
1054 1
1055 0
1056 3
1057 2
1058 4
1059 2
1060 5
1061 2
1062 4
1063 6
1064 4
1065 2
1066 2
1067 5
1068 4
1069 3
1070 2
1071 2
1072 1
1073 1
1074 5
1075 1
1076 2
1077 1
1078 1
1079 2
1080 4
1081 1
1082 1
1083 3
1084 1
1085 3
1086 3
1087 3
1088 4
1089 5
1090 3
1091 1
1092 3
1093 2
1094 3
1095 4
1096 1
1097 5
1098 5
1099 4
1100 2
1101 1
1102 4
1103 7
1104 2
1105 3
1106 2
1107 2
1108 8
1109 5
1110 4
1111 1
1112 4
1113 3
1114 0
1115 5
1116 2
1117 3
1118 3
1119 1
1120 0
1121 6
1122 3
1123 3
1124 1
1125 5
1126 4
1127 5
1128 3
1129 4
1130 6
1131 2
1132 6
1133 9
1134 6
1135 4
1136 6
1137 2
1138 8
1139 4
1140 6
1141 5
1142 2
1143 4
1144 1
1145 5
1146 6
1147 2
1148 2
1149 10
1150 7
1151 5
1152 1
1153 5
1154 6
1155 6
1156 9
1157 5
1158 4
1159 4
1160 5
1161 5
1162 2
1163 6
1164 7
1165 2
1166 5
1167 8
1168 5
1169 3
1170 3
1171 3
1172 3
1173 3
1174 7
1175 7
1176 9
1177 6
1178 4
1179 3
1180 4
1181 8
1182 6
1183 4
1184 5
1185 2
1186 2
1187 5
1188 2
1189 4
1190 4
1191 6
1192 5
1193 2
1194 3
1195 5
1196 4
1197 3
1198 9
1199 9
1200 5
1201 3
1202 3
1203 3
1204 5
1205 4
1206 4
1207 3
1208 3
1209 3
1210 2
1211 4
1212 2
1213 4
1214 2
1215 6
1216 1
1217 6
1218 6
1219 5
1220 4
1221 6
1222 1
1223 4
1224 2
1225 3
1226 3
1227 2
1228 5
1229 4
1230 3
1231 5
1232 7
1233 4
1234 4
1235 1
1236 2
1237 4
1238 3
1239 2
1240 5
1241 6
1242 5
1243 5
1244 2
1245 4
1246 7
1247 3
1248 3
1249 3
1250 1
1251 4
1252 3
1253 4
1254 3
1255 3
1256 2
1257 3
1258 2
1259 5
1260 3
1261 5
1262 3
1263 2
1264 0
1265 4
1266 2
1267 3
1268 14
1269 2
1270 5
1271 3
1272 3
1273 5
1274 4
1275 4
1276 3
1277 6
1278 3
1279 7
1280 1
1281 1
1282 2
1283 0
1284 1
1285 4
1286 5
1287 4
1288 2
1289 6
1290 7
1291 2
1292 7
1293 3
1294 5
1295 9
1296 5
1297 3
1298 6
1299 4
1300 5
1301 4
1302 6
1303 5
1304 1
1305 8
1306 2
1307 5
1308 5
1309 4
1310 3
1311 7
1312 6
1313 4
1314 7
1315 8
1316 4
1317 5
1318 7
1319 5
1320 5
1321 4
1322 3
1323 4
1324 6
1325 2
1326 5
1327 9
1328 9
1329 14
1330 7
1331 3
1332 4
1333 4
1334 4
1335 9
1336 6
1337 1
1338 5
1339 4
1340 8
1341 5
1342 9
1343 3
1344 5
1345 5
1346 3
1347 6
1348 2
1349 4
1350 5
1351 8
1352 5
1353 3
1354 1
1355 5
1356 6
1357 2
1358 2
1359 6
1360 1
1361 4
1362 1
1363 1
1364 4
1365 2
1366 1
1367 2
1368 6
1369 2
1370 3
1371 3
1372 3
1373 2
1374 0
1375 3
1376 1
1377 2
1378 1
1379 3
1380 2
1381 2
1382 3
1383 0
1384 0
1385 3
1386 2
1387 1
1388 0
1389 1
1390 1
1391 0
1392 4
1393 0
1394 1
1395 1
1396 4
1397 0
1398 1
1399 1
1400 0
1401 1
1402 2
1403 0
1404 0
1405 2
1406 0
1407 2
1408 1
1409 1
1410 0
1411 0
1412 2
1413 2
1414 4
1415 0
1416 1
1417 2
1418 2
1419 0
1420 0
1421 1
1422 3
1423 3
1424 0
1425 0
1426 0
1427 1
1428 4
1429 2
1430 2
1431 1
1432 2
1433 1
1434 0
1435 1
1436 3
1437 1
1438 3
1439 2
1440 2
1441 1
1442 2
1443 0
1444 1
1445 3
1446 1
1447 3
1448 1
1449 0
1450 1
1451 0
1452 1
1453 0
1454 2
1455 1
1456 1
1457 1
1458 1
1459 0
1460 1
1461 0
1462 0
1463 1
1464 0
1465 0
1466 2
1467 3
1468 1
1469 1
1470 4
1471 1
1472 1
1473 1
1474 3
1475 1
1476 0
1477 0
1478 4
1479 2
1480 2
1481 0
1482 0
1483 0
1484 0
1485 3
1486 0
1487 1
1488 1
1489 1
1490 2
1491 1
1492 0
1493 1
1494 1
1495 2
1496 3
1497 3
1498 1
1499 0
1500 1
1501 0
1502 0
1503 2
1504 1
1505 0
1506 0
1507 1
1508 1
1509 1
1510 0
1511 1
1512 0
1513 0
1514 0
1515 0
1516 0
1517 0
1518 1
1519 0
1520 0
1521 1
1522 0
1523 0
1524 2
1525 0
1526 0
1527 0
1528 0
1529 0
1530 0
1531 0
1532 0
1533 0
1534 0
1535 0
1536 0
1537 0
1538 0
1539 0
1540 1
1541 0
1542 0
1543 0
1544 0
1545 0
1546 0
1547 0
1548 0
1549 1
1550 0
1551 0
1552 0
1553 0
1554 0
1555 0
1556 0
1557 0
1558 0
1559 0
1560 0
1561 1
1562 0
1563 0
1564 0
1565 0
1566 0
1567 0
1568 0
1569 0
1570 0
1571 0
1572 0
1573 0
1574 0
1575 0
1576 0
1577 0
1578 0
1579 0
1580 0
1581 0
1582 0
1583 0
1584 0
1585 1
1586 0
1587 0
1588 0
1589 0
1590 0
1591 0
1592 0
1593 0
1594 0
1595 0
1596 0
1597 0
1598 0
1599 0
1600 0
1601 0
1602 0
1603 0
1604 0
1605 0
1606 0
1607 0
1608 0
1609 0
1610 0
1611 0
1612 0
1613 1
1614 0
1615 0
1616 0
1617 0
1618 0
1619 0
1620 0
1621 0
1622 0
1623 0
1624 0
1625 0
1626 0
1627 0
1628 0
1629 0
1630 0
1631 0
1632 0
1633 0
1634 0
1635 0
1636 0
1637 0
1638 0
1639 0
1640 0
1641 0
1642 0
1643 0
1644 0
1645 0
1646 0
1647 0
1648 0
1649 0
1650 0
1651 0
1652 0
1653 0
1654 0
1655 0
1656 0
1657 0
1658 0
1659 0
1660 0
1661 0
1662 0
1663 0
1664 0
1665 0
1666 0
1667 0
1668 0
1669 0
1670 0
1671 0
1672 0
1673 0
1674 0
1675 0
1676 0
1677 0
1678 0
1679 0
1680 0
1681 0
1682 0
1683 1
1684 0
1685 0
1686 0
1687 0
1688 0
1689 0
1690 0
1691 0
1692 1
1693 0
1694 0
1695 0
1696 0
1697 0
1698 0
1699 0
1700 0
1701 0
1702 0
1703 0
1704 0
1705 0
1706 0
1707 0
1708 0
1709 0
1710 0
1711 0
1712 0
1713 0
1714 0
1715 0
1716 0
1717 0
1718 0
1719 0
1720 0
1721 0
1722 0
1723 0
1724 0
1725 0
1726 0
1727 0
1728 0
1729 0
1730 0
1731 0
1732 0
1733 0
1734 0
1735 0
1736 0
1737 0
1738 0
1739 0
1740 0
1741 0
1742 0
1743 0
1744 0
1745 0
1746 0
1747 0
1748 0
1749 0
1750 0
1751 0
1752 0
1753 0
1754 0
1755 0
1756 0
1757 0
1758 1
1759 0
1760 0
1761 0
1762 0
1763 0
1764 1
1765 0
1766 0
1767 0
1768 0
1769 0
1770 0
1771 0
1772 0
1773 0
1774 0
1775 0
1776 0
1777 0
1778 1
1779 0
1780 0
1781 0
1782 0
1783 0
1784 0
1785 0
1786 0
1787 0
1788 0
1789 0
1790 0
1791 0
1792 0
1793 0
1794 0
1795 0
1796 0
1797 0
1798 0
1799 0
1800 0
1801 0
1802 0
1803 0
1804 0
1805 0
1806 0
1807 0
1808 0
1809 0
1810 0
1811 0
1812 0
1813 0
1814 0
1815 0
1816 0
1817 0
1818 0
1819 0
1820 0
1821 0
1822 0
1823 0
1824 0
1825 0
1826 0
1827 0
1828 0
1829 0
1830 0
1831 0
1832 0
1833 0
1834 0
1835 0
1836 0
1837 0
1838 0
1839 0
1840 0
1841 0
1842 0
1843 0
1844 0
1845 0
1846 0
1847 0
1848 0
1849 0
1850 0
1851 0
1852 0
1853 0
1854 0
1855 0
1856 0
1857 0
1858 0
1859 0
1860 0
1861 0
1862 0
1863 0
1864 0
1865 0
1866 0
1867 1
1868 0
1869 0
1870 0
1871 0
1872 0
1873 0
1874 0
1875 0
1876 0
1877 0
1878 0
1879 0
1880 0
1881 0
1882 0
1883 0
1884 0
1885 0
1886 0
1887 0
1888 0
1889 0
1890 0
1891 0
1892 0
1893 0
1894 0
1895 0
1896 0
1897 0
1898 1
1899 0
1900 0
1901 0
1902 0
1903 0
1904 0
1905 0
1906 0
1907 0
1908 0
1909 1
1910 0
1911 0
1912 0
1913 0
1914 0
1915 0
1916 0
1917 0
1918 0
1919 0
1920 0
1921 0
1922 0
1923 0
1924 0
1925 1
1926 0
1927 0
1928 0
1929 0
1930 0
1931 0
1932 0
1933 0
1934 0
1935 0
1936 0
1937 0
1938 0
1939 0
1940 0
1941 0
1942 0
1943 0
1944 0
1945 0
1946 0
1947 0
1948 0
1949 0
1950 0
1951 0
1952 0
1953 0
1954 0
1955 0
1956 0
1957 0
1958 0
1959 0
1960 0
1961 0
1962 0
1963 0
1964 0
1965 0
1966 0
1967 0
1968 0
1969 0
1970 0
1971 0
1972 0
1973 0
1974 0
1975 0
1976 0
1977 0
1978 0
1979 0
1980 0
1981 0
1982 0
1983 0
1984 0
1985 0
1986 0
1987 0
1988 0
1989 0
1990 0
1991 0
1992 0
1993 0
1994 0
1995 0
1996 0
1997 0
1998 0
1999 0
2000 0
2001 0
2002 0
2003 0
2004 0
2005 0
2006 0
2007 0
2008 0
2009 0
2010 0
2011 0
2012 0
2013 0
2014 0
2015 0
2016 0
2017 0
2018 0
2019 0
2020 0
2021 0
2022 0
2023 0
2024 0
2025 0
2026 0
2027 0
2028 0
2029 0
2030 0
2031 0
2032 0
2033 0
2034 0
2035 0
2036 0
2037 0
2038 0
2039 0
2040 0
2041 0
2042 0
2043 0
2044 0
2045 0
2046 0
2047 0
