# Dead time factor = 1.00000
0 0
1 0
2 0
3 0
4 0
5 0
6 0
7 0
8 0
9 0
10 0
11 0
12 0
13 0
14 0
15 0
16 0
17 1
18 3
19 4
20 6
21 7
22 7
23 9
24 9
25 4
26 8
27 4
28 3
29 1
30 6
31 4
32 6
33 7
34 2
35 6
36 7
37 3
38 8
39 4
40 4
41 7
42 5
43 6
44 2
45 2
46 3
47 7
48 4
49 4
50 5
51 6
52 3
53 1
54 5
55 2
56 3
57 1
58 4
59 5
60 6
61 4
62 3
63 3
64 5
65 3
66 5
67 3
68 2
69 4
70 2
71 9
72 6
73 3
74 4
75 7
76 5
77 4
78 2
79 10
80 2
81 2
82 7
83 8
84 5
85 7
86 3
87 3
88 7
89 3
90 4
91 3
92 2
93 4
94 1
95 3
96 6
97 3
98 3
99 3
100 3
101 2
102 5
103 3
104 2
105 2
106 6
107 0
108 3
109 3
110 2
111 3
112 0
113 2
114 0
115 1
116 2
117 0
118 3
119 0
120 2
121 2
122 1
123 1
124 2
125 1
126 2
127 2
128 3
129 2
130 0
131 3
132 2
133 0
134 5
135 8
136 1
137 1
138 6
139 3
140 2
141 2
142 3
143 2
144 4
145 4
146 6
147 5
148 3
149 3
150 0
151 3
152 2
153 7
154 5
155 9
156 2
157 5
158 5
159 4
160 2
161 2
162 3
163 1
164 2
165 1
166 3
167 5
168 1
169 6
170 1
171 1
172 4
173 4
174 1
175 1
176 0
177 2
178 0
179 1
180 1
181 0
182 2
183 1
184 1
185 0
186 2
187 0
188 3
189 0
190 1
191 0
192 5
193 1
194 2
195 1
196 1
197 1
198 1
199 3
200 1
201 1
202 1
203 5
204 4
205 2
206 0
207 1
208 2
209 2
210 2
211 1
212 1
213 5
214 3
215 0
216 4
217 1
218 3
219 3
220 0
221 1
222 0
223 1
224 2
225 0
226 2
227 3
228 1
229 3
230 1
231 1
232 0
233 2
234 2
235 2
236 3
237 2
238 1
239 2
240 3
241 2
242 1
243 1
244 1
245 1
246 1
247 0
248 2
249 3
250 3
251 3
252 2
253 2
254 2
255 1
256 4
257 0
258 1
259 2
260 1
261 0
262 2
263 3
264 1
265 2
266 0
267 0
268 2
269 0
270 2
271 1
272 1
273 2
274 1
275 0
276 4
277 0
278 1
279 1
280 0
281 3
282 2
283 0
284 2
285 2
286 4
287 0
288 0
289 3
290 2
291 1
292 1
293 2
294 2
295 1
296 0
297 1
298 1
299 1
300 1
301 1
302 4
303 0
304 3
305 5
306 0
307 0
308 1
309 1
310 2
311 1
312 2
313 2
314 1
315 4
316 2
317 2
318 0
319 1
320 4
321 1
322 1
323 0
324 1
325 1
326 0
327 0
328 0
329 4
330 1
331 2
332 1
333 2
334 1
335 1
336 3
337 2
338 1
339 1
340 3
341 1
342 1
343 0
344 0
345 1
346 2
347 0
348 2
349 0
350 2
351 3
352 2
353 0
354 0
355 1
356 0
357 1
358 1
359 1
360 1
361 0
362 1
363 0
364 0
365 0
366 0
367 2
368 0
369 1
370 3
371 0
372 1
373 1
374 0
375 1
376 3
377 3
378 1
379 0
380 1
381 1
382 1
383 3
384 3
385 0
386 2
387 0
388 1
389 1
390 1
391 0
392 0
393 4
394 1
395 1
396 0
397 4
398 1
399 0
400 2
401 1
402 0
403 1
404 0
405 0
406 2
407 0
408 2
409 1
410 0
411 0
412 0
413 1
414 1
415 0
416 1
417 2
418 0
419 1
420 2
421 0
422 0
423 2
424 1
425 2
426 0
427 1
428 2
429 1
430 0
431 0
432 2
433 1
434 2
435 3
436 1
437 2
438 4
439 1
440 2
441 0
442 0
443 0
444 0
445 2
446 0
447 1
448 2
449 0
450 0
451 0
452 1
453 1
454 1
455 0
456 2
457 0
458 1
459 3
460 0
461 2
462 2
463 4
464 2
465 1
466 0
467 3
468 3
469 2
470 1
471 1
472 1
473 1
474 3
475 2
476 0
477 1
478 0
479 3
480 2
481 0
482 1
483 1
484 0
485 0
486 1
487 0
488 0
489 1
490 0
491 1
492 0
493 1
494 1
495 1
496 0
497 2
498 0
499 2
500 0
501 0
502 2
503 1
504 3
505 0
506 0
507 0
508 1
509 3
510 0
511 1
512 2
513 1
514 2
515 0
516 0
517 0
518 0
519 2
520 4
521 0
522 0
523 2
524 0
525 2
526 0
527 1
528 0
529 0
530 1
531 2
532 1
533 0
534 3
535 3
536 0
537 0
538 0
539 0
540 1
541 1
542 2
543 0
544 1
545 0
546 2
547 1
548 0
549 1
550 0
551 0
552 2
553 2
554 1
555 2
556 1
557 0
558 1
559 1
560 2
561 0
562 1
563 1
564 1
565 2
566 1
567 0
568 1
569 3
570 1
571 0
572 3
573 2
574 1
575 0
576 2
577 0
578 2
579 1
580 0
581 1
582 2
583 0
584 2
585 3
586 1
587 2
588 0
589 0
590 1
591 2
592 0
593 0
594 2
595 0
596 4
597 0
598 1
599 0
600 0
601 0
602 2
603 2
604 0
605 0
606 1
607 1
608 1
609 3
610 0
611 0
612 4
613 1
614 3
615 0
616 0
617 0
618 1
619 1
620 0
621 3
622 0
623 3
624 1
625 3
626 0
627 0
628 1
629 1
630 1
631 0
632 2
633 0
634 2
635 0
636 4
637 0
638 0
639 0
640 2
641 2
642 3
643 1
644 1
645 2
646 1
647 2
648 0
649 1
650 0
651 0
652 0
653 1
654 2
655 1
656 3
657 1
658 0
659 1
660 1
661 2
662 1
663 3
664 1
665 2
666 0
667 5
668 3
669 0
670 2
671 2
672 1
673 0
674 1
675 2
676 1
677 2
678 0
679 1
680 1
681 0
682 2
683 1
684 3
685 1
686 1
687 1
688 2
689 0
690 0
691 2
692 1
693 2
694 1
695 3
696 1
697 1
698 1
699 2
700 1
701 0
702 0
703 2
704 1
705 1
706 0
707 1
708 0
709 1
710 0
711 0
712 0
713 0
714 2
715 2
716 2
717 2
718 1
719 0
720 1
721 2
722 1
723 3
724 0
725 2
726 0
727 1
728 2
729 2
730 1
731 0
732 0
733 1
734 1
735 1
736 2
737 2
738 1
739 1
740 2
741 1
742 1
743 2
744 3
745 3
746 3
747 0
748 1
749 0
750 0
751 0
752 1
753 2
754 4
755 1
756 1
757 2
758 1
759 0
760 1
761 3
762 3
763 0
764 1
765 2
766 1
767 0
768 2
769 2
770 0
771 2
772 1
773 1
774 0
775 2
776 3
777 0
778 0
779 0
780 0
781 0
782 1
783 1
784 2
785 0
786 0
787 0
788 2
789 1
790 2
791 1
792 0
793 1
794 0
795 0
796 2
797 1
798 0
799 5
800 1
801 0
802 1
803 3
804 1
805 1
806 0
807 1
808 0
809 2
810 0
811 2
812 0
813 0
814 0
815 0
816 4
817 0
818 4
819 1
820 1
821 1
822 2
823 1
824 1
825 0
826 1
827 2
828 0
829 3
830 0
831 1
832 1
833 0
834 3
835 1
836 1
837 0
838 1
839 1
840 0
841 2
842 2
843 1
844 1
845 2
846 3
847 0
848 2
849 0
850 2
851 0
852 2
853 0
854 0
855 2
856 1
857 0
858 0
859 1
860 1
861 4
862 5
863 1
864 1
865 0
866 4
867 2
868 0
869 1
870 1
871 0
872 0
873 5
874 0
875 1
876 0
877 1
878 1
879 0
880 1
881 2
882 1
883 1
884 2
885 2
886 2
887 2
888 0
889 0
890 1
891 2
892 2
893 0
894 3
895 2
896 1
897 3
898 1
899 3
900 1
901 0
902 3
903 5
904 1
905 0
906 3
907 2
908 0
909 2
910 2
911 2
912 3
913 1
914 0
915 0
916 1
917 1
918 3
919 2
920 3
921 2
922 0
923 0
924 2
925 2
926 0
927 2
928 1
929 0
930 1
931 2
932 0
933 1
934 0
935 1
936 0
937 2
938 1
939 3
940 0
941 1
942 0
943 2
944 1
945 1
946 1
947 1
948 0
949 4
950 1
951 0
952 0
953 1
954 3
955 0
956 1
957 3
958 1
959 2
960 3
961 3
962 1
963 2
964 0
965 2
966 2
967 1
968 2
969 0
970 0
971 1
972 1
973 5
974 3
975 1
976 2
977 2
978 0
979 4
980 2
981 3
982 3
983 2
984 3
985 2
986 2
987 0
988 2
989 2
990 1
991 1
992 8
993 0
994 1
995 1
996 1
997 4
998 3
999 0
1000 4
1001 2
1002 2
1003 1
1004 2
1005 1
1006 3
1007 2
1008 0
1009 4
1010 1
1011 0
1012 0
1013 3
1014 1
1015 5
1016 3
1017 4
1018 4
1019 0
1020 2
1021 5
1022 2
1023 8
1024 5
1025 5
1026 1
1027 1
1028 2
1029 0
1030 1
1031 1
1032 2
1033 0
1034 4
1035 1
1036 5
1037 1
1038 4
1039 2
1040 3
1041 1
1042 1
1043 2
1044 2
1045 2
1046 3
1047 4
1048 2
1049 1
1050 1
1051 3
1052 0
1053 1
1054 2
1055 3
1056 2
1057 3
1058 4
1059 2
1060 2
1061 3
1062 4
1063 2
1064 2
1065 4
1066 6
1067 2
1068 1
1069 2
1070 2
1071 1
1072 2
1073 1
1074 0
1075 4
1076 2
1077 1
1078 2
1079 1
1080 3
1081 2
1082 2
1083 2
1084 2
1085 5
1086 3
1087 5
1088 1
1089 1
1090 1
1091 3
1092 0
1093 2
1094 2
1095 2
1096 1
1097 5
1098 4
1099 2
1100 3
1101 0
1102 5
1103 1
1104 4
1105 2
1106 2
1107 5
1108 2
1109 5
1110 4
1111 3
1112 2
1113 3
1114 4
1115 4
1116 5
1117 3
1118 2
1119 3
1120 4
1121 4
1122 2
1123 1
1124 2
1125 3
1126 5
1127 4
1128 3
1129 7
1130 4
1131 7
1132 8
1133 5
1134 2
1135 9
1136 4
1137 4
1138 5
1139 6
1140 2
1141 2
1142 8
1143 1
1144 2
1145 4
1146 1
1147 3
1148 4
1149 6
1150 2
1151 4
1152 4
1153 5
1154 3
1155 5
1156 0
1157 4
1158 5
1159 4
1160 1
1161 5
1162 9
1163 4
1164 3
1165 4
1166 1
1167 4
1168 1
1169 3
1170 2
1171 6
1172 4
1173 5
1174 0
1175 3
1176 6
1177 6
1178 4
1179 1
1180 6
1181 2
1182 5
1183 1
1184 1
1185 2
1186 3
1187 4
1188 7
1189 3
1190 3
1191 5
1192 4
1193 2
1194 5
1195 5
1196 3
1197 3
1198 4
1199 4
1200 6
1201 3
1202 5
1203 3
1204 7
1205 5
1206 2
1207 4
1208 4
1209 4
1210 0
1211 5
1212 3
1213 5
1214 3
1215 3
1216 5
1217 3
1218 3
1219 2
1220 2
1221 5
1222 7
1223 2
1224 3
1225 3
1226 2
1227 1
1228 1
1229 2
1230 4
1231 0
1232 1
1233 1
1234 2
1235 2
1236 2
1237 4
1238 2
1239 6
1240 5
1241 1
1242 2
1243 2
1244 6
1245 3
1246 3
1247 4
1248 2
1249 3
1250 2
1251 2
1252 3
1253 3
1254 4
1255 2
1256 2
1257 3
1258 2
1259 3
1260 1
1261 2
1262 5
1263 3
1264 4
1265 3
1266 4
1267 2
1268 2
1269 3
1270 2
1271 4
1272 6
1273 4
1274 2
1275 3
1276 4
1277 5
1278 4
1279 3
1280 3
1281 0
1282 3
1283 3
1284 4
1285 4
1286 1
1287 1
1288 2
1289 3
1290 4
1291 2
1292 7
1293 1
1294 5
1295 4
1296 4
1297 5
1298 2
1299 3
1300 4
1301 3
1302 0
1303 4
1304 3
1305 3
1306 2
1307 6
1308 3
1309 4
1310 5
1311 5
1312 6
1313 2
1314 5
1315 4
1316 6
1317 8
1318 2
1319 5
1320 2
1321 9
1322 3
1323 2
1324 6
1325 3
1326 3
1327 4
1328 6
1329 2
1330 2
1331 4
1332 8
1333 1
1334 2
1335 1
1336 3
1337 1
1338 0
1339 6
1340 3
1341 6
1342 7
1343 7
1344 1
1345 5
1346 4
1347 4
1348 2
1349 2
1350 0
1351 0
1352 1
1353 4
1354 0
1355 5
1356 4
1357 3
1358 6
1359 4
1360 2
1361 2
1362 3
1363 2
1364 2
1365 2
1366 2
1367 3
1368 2
1369 0
1370 4
1371 1
1372 4
1373 3
1374 1
1375 0
1376 2
1377 3
1378 4
1379 2
1380 0
1381 1
1382 4
1383 1
1384 1
1385 1
1386 0
1387 1
1388 1
1389 1
1390 0
1391 1
1392 1
1393 0
1394 1
1395 0
1396 0
1397 1
1398 0
1399 1
1400 0
1401 1
1402 3
1403 2
1404 2
1405 0
1406 1
1407 2
1408 2
1409 0
1410 1
1411 1
1412 0
1413 1
1414 0
1415 3
1416 0
1417 1
1418 0
1419 0
1420 0
1421 1
1422 3
1423 2
1424 0
1425 1
1426 1
1427 1
1428 1
1429 1
1430 0
1431 3
1432 1
1433 1
1434 0
1435 1
1436 2
1437 1
1438 2
1439 2
1440 2
1441 0
1442 0
1443 1
1444 4
1445 1
1446 3
1447 0
1448 0
1449 1
1450 3
1451 1
1452 3
1453 0
1454 2
1455 1
1456 1
1457 1
1458 2
1459 0
1460 2
1461 2
1462 1
1463 1
1464 2
1465 3
1466 0
1467 1
1468 3
1469 1
1470 1
1471 1
1472 0
1473 1
1474 0
1475 0
1476 2
1477 1
1478 2
1479 1
1480 3
1481 2
1482 0
1483 0
1484 1
1485 1
1486 2
1487 2
1488 1
1489 1
1490 0
1491 0
1492 0
1493 3
1494 0
1495 0
1496 2
1497 1
1498 1
1499 0
1500 1
1501 0
1502 0
1503 2
1504 0
1505 0
1506 1
1507 1
1508 1
1509 0
1510 0
1511 1
1512 2
1513 2
1514 0
1515 0
1516 0
1517 1
1518 0
1519 0
1520 0
1521 0
1522 0
1523 0
1524 0
1525 0
1526 0
1527 1
1528 0
1529 0
1530 0
1531 0
1532 0
1533 0
1534 0
1535 0
1536 0
1537 0
1538 0
1539 0
1540 0
1541 0
1542 0
1543 0
1544 0
1545 1
1546 0
1547 0
1548 0
1549 0
1550 0
1551 0
1552 1
1553 0
1554 0
1555 0
1556 0
1557 0
1558 0
1559 0
1560 0
1561 0
1562 0
1563 0
1564 0
1565 0
1566 0
1567 0
1568 0
1569 0
1570 0
1571 0
1572 0
1573 0
1574 0
1575 0
1576 0
1577 0
1578 0
1579 0
1580 0
1581 1
1582 0
1583 0
1584 0
1585 0
1586 0
1587 0
1588 0
1589 0
1590 0
1591 0
1592 0
1593 0
1594 0
1595 0
1596 0
1597 0
1598 0
1599 0
1600 0
1601 0
1602 0
1603 0
1604 0
1605 0
1606 0
1607 0
1608 0
1609 0
1610 0
1611 0
1612 0
1613 0
1614 0
1615 0
1616 0
1617 0
1618 0
1619 0
1620 0
1621 0
1622 0
1623 0
1624 0
1625 0
1626 0
1627 0
1628 0
1629 0
1630 0
1631 0
1632 0
1633 0
1634 0
1635 0
1636 0
1637 0
1638 0
1639 0
1640 0
1641 0
1642 0
1643 0
1644 0
1645 0
1646 0
1647 0
1648 0
1649 0
1650 0
1651 0
1652 0
1653 0
1654 0
1655 0
1656 0
1657 0
1658 0
1659 0
1660 0
1661 0
1662 0
1663 0
1664 0
1665 0
1666 0
1667 0
1668 0
1669 0
1670 0
1671 0
1672 0
1673 0
1674 0
1675 0
1676 0
1677 0
1678 0
1679 0
1680 0
1681 0
1682 0
1683 0
1684 0
1685 0
1686 0
1687 0
1688 0
1689 0
1690 0
1691 1
1692 0
1693 1
1694 1
1695 0
1696 0
1697 1
1698 0
1699 0
1700 0
1701 0
1702 0
1703 0
1704 0
1705 0
1706 0
1707 0
1708 0
1709 0
1710 0
1711 0
1712 0
1713 0
1714 0
1715 0
1716 0
1717 0
1718 0
1719 0
1720 0
1721 0
1722 1
1723 0
1724 0
1725 0
1726 0
1727 0
1728 0
1729 0
1730 0
1731 0
1732 0
1733 0
1734 0
1735 0
1736 0
1737 0
1738 0
1739 0
1740 0
1741 0
1742 0
1743 0
1744 0
1745 0
1746 1
1747 0
1748 0
1749 0
1750 0
1751 0
1752 0
1753 0
1754 0
1755 0
1756 0
1757 0
1758 0
1759 0
1760 0
1761 0
1762 0
1763 0
1764 0
1765 0
1766 0
1767 0
1768 0
1769 0
1770 0
1771 0
1772 0
1773 0
1774 0
1775 0
1776 0
1777 0
1778 0
1779 1
1780 0
1781 0
1782 0
1783 0
1784 0
1785 0
1786 0
1787 0
1788 0
1789 0
1790 0
1791 0
1792 0
1793 0
1794 0
1795 0
1796 0
1797 0
1798 0
1799 0
1800 0
1801 0
1802 0
1803 0
1804 0
1805 0
1806 0
1807 0
1808 0
1809 0
1810 0
1811 0
1812 0
1813 0
1814 0
1815 0
1816 0
1817 0
1818 0
1819 0
1820 0
1821 0
1822 0
1823 0
1824 0
1825 0
1826 0
1827 0
1828 0
1829 1
1830 0
1831 0
1832 0
1833 0
1834 0
1835 0
1836 0
1837 0
1838 0
1839 0
1840 0
1841 0
1842 0
1843 0
1844 0
1845 0
1846 0
1847 0
1848 0
1849 0
1850 0
1851 0
1852 0
1853 0
1854 0
1855 0
1856 0
1857 0
1858 0
1859 0
1860 1
1861 0
1862 0
1863 0
1864 0
1865 0
1866 0
1867 0
1868 0
1869 0
1870 0
1871 0
1872 0
1873 0
1874 0
1875 0
1876 0
1877 0
1878 0
1879 0
1880 0
1881 0
1882 0
1883 0
1884 0
1885 0
1886 0
1887 0
1888 0
1889 0
1890 0
1891 0
1892 0
1893 0
1894 0
1895 0
1896 0
1897 0
1898 0
1899 0
1900 0
1901 0
1902 0
1903 0
1904 0
1905 0
1906 0
1907 0
1908 0
1909 0
1910 0
1911 0
1912 0
1913 0
1914 0
1915 0
1916 0
1917 0
1918 0
1919 0
1920 0
1921 0
1922 0
1923 0
1924 0
1925 0
1926 0
1927 0
1928 0
1929 0
1930 0
1931 0
1932 0
1933 0
1934 0
1935 0
1936 0
1937 0
1938 0
1939 0
1940 0
1941 0
1942 0
1943 0
1944 0
1945 0
1946 0
1947 0
1948 0
1949 0
1950 0
1951 0
1952 0
1953 0
1954 0
1955 0
1956 0
1957 0
1958 0
1959 0
1960 0
1961 0
1962 0
1963 0
1964 0
1965 0
1966 0
1967 0
1968 0
1969 0
1970 0
1971 0
1972 0
1973 0
1974 0
1975 0
1976 0
1977 0
1978 0
1979 0
1980 0
1981 1
1982 0
1983 0
1984 0
1985 0
1986 0
1987 0
1988 0
1989 0
1990 0
1991 0
1992 0
1993 0
1994 0
1995 0
1996 0
1997 0
1998 0
1999 0
2000 0
2001 0
2002 0
2003 0
2004 0
2005 0
2006 0
2007 0
2008 0
2009 0
2010 0
2011 0
2012 0
2013 0
2014 0
2015 0
2016 0
2017 0
2018 0
2019 0
2020 0
2021 0
2022 0
2023 0
2024 0
2025 0
2026 0
2027 0
2028 0
2029 0
2030 0
2031 0
2032 0
2033 0
2034 0
2035 0
2036 0
2037 0
2038 0
2039 0
2040 0
2041 0
2042 0
2043 0
2044 0
2045 0
2046 0
2047 0
