# Dead time factor = 1.00000
0 0
1 0
2 0
3 0
4 0
5 0
6 0
7 0
8 0
9 0
10 0
11 0
12 0
13 0
14 0
15 0
16 0
17 25
18 183
19 185
20 226
21 214
22 195
23 218
24 188
25 183
26 203
27 168
28 165
29 154
30 186
31 141
32 132
33 119
34 145
35 127
36 122
37 99
38 145
39 125
40 122
41 110
42 125
43 98
44 103
45 105
46 109
47 67
48 102
49 82
50 92
51 85
52 86
53 75
54 70
55 69
56 87
57 71
58 68
59 74
60 64
61 80
62 70
63 76
64 65
65 52
66 60
67 59
68 46
69 70
70 61
71 83
72 71
73 62
74 51
75 59
76 53
77 67
78 48
79 53
80 57
81 49
82 70
83 41
84 45
85 52
86 44
87 39
88 42
89 40
90 51
91 42
92 43
93 37
94 37
95 40
96 37
97 40
98 47
99 41
100 39
101 30
102 28
103 36
104 35
105 30
106 48
107 36
108 37
109 40
110 39
111 32
112 25
113 30
114 33
115 28
116 27
117 26
118 31
119 23
120 32
121 32
122 27
123 20
124 26
125 25
126 18
127 25
128 24
129 28
130 27
131 27
132 22
133 16
134 16
135 29
136 32
137 30
138 25
139 32
140 28
141 22
142 23
143 32
144 26
145 17
146 21
147 24
148 20
149 30
150 32
151 21
152 23
153 27
154 28
155 19
156 23
157 28
158 23
159 29
160 24
161 26
162 19
163 29
164 18
165 16
166 17
167 15
168 11
169 22
170 19
171 29
172 18
173 22
174 20
175 12
176 18
177 18
178 27
179 26
180 16
181 22
182 16
183 16
184 21
185 19
186 18
187 18
188 14
189 24
190 19
191 24
192 20
193 17
194 14
195 20
196 16
197 13
198 16
199 11
200 8
201 19
202 22
203 15
204 15
205 9
206 11
207 15
208 17
209 15
210 14
211 8
212 10
213 14
214 24
215 15
216 11
217 12
218 13
219 8
220 13
221 14
222 11
223 10
224 9
225 12
226 10
227 17
228 11
229 8
230 13
231 14
232 17
233 14
234 7
235 8
236 9
237 17
238 11
239 9
240 14
241 15
242 10
243 17
244 10
245 19
246 10
247 13
248 6
249 12
250 12
251 7
252 8
253 12
254 8
255 13
256 12
257 6
258 13
259 11
260 13
261 8
262 17
263 13
264 10
265 12
266 9
267 8
268 6
269 6
270 9
271 13
272 9
273 15
274 6
275 13
276 16
277 12
278 10
279 5
280 10
281 8
282 14
283 11
284 6
285 9
286 12
287 5
288 9
289 12
290 11
291 10
292 11
293 8
294 6
295 8
296 13
297 11
298 14
299 10
300 17
301 6
302 8
303 7
304 8
305 3
306 7
307 11
308 6
309 12
310 10
311 10
312 6
313 8
314 9
315 9
316 8
317 8
318 7
319 5
320 4
321 8
322 6
323 8
324 6
325 8
326 9
327 11
328 9
329 11
330 8
331 9
332 13
333 5
334 6
335 3
336 14
337 9
338 8
339 3
340 7
341 4
342 9
343 7
344 5
345 7
346 5
347 11
348 4
349 0
350 7
351 7
352 5
353 4
354 9
355 6
356 9
357 5
358 5
359 4
360 3
361 5
362 4
363 6
364 8
365 5
366 4
367 5
368 4
369 3
370 4
371 3
372 6
373 5
374 4
375 7
376 6
377 8
378 4
379 5
380 5
381 5
382 6
383 7
384 7
385 8
386 10
387 3
388 1
389 8
390 3
391 7
392 4
393 3
394 4
395 4
396 7
397 5
398 6
399 2
400 7
401 4
402 3
403 6
404 8
405 4
406 3
407 6
408 3
409 4
410 6
411 3
412 2
413 8
414 8
415 7
416 6
417 5
418 6
419 3
420 3
421 5
422 3
423 6
424 4
425 6
426 7
427 7
428 5
429 8
430 6
431 5
432 6
433 12
434 2
435 8
436 9
437 6
438 3
439 6
440 5
441 5
442 7
443 6
444 6
445 9
446 9
447 2
448 3
449 9
450 6
451 7
452 7
453 5
454 3
455 1
456 2
457 4
458 3
459 3
460 4
461 3
462 4
463 2
464 3
465 5
466 3
467 3
468 4
469 3
470 2
471 5
472 2
473 3
474 1
475 10
476 5
477 5
478 8
479 7
480 6
481 4
482 1
483 3
484 3
485 3
486 2
487 2
488 0
489 2
490 2
491 5
492 3
493 2
494 1
495 0
496 0
497 4
498 2
499 3
500 0
501 3
502 3
503 1
504 3
505 0
506 1
507 1
508 2
509 3
510 1
511 5
512 5
513 2
514 5
515 3
516 1
517 2
518 3
519 1
520 2
521 4
522 3
523 0
524 2
525 4
526 0
527 3
528 6
529 4
530 1
531 5
532 1
533 4
534 1
535 0
536 3
537 1
538 1
539 3
540 3
541 0
542 1
543 7
544 1
545 2
546 1
547 6
548 5
549 1
550 2
551 2
552 1
553 1
554 2
555 4
556 4
557 3
558 1
559 2
560 2
561 2
562 3
563 1
564 0
565 2
566 2
567 1
568 2
569 1
570 3
571 1
572 2
573 2
574 2
575 0
576 1
577 0
578 3
579 0
580 0
581 2
582 1
583 1
584 3
585 4
586 0
587 1
588 1
589 1
590 1
591 1
592 4
593 3
594 0
595 0
596 0
597 1
598 2
599 0
600 2
601 0
602 1
603 0
604 2
605 0
606 0
607 0
608 2
609 1
610 1
611 0
612 0
613 0
614 1
615 2
616 1
617 0
618 4
619 1
620 0
621 2
622 1
623 0
624 1
625 1
626 0
627 0
628 1
629 1
630 0
631 5
632 0
633 0
634 0
635 1
636 2
637 2
638 4
639 3
640 0
641 1
642 0
643 2
644 4
645 0
646 0
647 0
648 1
649 2
650 0
651 1
652 0
653 1
654 0
655 2
656 0
657 0
658 1
659 1
660 1
661 2
662 3
663 2
664 1
665 1
666 1
667 2
668 1
669 1
670 1
671 3
672 1
673 1
674 0
675 0
676 1
677 1
678 1
679 2
680 1
681 0
682 0
683 1
684 1
685 1
686 0
687 1
688 1
689 0
690 1
691 1
692 0
693 1
694 1
695 4
696 2
697 1
698 1
699 1
700 0
701 0
702 3
703 2
704 1
705 2
706 2
707 0
708 1
709 0
710 0
711 0
712 2
713 0
714 2
715 0
716 2
717 1
718 1
719 2
720 1
721 1
722 0
723 1
724 1
725 0
726 1
727 2
728 2
729 0
730 0
731 0
732 1
733 0
734 0
735 1
736 0
737 2
738 0
739 0
740 1
741 0
742 0
743 1
744 1
745 0
746 0
747 0
748 0
749 0
750 2
751 1
752 0
753 1
754 1
755 0
756 0
757 0
758 0
759 0
760 1
761 2
762 0
763 0
764 0
765 1
766 1
767 2
768 3
769 0
770 4
771 2
772 3
773 0
774 3
775 3
776 0
777 1
778 0
779 1
780 2
781 2
782 1
783 1
784 0
785 4
786 1
787 4
788 1
789 1
790 1
791 1
792 0
793 1
794 2
795 2
796 0
797 1
798 0
799 0
800 0
801 0
802 0
803 2
804 2
805 0
806 0
807 1
808 1
809 3
810 0
811 1
812 0
813 0
814 0
815 0
816 0
817 0
818 0
819 2
820 0
821 0
822 1
823 1
824 2
825 1
826 2
827 2
828 1
829 2
830 0
831 2
832 3
833 1
834 1
835 0
836 1
837 0
838 0
839 1
840 0
841 0
842 1
843 0
844 2
845 0
846 1
847 2
848 0
849 1
850 2
851 1
852 0
853 0
854 1
855 0
856 1
857 1
858 0
859 1
860 0
861 2
862 1
863 0
864 1
865 0
866 2
867 2
868 0
869 0
870 1
871 2
872 1
873 1
874 1
875 1
876 0
877 0
878 0
879 1
880 0
881 0
882 1
883 0
884 0
885 3
886 2
887 1
888 0
889 1
890 0
891 1
892 1
893 1
894 0
895 0
896 1
897 0
898 0
899 0
900 1
901 0
902 1
903 0
904 0
905 0
906 1
907 0
908 0
909 0
910 1
911 0
912 1
913 0
914 0
915 1
916 0
917 1
918 2
919 0
920 1
921 0
922 0
923 1
924 0
925 1
926 1
927 0
928 0
929 1
930 1
931 0
932 1
933 1
934 0
935 0
936 1
937 1
938 0
939 1
940 0
941 1
942 1
943 0
944 2
945 0
946 0
947 0
948 0
949 0
950 1
951 2
952 1
953 1
954 0
955 1
956 0
957 0
958 0
959 2
960 0
961 0
962 2
963 0
964 2
965 0
966 0
967 0
968 0
969 2
970 2
971 1
972 1
973 2
974 0
975 0
976 1
977 1
978 3
979 1
980 2
981 0
982 1
983 1
984 0
985 0
986 0
987 0
988 0
989 0
990 0
991 0
992 0
993 0
994 1
995 1
996 0
997 0
998 1
999 0
1000 0
1001 0
1002 0
1003 0
1004 1
1005 0
1006 1
1007 0
1008 0
1009 0
1010 0
1011 0
1012 0
1013 0
1014 0
1015 1
1016 1
1017 1
1018 0
1019 2
1020 0
1021 2
1022 0
1023 1
1024 0
1025 1
1026 1
1027 0
1028 1
1029 1
1030 0
1031 2
1032 0
1033 1
1034 0
1035 0
1036 0
1037 0
1038 1
1039 1
1040 1
1041 0
1042 0
1043 1
1044 1
1045 0
1046 1
1047 0
1048 2
1049 1
1050 0
1051 0
1052 2
1053 0
1054 1
1055 0
1056 0
1057 0
1058 0
1059 1
1060 1
1061 1
1062 0
1063 0
1064 1
1065 1
1066 1
1067 0
1068 1
1069 0
1070 1
1071 0
1072 0
1073 0
1074 0
1075 0
1076 2
1077 2
1078 0
1079 0
1080 0
1081 0
1082 1
1083 0
1084 0
1085 0
1086 0
1087 0
1088 0
1089 0
1090 0
1091 1
1092 0
1093 0
1094 1
1095 1
1096 0
1097 1
1098 1
1099 0
1100 1
1101 2
1102 0
1103 0
1104 0
1105 1
1106 0
1107 0
1108 2
1109 1
1110 0
1111 1
1112 0
1113 1
1114 1
1115 0
1116 1
1117 0
1118 1
1119 2
1120 0
1121 1
1122 2
1123 1
1124 1
1125 0
1126 1
1127 0
1128 1
1129 0
1130 0
1131 0
1132 1
1133 1
1134 1
1135 0
1136 0
1137 0
1138 0
1139 0
1140 0
1141 1
1142 0
1143 0
1144 1
1145 0
1146 1
1147 1
1148 2
1149 0
1150 0
1151 0
1152 1
1153 1
1154 1
1155 0
1156 2
1157 1
1158 2
1159 0
1160 1
1161 2
1162 3
1163 1
1164 0
1165 0
1166 1
1167 1
1168 1
1169 3
1170 2
1171 0
1172 1
1173 0
1174 1
1175 0
1176 0
1177 0
1178 0
1179 1
1180 0
1181 2
1182 0
1183 0
1184 0
1185 1
1186 1
1187 0
1188 1
1189 0
1190 0
1191 1
1192 1
1193 1
1194 1
1195 1
1196 0
1197 3
1198 3
1199 0
1200 1
1201 0
1202 0
1203 1
1204 0
1205 0
1206 0
1207 1
1208 1
1209 0
1210 0
1211 1
1212 1
1213 1
1214 0
1215 0
1216 1
1217 0
1218 0
1219 0
1220 0
1221 0
1222 0
1223 1
1224 0
1225 0
1226 1
1227 1
1228 0
1229 1
1230 0
1231 0
1232 0
1233 1
1234 1
1235 0
1236 1
1237 0
1238 2
1239 2
1240 1
1241 0
1242 0
1243 0
1244 0
1245 0
1246 0
1247 1
1248 2
1249 0
1250 0
1251 2
1252 2
1253 2
1254 3
1255 1
1256 0
1257 0
1258 0
1259 1
1260 0
1261 0
1262 0
1263 0
1264 2
1265 1
1266 1
1267 1
1268 0
1269 0
1270 1
1271 1
1272 0
1273 0
1274 0
1275 0
1276 1
1277 0
1278 0
1279 1
1280 1
1281 1
1282 1
1283 0
1284 0
1285 0
1286 1
1287 0
1288 1
1289 0
1290 2
1291 1
1292 0
1293 1
1294 1
1295 1
1296 1
1297 0
1298 0
1299 0
1300 0
1301 0
1302 0
1303 0
1304 0
1305 2
1306 1
1307 1
1308 0
1309 0
1310 0
1311 2
1312 0
1313 0
1314 0
1315 1
1316 0
1317 2
1318 0
1319 1
1320 0
1321 2
1322 1
1323 0
1324 1
1325 0
1326 2
1327 0
1328 1
1329 2
1330 0
1331 1
1332 1
1333 0
1334 0
1335 0
1336 0
1337 0
1338 0
1339 0
1340 2
1341 0
1342 0
1343 1
1344 0
1345 0
1346 0
1347 0
1348 0
1349 1
1350 0
1351 1
1352 0
1353 1
1354 0
1355 1
1356 0
1357 0
1358 0
1359 0
1360 0
1361 0
1362 1
1363 0
1364 1
1365 0
1366 1
1367 1
1368 1
1369 0
1370 0
1371 0
1372 1
1373 0
1374 0
1375 0
1376 0
1377 1
1378 1
1379 3
1380 0
1381 0
1382 0
1383 0
1384 1
1385 0
1386 0
1387 0
1388 0
1389 0
1390 1
1391 0
1392 0
1393 0
1394 0
1395 0
1396 1
1397 0
1398 0
1399 0
1400 1
1401 2
1402 2
1403 0
1404 0
1405 0
1406 0
1407 0
1408 0
1409 0
1410 0
1411 1
1412 1
1413 0
1414 0
1415 0
1416 1
1417 0
1418 0
1419 0
1420 2
1421 0
1422 0
1423 0
1424 1
1425 1
1426 1
1427 0
1428 0
1429 1
1430 0
1431 0
1432 0
1433 0
1434 0
1435 0
1436 1
1437 0
1438 0
1439 0
1440 1
1441 2
1442 0
1443 0
1444 0
1445 0
1446 0
1447 0
1448 0
1449 0
1450 0
1451 1
1452 0
1453 0
1454 1
1455 1
1456 0
1457 0
1458 0
1459 0
1460 0
1461 0
1462 1
1463 0
1464 0
1465 0
1466 0
1467 0
1468 1
1469 0
1470 0
1471 0
1472 2
1473 1
1474 1
1475 0
1476 0
1477 0
1478 0
1479 0
1480 0
1481 0
1482 0
1483 0
1484 1
1485 1
1486 1
1487 0
1488 0
1489 0
1490 0
1491 0
1492 1
1493 0
1494 0
1495 0
1496 1
1497 2
1498 0
1499 1
1500 2
1501 0
1502 0
1503 2
1504 1
1505 1
1506 0
1507 0
1508 0
1509 1
1510 2
1511 0
1512 0
1513 0
1514 0
1515 0
1516 0
1517 0
1518 0
1519 0
1520 0
1521 1
1522 0
1523 0
1524 0
1525 0
1526 0
1527 0
1528 0
1529 1
1530 0
1531 0
1532 0
1533 0
1534 1
1535 0
1536 0
1537 1
1538 0
1539 0
1540 1
1541 1
1542 0
1543 1
1544 0
1545 0
1546 0
1547 0
1548 0
1549 0
1550 0
1551 0
1552 1
1553 0
1554 0
1555 1
1556 0
1557 0
1558 0
1559 1
1560 0
1561 0
1562 0
1563 0
1564 0
1565 0
1566 0
1567 0
1568 0
1569 0
1570 0
1571 1
1572 0
1573 0
1574 0
1575 0
1576 1
1577 0
1578 0
1579 0
1580 1
1581 0
1582 0
1583 0
1584 0
1585 0
1586 0
1587 0
1588 0
1589 0
1590 0
1591 0
1592 0
1593 1
1594 0
1595 0
1596 0
1597 0
1598 0
1599 0
1600 0
1601 0
1602 1
1603 1
1604 0
1605 0
1606 0
1607 0
1608 1
1609 0
1610 0
1611 0
1612 0
1613 0
1614 0
1615 0
1616 0
1617 0
1618 0
1619 0
1620 0
1621 0
1622 0
1623 0
1624 0
1625 0
1626 1
1627 0
1628 0
1629 0
1630 0
1631 0
1632 0
1633 0
1634 0
1635 0
1636 0
1637 0
1638 0
1639 0
1640 0
1641 0
1642 0
1643 0
1644 0
1645 0
1646 0
1647 2
1648 0
1649 0
1650 0
1651 0
1652 0
1653 0
1654 0
1655 0
1656 0
1657 1
1658 0
1659 0
1660 0
1661 0
1662 0
1663 1
1664 0
1665 0
1666 0
1667 0
1668 0
1669 0
1670 0
1671 0
1672 0
1673 0
1674 0
1675 0
1676 0
1677 0
1678 0
1679 0
1680 0
1681 0
1682 0
1683 0
1684 0
1685 1
1686 1
1687 0
1688 2
1689 0
1690 0
1691 0
1692 2
1693 0
1694 0
1695 0
1696 0
1697 0
1698 0
1699 1
1700 0
1701 0
1702 0
1703 0
1704 1
1705 1
1706 0
1707 1
1708 0
1709 0
1710 0
1711 2
1712 0
1713 0
1714 0
1715 0
1716 0
1717 0
1718 0
1719 0
1720 0
1721 0
1722 1
1723 0
1724 0
1725 0
1726 0
1727 0
1728 0
1729 1
1730 0
1731 0
1732 0
1733 1
1734 0
1735 1
1736 0
1737 0
1738 1
1739 0
1740 0
1741 0
1742 0
1743 1
1744 0
1745 0
1746 0
1747 0
1748 0
1749 0
1750 0
1751 0
1752 0
1753 0
1754 0
1755 0
1756 0
1757 0
1758 0
1759 0
1760 0
1761 0
1762 0
1763 0
1764 0
1765 0
1766 0
1767 0
1768 0
1769 0
1770 0
1771 0
1772 0
1773 0
1774 0
1775 0
1776 0
1777 0
1778 0
1779 0
1780 0
1781 0
1782 0
1783 0
1784 0
1785 0
1786 0
1787 0
1788 0
1789 0
1790 0
1791 0
1792 0
1793 1
1794 0
1795 0
1796 0
1797 0
1798 0
1799 0
1800 0
1801 0
1802 0
1803 0
1804 0
1805 0
1806 0
1807 0
1808 0
1809 0
1810 0
1811 0
1812 0
1813 0
1814 0
1815 0
1816 0
1817 0
1818 0
1819 0
1820 0
1821 1
1822 0
1823 0
1824 0
1825 1
1826 0
1827 0
1828 0
1829 0
1830 0
1831 0
1832 0
1833 0
1834 0
1835 0
1836 2
1837 0
1838 0
1839 0
1840 0
1841 0
1842 1
1843 0
1844 0
1845 0
1846 1
1847 0
1848 0
1849 0
1850 0
1851 0
1852 1
1853 0
1854 0
1855 0
1856 0
1857 0
1858 0
1859 0
1860 0
1861 0
1862 0
1863 0
1864 0
1865 0
1866 0
1867 1
1868 0
1869 0
1870 0
1871 1
1872 0
1873 0
1874 0
1875 0
1876 0
1877 1
1878 0
1879 0
1880 0
1881 0
1882 0
1883 0
1884 1
1885 0
1886 1
1887 0
1888 0
1889 0
1890 1
1891 0
1892 0
1893 1
1894 1
1895 0
1896 0
1897 0
1898 0
1899 0
1900 0
1901 0
1902 0
1903 0
1904 0
1905 0
1906 0
1907 0
1908 0
1909 0
1910 1
1911 0
1912 0
1913 0
1914 0
1915 0
1916 0
1917 2
1918 0
1919 0
1920 0
1921 0
1922 0
1923 0
1924 0
1925 0
1926 2
1927 0
1928 1
1929 0
1930 0
1931 0
1932 0
1933 0
1934 0
1935 0
1936 0
1937 1
1938 0
1939 1
1940 0
1941 0
1942 0
1943 0
1944 0
1945 0
1946 0
1947 0
1948 0
1949 0
1950 0
1951 0
1952 0
1953 0
1954 0
1955 0
1956 0
1957 0
1958 0
1959 0
1960 0
1961 0
1962 0
1963 0
1964 0
1965 1
1966 0
1967 0
1968 0
1969 0
1970 0
1971 0
1972 0
1973 0
1974 0
1975 0
1976 0
1977 0
1978 0
1979 0
1980 0
1981 0
1982 0
1983 0
1984 0
1985 0
1986 0
1987 0
1988 0
1989 0
1990 0
1991 0
1992 0
1993 1
1994 0
1995 0
1996 0
1997 0
1998 0
1999 0
2000 0
2001 0
2002 0
2003 0
2004 0
2005 0
2006 0
2007 0
2008 0
2009 0
2010 0
2011 0
2012 0
2013 0
2014 0
2015 0
2016 0
2017 0
2018 0
2019 1
2020 0
2021 0
2022 0
2023 0
2024 1
2025 0
2026 0
2027 0
2028 0
2029 0
2030 0
2031 0
2032 0
2033 0
2034 0
2035 0
2036 0
2037 0
2038 0
2039 0
2040 0
2041 0
2042 0
2043 0
2044 0
2045 0
2046 0
2047 0
